0  0  0
1  0  1
1  28   0
2           28      0.21252
3           28      0.42504
4           28      0.61144
5           28      0.81512
6  28   1
6  71   0
7           71      0.15012
8           71      0.29584
9           71      0.43765
10           71      0.58284
11           71      0.72289
12           71      0.86318
13  71   1
13  72   0
14           72       0.1898
15           72       0.3741
16           72      0.57268
17           72      0.78849
18  72   1
18  73   0
19  73   1
19  74   0
20           74      0.48237
21  74   1
21  75   0
22           75      0.34726
23           75      0.70061
24  75   1
24  76   0
25           76      0.10929
26           76      0.20993
27           76      0.31138
28           76      0.41282
29           76      0.51415
30           76      0.61505
31           76      0.70699
32           76      0.80834
33           76      0.91002
34  76   1
34  77   0
35           77      0.19668
36           77      0.40434
37           77      0.60275
38           77      0.81029
39  77   1
39  78   0
40           78      0.15264
41           78      0.29536
42           78       0.4366
43           78      0.57361
44           78      0.71821
45           78      0.86313
46  78   1
46  79   0
47           79      0.18247
48           79      0.35786
49           79      0.53124
50           79      0.70506
51           79      0.86685
52  79   1
52  80   0
53           80      0.39259
54           80      0.71659
55  80   1
55  81   0
56  81   1
56  82   0
57  82   1
57  83   0
58           83      0.17178
59           83      0.38208
60           83      0.58807
61           83      0.80671
62  83   1
62  84   0
63           84      0.14826
64           84      0.28875
65           84      0.43118
66           84      0.57306
67           84      0.71464
68           84      0.85721
69  84   1
69  85   0
70           85      0.06099
71           85       0.1217
72           85      0.18292
73           85      0.24158
74           85      0.30235
75           85      0.35554
76           85      0.41597
77           85       0.4772
78           85      0.53813
79           85      0.59789
80           85      0.65692
81           85      0.71561
82           85      0.77619
83           85      0.83167
84           85      0.88794
85           85      0.94806
86  85   1
86  86   0
87           86      0.25675
88           86      0.50274
89           86      0.75213
90  86   1
90  87   0
91           87      0.47578
92  87   1
92  88   0
93           88      0.19053
94           88      0.39463
95           88      0.59978
96           88      0.79811
97  88   1
97  89   0
98           89       0.2522
99           89      0.50512
100            89       0.74705
101   89    1
101   29    0
102            29        0.1005
103            29       0.20113
104            29       0.30261
105            29       0.40372
106            29       0.50506
107            29        0.6057
108            29       0.70586
109            29       0.80369
110            29       0.90357
111   29    1
111   30    0
112            30       0.20325
113            30       0.39679
114            30        0.6024
115            30       0.81226
116   30    1
116   90    0
117            90       0.12999
118            90       0.25899
119            90       0.37909
120            90       0.50599
121            90        0.6297
122            90       0.75824
123            90       0.88204
124   90    1
124   91    0
125            91        0.3183
126            91       0.69348
127   91    1
127   92    0
128            92       0.03422
129            92       0.06391
130            92       0.09708
131            92       0.13057
132            92       0.16259
133            92       0.19534
134            92       0.22717
135            92       0.26021
136            92       0.29326
137            92       0.32643
138            92       0.35821
139            92       0.38675
140            92       0.41947
141            92       0.45189
142            92       0.48379
143            92        0.5165
144            92       0.54967
145            92       0.58178
146            92       0.61418
147            92        0.6476
148            92       0.68034
149            92       0.71254
150            92       0.74232
151            92        0.7747
152            92       0.80754
153            92       0.83958
154            92       0.87237
155            92       0.90447
156            92       0.93576
157            92       0.96843
158   92    1
158   93    0
159            93       0.05528
160            93       0.11328
161            93       0.16888
162            93       0.22735
163            93       0.28366
164            93       0.34167
165            93       0.39797
166            93       0.45457
167            93       0.51038
168            93       0.56639
169            93       0.61989
170            93       0.67343
171            93       0.72812
172            93       0.78484
173            93       0.82918
174            93       0.88637
175            93       0.94444
176   93    1
176   94    0
177            94       0.28861
178            94       0.64993
179   94    1
176   95    0
180            95        0.4655
181   95    1
158   96    0
182            96       0.07683
183            96       0.15357
184            96       0.23473
185            96       0.31769
186            96       0.39914
187            96       0.46153
188            96       0.54178
189            96        0.6336
190            96       0.72684
191            96       0.82043
192            96       0.91513
193   96    1
127   97    0
194            97       0.03642
195            97       0.07637
196            97       0.11393
197            97       0.14807
198            97       0.18687
199            97       0.22716
200            97       0.26741
201            97       0.30567
202            97       0.34325
203            97       0.38334
204            97       0.42042
205            97       0.46001
206            97       0.50043
207            97       0.54014
208            97       0.57809
209            97       0.61614
210            97       0.65604
211            97       0.69246
212            97       0.73145
213            97       0.77185
214            97       0.81181
215            97       0.85009
216            97       0.88873
217            97       0.92842
218            97       0.96737
219   97    1
219   98    0
220            98       0.14645
221            98       0.27922
222            98       0.41102
223            98       0.52236
224            98       0.66283
225            98       0.80386
226            98       0.86295
227   98    1
219   99    0
228            99       0.34353
229            99       0.67408
230   99    1
124  100    0
231           100       0.02908
232           100         0.058
233           100       0.07328
234           100       0.10471
235           100        0.1256
236           100       0.15619
237           100        0.1817
238           100       0.20554
239           100       0.23624
240           100       0.26748
241           100       0.29779
242           100       0.32706
243           100       0.34541
244           100       0.36906
245           100        0.3994
246           100       0.42966
247           100       0.46085
248           100       0.49071
249           100       0.52133
250           100       0.55258
251           100       0.58374
252           100       0.61467
253           100       0.64559
254           100       0.67577
255           100       0.70585
256           100       0.73607
257           100       0.76428
258           100        0.7954
259           100        0.8255
260           100         0.854
261           100       0.88453
262           100       0.91517
263           100        0.9295
264           100       0.95037
265           100       0.97946
266  100    1
116  101    0
267           101       0.02394
268           101       0.04663
269           101       0.06912
270           101       0.08832
271           101       0.10061
272           101       0.11883
273           101       0.14061
274           101       0.16183
275           101       0.18381
276           101       0.20023
277           101       0.20552
278           101       0.22312
279           101       0.24335
280           101       0.26498
281           101       0.28698
282           101        0.3088
283           101       0.33011
284           101       0.34857
285           101       0.36893
286           101       0.39167
287           101       0.41371
288           101       0.43401
289           101       0.45467
290           101       0.47696
291           101        0.4994
292           101       0.52178
293           101       0.53719
294           101        0.5601
295           101       0.58293
296           101       0.60566
297           101       0.62823
298           101       0.65003
299           101       0.66545
300           101       0.67296
301           101       0.68989
302           101        0.7115
303           101       0.73433
304           101       0.75731
305           101       0.77931
306           101       0.80196
307           101       0.82096
308           101       0.84387
309           101        0.8657
310           101       0.88739
311           101       0.90951
312           101       0.93229
313           101        0.9551
314           101       0.97738
315  101    1
111   31    0
316            31       0.12752
317            31       0.25793
318            31       0.39327
319            31       0.52795
320            31       0.66422
321            31       0.76085
322            31       0.88088
323   31    1
323  102    0
324           102       0.03582
325           102       0.07107
326           102        0.1065
327           102        0.1425
328           102       0.17854
329           102        0.2144
330           102       0.25044
331           102       0.28521
332           102       0.31872
333           102       0.35427
334           102       0.38087
335           102       0.41444
336           102       0.44903
337           102       0.48383
338           102       0.51604
339           102       0.52946
340           102       0.56552
341           102       0.60095
342           102        0.6264
343           102       0.65376
344           102       0.68841
345           102       0.72326
346           102       0.75938
347           102       0.79545
348           102       0.83117
349           102       0.86699
350           102       0.90256
351           102       0.92955
352           102       0.96472
353  102    1
111   32    0
354            32       0.11491
355            32       0.26661
356            32       0.41066
357            32       0.51978
358            32       0.56591
359            32       0.70966
360            32       0.85013
361   32    1
361  103    0
362           103       0.05021
363           103       0.09954
364           103       0.14887
365           103        0.1964
366           103       0.24313
367           103       0.28817
368           103       0.33878
369           103       0.38788
370           103       0.43617
371           103       0.48257
372           103       0.51941
373           103       0.56911
374           103       0.61703
375           103       0.66697
376           103       0.71469
377           103       0.76088
378           103       0.80352
379           103       0.85395
380           103       0.90242
381           103       0.95073
382  103    1
97  33   0
383            33       0.02961
384            33       0.06524
385            33       0.08799
386            33       0.12356
387            33       0.15756
388            33        0.1947
389            33       0.23263
390            33       0.25265
391            33       0.28952
392            33       0.32767
393            33       0.35971
394            33        0.3992
395            33       0.43871
396            33       0.47771
397            33       0.51568
398            33       0.55226
399            33       0.58983
400            33       0.62737
401            33       0.66621
402            33       0.70561
403            33       0.73677
404            33       0.77276
405            33       0.80927
406            33         0.847
407            33       0.88515
408            33       0.92397
409            33       0.96159
410   33    1
410  104    0
411           104       0.10009
412           104       0.18708
413           104       0.27202
414           104       0.37135
415           104       0.45603
416           104       0.55549
417           104        0.6577
418           104       0.75681
419           104       0.84222
420           104        0.9232
421           104       0.97094
422  104    1
92  34   0
423            34       0.03089
424            34       0.06021
425            34       0.09049
426            34       0.12056
427            34       0.14953
428            34       0.17972
429            34       0.20869
430            34       0.23766
431            34       0.26858
432            34       0.29835
433            34        0.3263
434            34       0.35649
435            34       0.38532
436            34       0.41389
437            34       0.43157
438            34       0.46115
439            34       0.49057
440            34       0.52095
441            34       0.55063
442            34       0.56969
443            34       0.59796
444            34       0.62759
445            34       0.65791
446            34       0.66658
447            34       0.69598
448            34       0.72523
449            34       0.75473
450            34       0.78528
451            34       0.81293
452            34       0.84188
453            34       0.85055
454            34       0.87807
455            34       0.90798
456            34       0.93888
457            34       0.96925
458   34    1
458  105    0
459           105       0.24052
460           105       0.46793
461           105       0.59802
462           105       0.75789
463  105    1
90  35   0
464            35       0.02967
465            35       0.05938
466            35       0.09077
467            35        0.1225
468            35       0.15086
469            35       0.17759
470            35       0.20469
471            35       0.23713
472            35       0.26853
473            35       0.30113
474            35        0.3313
475            35       0.36256
476            35       0.39505
477            35       0.42591
478            35        0.4548
479            35       0.48465
480            35       0.51721
481            35        0.5462
482            35       0.57654
483            35       0.60716
484            35       0.63931
485            35        0.6715
486            35        0.6983
487            35       0.72464
488            35       0.75244
489            35       0.78044
490            35       0.81235
491            35       0.84301
492            35       0.87514
493            35        0.9064
494            35       0.93744
495            35       0.96869
496   35    1
496  106    0
497           106       0.11218
498           106       0.21858
499           106         0.329
500           106       0.44159
501           106       0.55522
502           106       0.66719
503           106       0.78014
504           106       0.88554
505  106    1
86  36   0
506            36       0.18515
507            36        0.3537
508            36       0.50275
509            36       0.67289
510            36       0.83498
511   36    1
511   37    0
512            37       0.03351
513            37       0.06979
514            37        0.1056
515            37       0.14082
516            37       0.16694
517            37        0.1932
518            37       0.22461
519            37       0.25824
520            37       0.29303
521            37       0.32771
522            37       0.36352
523            37       0.39957
524            37       0.43434
525            37       0.46826
526            37       0.50409
527            37       0.53718
528            37       0.57145
529            37       0.60744
530            37       0.64163
531            37       0.67803
532            37       0.71433
533            37       0.74589
534            37       0.77679
535            37        0.8133
536            37       0.84967
537            37       0.88578
538            37       0.90729
539            37       0.93766
540            37       0.97403
541   37    1
511   38    0
542            38       0.04589
543            38       0.09003
544            38       0.13352
545            38       0.17707
546            38       0.21793
547            38       0.26232
548            38       0.30647
549            38        0.3455
550            38       0.38589
551            38       0.43077
552            38       0.47511
553            38       0.51916
554            38       0.56157
555            38        0.6059
556            38       0.65035
557            38       0.69469
558            38       0.73791
559            38       0.77881
560            38       0.82301
561            38        0.8682
562            38       0.91257
563            38       0.95645
564   38    1
69  39   0
565            39       0.14715
566            39       0.29196
567            39       0.43645
568            39       0.56343
569            39       0.70247
570            39       0.84794
571   39    1
62  40   0
572            40       0.02265
573            40       0.04294
574            40       0.06193
575            40       0.08171
576            40       0.10156
577            40       0.12145
578            40       0.14123
579            40       0.16134
580            40       0.18126
581            40       0.20107
582            40       0.22132
583            40       0.24035
584            40       0.25707
585            40       0.27651
586            40       0.29417
587            40       0.30371
588            40       0.32322
589            40       0.34362
590            40       0.36382
591            40       0.38363
592            40       0.40345
593            40       0.42171
594            40       0.44145
595            40       0.46098
596            40       0.48031
597            40       0.49948
598            40       0.52003
599            40       0.54055
600            40       0.56086
601            40       0.58056
602            40       0.60078
603            40       0.62057
604            40       0.64075
605            40       0.66078
606            40       0.67977
607            40       0.69947
608            40       0.71957
609            40        0.7389
610            40       0.75849
611            40       0.77841
612            40       0.79477
613            40       0.80493
614            40       0.82368
615            40       0.84339
616            40       0.86266
617            40       0.88314
618            40       0.90323
619            40       0.92297
620            40        0.9415
621            40       0.96045
622            40       0.97968
623   40    1
57  41   0
624            41       0.03216
625            41       0.06099
626            41       0.07283
627            41       0.10321
628            41       0.13511
629            41       0.15484
630            41       0.18834
631            41       0.21822
632            41        0.2518
633            41       0.28001
634            41       0.31293
635            41       0.34689
636            41       0.37905
637            41       0.41274
638            41       0.44111
639            41       0.47436
640            41       0.50535
641            41       0.53916
642            41       0.57241
643            41       0.60542
644            41       0.63782
645            41       0.66965
646            41       0.70349
647            41       0.73671
648            41       0.77106
649            41       0.80162
650            41       0.83573
651            41        0.8689
652            41        0.9032
653            41       0.93596
654            41       0.97019
655   41    1
56  42   0
656            42       0.01486
657            42       0.04814
658            42       0.07999
659            42       0.11272
660            42       0.14552
661            42       0.17224
662            42       0.20575
663            42       0.23794
664            42       0.26755
665            42       0.29872
666            42       0.32713
667            42       0.35702
668            42       0.38991
669            42       0.42259
670            42       0.45519
671            42       0.48622
672            42       0.51433
673            42       0.54274
674            42       0.57425
675            42       0.60536
676            42       0.63807
677            42       0.66903
678            42       0.70265
679            42       0.71673
680            42       0.72857
681            42       0.76095
682            42       0.78617
683            42       0.81706
684            42       0.84918
685            42        0.8813
686            42         0.911
687            42       0.93624
688            42       0.96908
689   42    1
56  43   0
690            43       0.05327
691            43       0.10763
692            43       0.16167
693            43       0.21286
694            43       0.26762
695            43       0.32029
696            43       0.37154
697            43       0.42588
698            43       0.46835
699            43       0.51471
700            43        0.5701
701            43       0.62463
702            43       0.67981
703            43       0.73396
704            43       0.78479
705            43       0.83939
706            43       0.89411
707            43       0.94653
708   43    1
55  44   0
709            44       0.03782
710            44       0.06706
711            44       0.10773
712            44       0.14424
713            44       0.17496
714            44       0.20544
715            44       0.22415
716            44       0.26237
717            44       0.29438
718            44       0.33624
719            44       0.37675
720            44       0.40389
721            44       0.42046
722            44       0.45365
723            44       0.48598
724            44       0.52678
725            44       0.56737
726            44       0.60784
727            44       0.64903
728            44       0.67803
729            44        0.7187
730            44       0.75896
731            44       0.79559
732            44       0.83646
733            44       0.87741
734            44       0.91847
735            44       0.95893
736   44    1
52  45   0
737            45       0.03689
738            45       0.07096
739            45       0.10085
740            45       0.13789
741            45       0.17273
742            45       0.20901
743            45       0.23742
744            45       0.26535
745            45       0.29699
746            45       0.33305
747            45       0.36683
748            45       0.40265
749            45       0.43828
750            45       0.47352
751            45       0.50929
752            45       0.54446
753            45       0.58064
754            45       0.61481
755            45       0.64948
756            45       0.68617
757            45       0.71581
758            45       0.75199
759            45       0.78797
760            45         0.825
761            45       0.86198
762            45       0.89516
763            45       0.93213
764            45       0.96917
765   45    1
52  46   0
766            46       0.09614
767            46       0.17533
768            46       0.22205
769            46       0.30084
770            46       0.36222
771            46       0.41684
772            46       0.50115
773            46       0.58531
774            46         0.666
775            46        0.7518
776            46       0.83115
777            46       0.91447
778   46    1
46  47   0
779            47         0.036
780            47       0.07128
781            47       0.10655
782            47       0.14264
783            47       0.17063
784            47       0.20453
785            47       0.23829
786            47       0.27116
787            47        0.3048
788            47         0.338
789            47       0.37182
790            47       0.40645
791            47       0.44002
792            47       0.47528
793            47       0.50917
794            47       0.54449
795            47       0.57749
796            47       0.61265
797            47       0.65054
798            47       0.68826
799            47       0.72642
800            47       0.76123
801            47       0.79712
802            47       0.83283
803            47       0.86238
804            47       0.89159
805            47       0.92957
806            47       0.96757
807   47    1
39  48   0
808            48       0.01963
809            48       0.03732
810            48       0.05458
811            48        0.0721
812            48       0.08887
813            48       0.10566
814            48       0.12146
815            48       0.13902
816            48       0.15661
817            48       0.17392
818            48       0.19058
819            48       0.20341
820            48       0.21913
821            48       0.23644
822            48        0.2538
823            48       0.27146
824            48       0.28905
825            48       0.30545
826            48       0.32284
827            48       0.33966
828            48       0.35452
829            48       0.36616
830            48       0.38345
831            48       0.40084
832            48       0.41729
833            48       0.43407
834            48       0.44739
835            48       0.46519
836            48       0.47863
837            48        0.4868
838            48       0.50382
839            48       0.52144
840            48       0.53922
841            48       0.55602
842            48       0.57338
843            48       0.59028
844            48       0.60805
845            48       0.62586
846            48        0.6431
847            48       0.66042
848            48       0.67735
849            48       0.69413
850            48       0.71096
851            48       0.72742
852            48       0.74427
853            48       0.76067
854            48       0.77796
855            48       0.79534
856            48       0.81239
857            48       0.82941
858            48       0.84719
859            48       0.86409
860            48       0.88134
861            48       0.89855
862            48       0.91476
863            48       0.93095
864            48       0.94877
865            48       0.96628
866            48       0.98294
867   48    1
867  107    0
868           107       0.10223
869           107       0.19889
870           107       0.30099
871           107       0.40246
872           107       0.49844
873           107       0.59836
874           107       0.69797
875           107       0.79748
876           107       0.89679
877  107    1
34  49   0
878            49       0.02893
879            49       0.05345
880            49       0.07146
881            49       0.09642
882            49        0.1216
883            49       0.14572
884            49       0.16757
885            49       0.18374
886            49       0.20499
887            49       0.22751
888            49       0.25281
889            49       0.27746
890            49       0.30182
891            49       0.32611
892            49       0.35095
893            49       0.37572
894            49       0.39481
895            49        0.4198
896            49       0.44499
897            49       0.46896
898            49       0.49296
899            49       0.51733
900            49          0.54
901            49       0.56288
902            49        0.5816
903            49       0.60285
904            49       0.62623
905            49       0.65015
906            49       0.66656
907            49       0.68847
908            49       0.71114
909            49       0.72136
910            49       0.74288
911            49        0.7653
912            49       0.78973
913            49       0.80972
914            49       0.83334
915            49       0.85896
916            49       0.88356
917            49       0.90754
918            49       0.93098
919            49        0.9569
920            49       0.97976
921   49    1
24  50   0
922            50       0.19102
923            50       0.35255
924            50       0.51644
925            50       0.68346
926            50       0.84989
927   50    1
927   51    0
928            51       0.04288
929            51        0.0833
930            51       0.12378
931            51       0.16392
932            51       0.20482
933            51       0.24298
934            51       0.28416
935            51       0.32506
936            51        0.3656
937            51       0.39007
938            51       0.43121
939            51       0.47206
940            51       0.51233
941            51       0.53864
942            51       0.57788
943            51       0.61811
944            51       0.65693
945            51        0.6981
946            51        0.7357
947            51       0.77434
948            51       0.80784
949            51       0.84397
950            51       0.88325
951            51       0.92359
952            51       0.95985
953   51    1
927   52    0
954            52       0.08815
955            52         0.177
956            52       0.26505
957            52       0.36228
958            52       0.45175
959            52       0.54711
960            52       0.63139
961            52       0.73352
962            52       0.79064
963            52        0.8935
964   52    1
21  53   0
965            53       0.06751
966            53       0.13814
967            53       0.21139
968            53       0.28729
969            53       0.35291
970            53       0.41129
971            53       0.48479
972            53       0.55496
973            53       0.62841
974            53       0.70375
975            53       0.77785
976            53       0.85342
977            53        0.9239
978   53    1
978   54    0
979            54       0.02219
980            54       0.04475
981            54       0.06957
982            54       0.08277
983            54       0.10852
984            54       0.13373
985            54       0.16176
986            54       0.19025
987            54       0.21903
988            54       0.24763
989            54       0.27636
990            54       0.30461
991            54       0.33222
992            54       0.35855
993            54       0.38661
994            54       0.41298
995            54       0.44102
996            54       0.46926
997            54       0.49766
998            54       0.52635
999            54         0.554
1000             54        0.58179
1001             54        0.60972
1002             54        0.63711
1003             54        0.66438
1004             54        0.69266
1005             54        0.71918
1006             54        0.74734
1007             54        0.77518
1008             54        0.80338
1009             54        0.83153
1010             54        0.85905
1011             54        0.88649
1012             54        0.91406
1013             54        0.94191
1014             54        0.96811
1015             54        0.99569
1016    54     1
978   55    0
1017             55        0.03764
1018             55        0.07922
1019             55        0.11586
1020             55        0.15149
1021             55         0.1894
1022             55        0.23119
1023             55        0.26486
1024             55        0.30303
1025             55        0.34404
1026             55        0.38281
1027             55         0.4228
1028             55        0.46293
1029             55        0.50191
1030             55        0.54377
1031             55        0.58335
1032             55        0.62299
1033             55        0.66477
1034             55        0.70376
1035             55        0.73738
1036             55         0.7764
1037             55         0.8155
1038             55        0.85659
1039             55        0.89631
1040             55        0.93559
1041             55        0.97472
1042    55     1
19  56   0
1043             56        0.02817
1044             56         0.0583
1045             56        0.08748
1046             56        0.11764
1047             56        0.14756
1048             56        0.17718
1049             56        0.20643
1050             56        0.23604
1051             56        0.26558
1052             56         0.2938
1053             56        0.32233
1054             56        0.35082
1055             56        0.37933
1056             56        0.40873
1057             56        0.43592
1058             56        0.46516
1059             56        0.49456
1060             56        0.52444
1061             56        0.55168
1062             56        0.57963
1063             56        0.60825
1064             56        0.63782
1065             56         0.6655
1066             56        0.69398
1067             56        0.72257
1068             56        0.75234
1069             56        0.77905
1070             56        0.80799
1071             56        0.83713
1072             56        0.86633
1073             56         0.8948
1074             56        0.91895
1075             56        0.94366
1076             56        0.97258
1077    56     1
18  57   0
1078             57        0.10671
1079             57        0.21513
1080             57        0.31717
1081             57        0.42422
1082             57        0.53294
1083             57         0.6336
1084             57         0.7418
1085             57         0.8092
1086             57        0.89927
1087    57     1
1087    58     0
1088             58        0.02535
1089             58         0.0527
1090             58        0.07934
1091             58        0.10695
1092             58        0.13509
1093             58        0.16026
1094             58        0.18702
1095             58        0.21234
1096             58         0.2398
1097             58        0.26874
1098             58        0.29677
1099             58        0.32573
1100             58         0.3532
1101             58        0.37793
1102             58        0.40637
1103             58        0.43477
1104             58        0.46358
1105             58        0.49068
1106             58        0.51806
1107             58        0.54435
1108             58         0.5699
1109             58        0.59882
1110             58        0.62724
1111             58        0.65512
1112             58        0.67738
1113             58        0.70576
1114             58        0.73244
1115             58        0.76158
1116             58        0.79043
1117             58        0.81724
1118             58        0.84523
1119             58        0.87336
1120             58        0.89103
1121             58        0.91992
1122             58        0.94677
1123             58         0.9709
1124    58     1
1087    59     0
1125             59        0.09701
1126             59        0.20987
1127             59        0.32236
1128             59        0.42864
1129             59        0.54381
1130             59        0.65882
1131             59        0.77247
1132             59        0.88648
1133    59     1
13  60   0
1134    60     1
1134    61     0
1135             61        0.03536
1136             61        0.07008
1137             61        0.10426
1138             61        0.13882
1139             61        0.17196
1140             61         0.2053
1141             61        0.23849
1142             61        0.26986
1143             61        0.30388
1144             61        0.33821
1145             61        0.37217
1146             61        0.40161
1147             61        0.43457
1148             61        0.46917
1149             61        0.50091
1150             61        0.53412
1151             61        0.56722
1152             61        0.59935
1153             61         0.6331
1154             61        0.66712
1155             61        0.70028
1156             61        0.73376
1157             61        0.76575
1158             61        0.79999
1159             61        0.83345
1160             61        0.86664
1161             61        0.89967
1162             61        0.93266
1163             61        0.96738
1164    61     1
1164    62     0
1165             62        0.02201
1166             62        0.04865
1167             62        0.07516
1168             62        0.10048
1169             62         0.1222
1170             62         0.1483
1171             62        0.17526
1172             62        0.20112
1173             62        0.22612
1174             62         0.2525
1175             62         0.2742
1176             62        0.29914
1177             62        0.32316
1178             62        0.34384
1179             62        0.36879
1180             62        0.39608
1181             62        0.42295
1182             62        0.44951
1183             62        0.47585
1184             62        0.50221
1185             62        0.52871
1186             62        0.55527
1187             62        0.58097
1188             62        0.60668
1189             62        0.63155
1190             62        0.65695
1191             62        0.68382
1192             62        0.71034
1193             62        0.73638
1194             62        0.76203
1195             62        0.78778
1196             62        0.81466
1197             62        0.84101
1198             62        0.86738
1199             62        0.89292
1200             62        0.91929
1201             62        0.94631
1202             62        0.97257
1203    62     1
1164    63     0
1204             63         0.0658
1205             63        0.14356
1206             63        0.22121
1207             63        0.29982
1208             63         0.3833
1209             63        0.44317
1210             63        0.51852
1211             63        0.59715
1212             63        0.67071
1213             63         0.7412
1214             63        0.77028
1215             63        0.84283
1216             63        0.91731
1217    63     1
1217    64     0
1218             64        0.14631
1219             64        0.29221
1220             64        0.43561
1221             64        0.57858
1222             64        0.71955
1223             64        0.85643
1224    64     1
1217    65     0
1225    65     1
1134    66     0
1226             66        0.02035
1227             66        0.03974
1228             66         0.0591
1229             66        0.07842
1230             66        0.09758
1231             66        0.11682
1232             66        0.13533
1233             66        0.15465
1234             66        0.17409
1235             66        0.19313
1236             66         0.2123
1237             66        0.23069
1238             66        0.24915
1239             66        0.26763
1240             66        0.28707
1241             66        0.30608
1242             66        0.32495
1243             66        0.34351
1244             66        0.36134
1245             66        0.38037
1246             66        0.39917
1247             66        0.41803
1248             66        0.43633
1249             66        0.45439
1250             66        0.47222
1251             66        0.49089
1252             66        0.50897
1253             66        0.52678
1254             66        0.54498
1255             66        0.56311
1256             66         0.5816
1257             66        0.60005
1258             66        0.61862
1259             66        0.63683
1260             66         0.6542
1261             66        0.67238
1262             66        0.69085
1263             66        0.70805
1264             66        0.72586
1265             66        0.74392
1266             66        0.76213
1267             66        0.78047
1268             66        0.79934
1269             66        0.81848
1270             66        0.83626
1271             66        0.85451
1272             66        0.87266
1273             66        0.89078
1274             66        0.90927
1275             66         0.9283
1276             66        0.94542
1277             66        0.96247
1278             66        0.98181
1279    66     1
13  67   0
1280             67        0.10496
1281             67        0.23775
1282             67        0.36852
1283             67        0.50051
1284             67        0.62056
1285             67        0.74772
1286             67         0.8851
1287    67     1
1287    68     0
1288             68        0.02183
1289             68        0.04761
1290             68        0.07282
1291             68        0.09853
1292             68        0.12287
1293             68        0.14839
1294             68         0.1723
1295             68        0.19559
1296             68        0.22006
1297             68        0.24403
1298             68        0.26953
1299             68        0.29405
1300             68        0.32011
1301             68        0.34598
1302             68        0.36849
1303             68        0.38994
1304             68        0.41505
1305             68        0.43962
1306             68        0.45871
1307             68        0.47613
1308             68        0.50174
1309             68         0.5273
1310             68        0.55127
1311             68        0.57665
1312             68        0.60144
1313             68        0.62647
1314             68        0.65244
1315             68        0.67805
1316             68        0.70338
1317             68        0.72882
1318             68        0.75457
1319             68        0.77981
1320             68        0.80194
1321             68         0.8244
1322             68        0.84685
1323             68        0.87195
1324             68        0.89565
1325             68        0.91086
1326             68        0.93617
1327             68        0.95918
1328             68        0.97906
1329    68     1
1287    69     0
1330             69        0.02488
1331             69        0.04632
1332             69         0.0689
1333             69        0.08661
1334             69        0.10278
1335             69        0.12705
1336             69        0.15046
1337             69        0.16873
1338             69        0.19146
1339             69        0.21806
1340             69        0.24528
1341             69         0.2714
1342             69        0.29884
1343             69        0.32605
1344             69        0.35153
1345             69        0.37666
1346             69        0.40029
1347             69        0.42179
1348             69        0.44254
1349             69        0.46918
1350             69        0.49271
1351             69        0.52019
1352             69        0.53966
1353             69        0.56432
1354             69        0.59097
1355             69        0.60919
1356             69        0.63049
1357             69        0.65703
1358             69        0.68278
1359             69        0.70821
1360             69        0.73498
1361             69        0.76194
1362             69        0.78936
1363             69        0.80705
1364             69        0.83298
1365             69        0.85346
1366             69        0.87111
1367             69        0.89591
1368             69        0.92279
1369             69        0.94728
1370             69        0.97323
1371    69     1
6  70   0
1372             70        0.02058
1373             70        0.03754
1374             70          0.059
1375             70        0.08138
1376             70        0.10376
1377             70        0.12574
1378             70        0.14741
1379             70         0.1678
1380             70        0.18914
1381             70        0.21145
1382             70        0.23385
1383             70        0.25645
1384             70        0.27827
1385             70        0.30024
1386             70        0.32184
1387             70        0.34041
1388             70        0.35582
1389             70        0.37706
1390             70        0.39862
1391             70        0.42054
1392             70         0.4406
1393             70        0.45969
1394             70        0.47313
1395             70        0.49225
1396             70        0.51023
1397             70        0.52962
1398             70        0.55135
1399             70        0.56925
1400             70        0.58857
1401             70        0.61102
1402             70        0.63194
1403             70        0.65437
1404             70        0.67689
1405             70         0.6985
1406             70        0.72119
1407             70        0.74336
1408             70        0.76578
1409             70        0.78819
1410             70         0.8099
1411             70        0.83159
1412             70        0.85349
1413             70        0.87584
1414             70        0.89808
1415             70        0.91964
1416             70        0.94046
1417             70        0.95907
1418             70        0.97813
1419    70     1
1  1  0
1420              1        0.33333
1421              1        0.66667
1422     1     1
1422   108     0
1423            108         0.1765
1424            108        0.38238
1425            108        0.58825
1426            108        0.79413
1427   108     1
1427     3     0
1428              3        0.11628
1429              3        0.30081
1430              3        0.46589
1431              3        0.65033
1432              3        0.82067
1433     3     1
1433     4     0
1434              4        0.41203
1435     4     1
1435     5     0
1436              5        0.03726
1437              5        0.07819
1438              5        0.11698
1439              5        0.16008
1440              5        0.20827
1441              5        0.25161
1442              5        0.29977
1443              5        0.33452
1444              5        0.38141
1445              5        0.43006
1446              5        0.47796
1447              5        0.52626
1448              5        0.57365
1449              5        0.62233
1450              5        0.67026
1451              5        0.70967
1452              5        0.75427
1453              5        0.80345
1454              5        0.85285
1455              5         0.9017
1456              5        0.95147
1457     5     1
1457     6     0
1458              6        0.05775
1459              6        0.11129
1460              6        0.16187
1461              6        0.21021
1462              6        0.26492
1463              6        0.31883
1464              6        0.37409
1465              6         0.4267
1466              6        0.47939
1467              6        0.52871
1468              6        0.57763
1469              6        0.63051
1470              6        0.67791
1471              6        0.73125
1472              6        0.78672
1473              6        0.84251
1474              6        0.89675
1475              6        0.94853
1476     6     1
1476     7     0
1477              7        0.03403
1478              7        0.06467
1479              7        0.09744
1480              7         0.1297
1481              7         0.1636
1482              7        0.19658
1483              7        0.22954
1484              7        0.25983
1485              7        0.29034
1486              7        0.32243
1487              7        0.35332
1488              7        0.38656
1489              7        0.41894
1490              7        0.44714
1491              7        0.47776
1492              7         0.5115
1493              7        0.54474
1494              7        0.57738
1495              7        0.61043
1496              7        0.64097
1497              7        0.67431
1498              7        0.70403
1499              7        0.73438
1500              7        0.76561
1501              7        0.79962
1502              7        0.83206
1503              7        0.86523
1504              7        0.89768
1505              7        0.93038
1506              7        0.96383
1507              7        0.99754
1508     7     1
1476     8     0
1509              8        0.03661
1510              8        0.07443
1511              8        0.11331
1512              8        0.15264
1513              8        0.19205
1514              8        0.22786
1515              8        0.26717
1516              8        0.30732
1517              8        0.34511
1518              8        0.38535
1519              8        0.42458
1520              8        0.46436
1521              8        0.50498
1522              8        0.54561
1523              8        0.58228
1524              8        0.61962
1525              8        0.65813
1526              8        0.69246
1527              8         0.7325
1528              8        0.77283
1529              8        0.81004
1530              8        0.84939
1531              8        0.88672
1532              8        0.92588
1533              8        0.96244
1534              8        0.98345
1535     8     1
1457     9     0
1536              9        0.03111
1537              9        0.06338
1538              9        0.09488
1539              9        0.12343
1540              9        0.15629
1541              9        0.18734
1542              9         0.2196
1543              9        0.25161
1544              9        0.28294
1545              9        0.31536
1546              9        0.34776
1547              9        0.38007
1548              9        0.41093
1549              9        0.44353
1550              9        0.47569
1551              9        0.50544
1552              9        0.53686
1553              9        0.56722
1554              9        0.59894
1555              9        0.63004
1556              9        0.65929
1557              9        0.68956
1558              9        0.71973
1559              9        0.75214
1560              9        0.78452
1561              9        0.81281
1562              9        0.84229
1563              9        0.87335
1564              9        0.90604
1565              9         0.9371
1566              9        0.96745
1567     9     1
1435    10     0
1568    10     1
1568    11     0
1569             11        0.02305
1570             11        0.04595
1571             11        0.07145
1572             11        0.09652
1573             11        0.12031
1574             11        0.14514
1575             11        0.16898
1576             11        0.19409
1577             11        0.21889
1578             11        0.24397
1579             11        0.26903
1580             11        0.29192
1581             11        0.31327
1582             11        0.33739
1583             11        0.36163
1584             11        0.38175
1585             11          0.407
1586             11        0.43188
1587             11        0.45481
1588             11        0.47257
1589             11        0.49601
1590             11        0.52056
1591             11        0.54201
1592             11        0.56708
1593             11        0.59225
1594             11        0.61637
1595             11        0.64101
1596             11         0.6659
1597             11        0.68815
1598             11         0.7135
1599             11        0.73817
1600             11        0.75828
1601             11        0.78234
1602             11         0.8062
1603             11        0.82986
1604             11        0.85466
1605             11        0.87982
1606             11        0.90446
1607             11        0.92941
1608             11        0.95259
1609             11        0.97693
1610    11     1
1610    12     0
1611             12        0.04582
1612             12        0.09054
1613             12        0.13372
1614             12        0.17742
1615             12        0.21099
1616             12        0.25466
1617             12        0.30044
1618             12        0.33162
1619             12        0.37438
1620             12        0.39112
1621             12        0.42273
1622             12        0.46163
1623             12        0.49955
1624             12        0.53381
1625             12        0.55067
1626             12        0.59052
1627             12        0.61356
1628             12        0.65629
1629             12        0.70035
1630             12        0.74557
1631             12        0.78417
1632             12        0.80426
1633             12        0.84732
1634             12        0.89245
1635             12        0.93539
1636             12        0.97487
1637    12     1
1610    13     0
1638             13        0.06178
1639             13        0.11443
1640             13        0.16124
1641             13        0.21318
1642             13        0.26045
1643             13        0.31417
1644             13        0.36712
1645             13        0.41772
1646             13        0.47324
1647             13        0.52389
1648             13        0.57815
1649             13        0.63057
1650             13        0.68427
1651             13        0.73856
1652             13         0.7936
1653             13        0.84776
1654             13        0.89778
1655             13        0.94734
1656    13     1
1568    14     0
1657             14         0.1146
1658             14        0.24052
1659             14        0.36792
1660             14        0.49551
1661             14         0.6214
1662             14        0.74787
1663             14        0.87762
1664    14     1
1664    15     0
1665             15        0.38153
1666             15        0.66466
1667    15     1
1664    16     0
1668             16        0.33088
1669             16         0.6624
1670    16     1
1433    17     0
1671             17        0.10185
1672             17        0.21664
1673             17        0.33219
1674             17        0.44873
1675             17        0.56043
1676             17        0.67421
1677             17        0.78974
1678             17        0.90432
1679    17     1
1427    18     0
1680    18     1
1680    19     0
1681             19        0.28209
1682             19          0.518
1683             19        0.76087
1684    19     1
1684    20     0
1685             20          0.474
1686    20     1
1686    21     0
1687    21     1
1687    22     0
1688             22        0.04667
1689             22        0.10468
1690             22        0.16248
1691             22        0.22065
1692             22        0.27647
1693             22        0.33484
1694             22        0.39156
1695             22        0.44913
1696             22        0.50768
1697             22        0.56553
1698             22        0.62325
1699             22        0.68099
1700             22        0.73525
1701             22         0.7826
1702             22        0.83291
1703             22        0.88811
1704             22        0.94489
1705    22     1
1705    23     0
1706             23        0.01594
1707             23        0.03162
1708             23        0.04652
1709             23        0.06227
1710             23        0.07795
1711             23        0.09357
1712             23         0.1092
1713             23         0.1245
1714             23        0.13992
1715             23        0.15575
1716             23        0.16903
1717             23        0.18476
1718             23         0.2005
1719             23        0.21637
1720             23        0.22852
1721             23        0.24418
1722             23        0.25947
1723             23        0.27535
1724             23        0.29067
1725             23        0.30611
1726             23        0.32082
1727             23        0.33644
1728             23        0.35217
1729             23        0.36733
1730             23        0.38299
1731             23        0.39868
1732             23        0.41399
1733             23        0.42947
1734             23        0.44514
1735             23        0.46051
1736             23        0.47608
1737             23        0.48865
1738             23        0.50084
1739             23        0.51544
1740             23        0.52692
1741             23        0.54217
1742             23        0.55622
1743             23        0.57131
1744             23        0.58706
1745             23        0.60086
1746             23        0.61442
1747             23        0.62916
1748             23        0.63814
1749             23        0.65229
1750             23        0.66737
1751             23        0.68047
1752             23        0.69568
1753             23          0.711
1754             23        0.72644
1755             23        0.74179
1756             23        0.75625
1757             23        0.77162
1758             23         0.7865
1759             23        0.80171
1760             23        0.81597
1761             23        0.83026
1762             23        0.84572
1763             23        0.85938
1764             23        0.87473
1765             23        0.88953
1766             23        0.90547
1767             23        0.91649
1768             23        0.91976
1769             23        0.93505
1770             23        0.94996
1771             23        0.96358
1772             23        0.97752
1773             23        0.98997
1774    23     1
1705    24     0
1775             24         0.0225
1776             24        0.04147
1777             24        0.06216
1778             24        0.07841
1779             24        0.09891
1780             24        0.11929
1781             24        0.13668
1782             24        0.15545
1783             24        0.17509
1784             24        0.19591
1785             24        0.21135
1786             24        0.22983
1787             24        0.24715
1788             24        0.26729
1789             24        0.28786
1790             24        0.30746
1791             24         0.3279
1792             24        0.34832
1793             24        0.36885
1794             24        0.38923
1795             24        0.40995
1796             24        0.42924
1797             24        0.44852
1798             24        0.46733
1799             24        0.48786
1800             24         0.5081
1801             24        0.52805
1802             24        0.54847
1803             24        0.56814
1804             24         0.5874
1805             24        0.60734
1806             24        0.62252
1807             24        0.63917
1808             24        0.65932
1809             24        0.67988
1810             24        0.69985
1811             24        0.71579
1812             24        0.73563
1813             24        0.75531
1814             24         0.7649
1815             24        0.78484
1816             24         0.8049
1817             24        0.82472
1818             24        0.84513
1819             24        0.86554
1820             24        0.88489
1821             24        0.90479
1822             24        0.92492
1823             24        0.94167
1824             24         0.9618
1825             24         0.9813
1826    24     1
1687    25     0
1827             25        0.19465
1828             25        0.38397
1829             25         0.4924
1830             25        0.62296
1831             25        0.80785
1832    25     1
1686    26     0
1833             26        0.06053
1834             26        0.11478
1835             26        0.17454
1836             26        0.23501
1837             26        0.29353
1838             26        0.35222
1839             26         0.4102
1840             26        0.47037
1841             26        0.53026
1842             26        0.58876
1843             26         0.6456
1844             26        0.70395
1845             26        0.76383
1846             26        0.82206
1847             26        0.87999
1848             26        0.93966
1849    26     1
1684    27     0
1850             27        0.06365
1851             27        0.13249
1852             27        0.20102
1853             27        0.26751
1854             27        0.33707
1855             27        0.39755
1856             27        0.46837
1857             27        0.53632
1858             27        0.60659
1859             27         0.6761
1860             27        0.74477
1861             27        0.81198
1862             27        0.87975
1863             27        0.94989
1864    27     1
1680   109     0
1865            109        0.04173
1866            109        0.07676
1867            109        0.11191
1868            109        0.14741
1869            109        0.18164
1870            109        0.21734
1871            109        0.25298
1872            109        0.28661
1873            109        0.32245
1874            109        0.35473
1875            109        0.38735
1876            109        0.42328
1877            109        0.45499
1878            109         0.4855
1879            109        0.51691
1880            109        0.55189
1881            109        0.58556
1882            109        0.61765
1883            109        0.64932
1884            109        0.68058
1885            109        0.71008
1886            109        0.74042
1887            109        0.77265
1888            109        0.80403
1889            109        0.83512
1890            109        0.87017
1891            109        0.90515
1892            109        0.94094
1893            109        0.97252
1894   109     1
1422     2     0
1895              2        0.33333
1896              2        0.66667
1897     2     1
