0  0  0
1           0       2e-05
2           0     0.50001
3  0  1
3  1  0
4  1  1
4  2  0
5           2     0.20711
6           2     0.33926
7           2     0.47141
8           2     0.60356
9           2      0.7357
10            2      0.86785
11   2   1
11  42   0
12  42   1
12  43   0
13           43      0.12472
14           43      0.23484
15           43      0.34495
16           43      0.45064
17           43      0.56076
18           43      0.67087
19           43      0.78098
20           43       0.8911
21  43   1
21  86   0
22  86   1
22  87   0
23           87      0.21737
24           87      0.42199
25           87       0.6068
26           87      0.80994
27  87   1
27  88   0
28           88       0.0408
29           88      0.07964
30           88       0.1181
31           88      0.15467
32           88      0.19328
33           88      0.23191
34           88      0.27051
35           88      0.30968
36           88      0.34556
37           88      0.38474
38           88      0.42391
39           88      0.46309
40           88      0.50224
41           88      0.54103
42           88      0.57978
43           88      0.61868
44           88      0.65784
45           88        0.697
46           88      0.73618
47           88      0.77526
48           88      0.81269
49           88      0.85094
50           88      0.89012
51           88      0.92889
52           88      0.96083
53  88   1
53  89   0
54           89      0.03604
55           89      0.08896
56           89      0.14247
57           89      0.19667
58           89      0.22117
59           89      0.27493
60           89      0.32774
61           89      0.37878
62           89      0.43294
63           89      0.48517
64           89      0.53657
65           89      0.58784
66           89      0.64004
67           89      0.69171
68           89      0.73835
69           89      0.78808
70           89       0.8419
71           89      0.89537
72           89      0.94665
73  89   1
73  44   0
74           44       0.1251
75           44      0.24734
76           44       0.3736
77           44      0.49954
78           44      0.62412
79           44      0.75005
80           44      0.87522
81  44   1
81  90   0
82           90      0.20376
83           90      0.40787
84           90      0.61096
85           90      0.81304
86  90   1
86  91   0
87           91      0.08685
88           91      0.17967
89           91      0.27181
90           91      0.35585
91           91      0.44662
92           91      0.53985
93           91      0.63299
94           91      0.72489
95           91      0.81772
96           91      0.91066
97  91   1
97  92   0
98           92      0.25706
99           92      0.51443
100            92       0.77694
101   92    1
101   93    0
102            93       0.12553
103            93       0.23509
104            93       0.34414
105            93       0.45328
106            93       0.55913
107            93       0.67015
108            93       0.78042
109            93       0.89084
110   93    1
110   94    0
111            94       0.05317
112            94       0.10664
113            94        0.1601
114            94       0.21257
115            94       0.26389
116            94       0.31666
117            94       0.37008
118            94       0.42249
119            94       0.47591
120            94       0.52922
121            94       0.58061
122            94       0.63351
123            94       0.68473
124            94        0.7349
125            94       0.78841
126            94       0.84183
127            94       0.89386
128            94       0.94663
129   94    1
129   46    0
130   46    1
130   47    0
131            47       0.10866
132            47        0.2214
133            47       0.33414
134            47       0.44391
135            47       0.55619
136            47       0.66488
137            47        0.7753
138            47       0.88784
139   47    1
139   95    0
140            95       0.16357
141            95       0.32816
142            95         0.498
143            95        0.6604
144            95       0.83174
145   95    1
145   96    0
146            96       0.02179
147            96       0.04778
148            96       0.07367
149            96       0.09873
150            96       0.12472
151            96       0.15081
152            96       0.17659
153            96       0.20133
154            96       0.22654
155            96       0.25225
156            96       0.27732
157            96       0.30019
158            96       0.32459
159            96       0.34864
160            96       0.37413
161            96       0.39995
162            96        0.4256
163            96       0.45137
164            96       0.47686
165            96       0.50278
166            96       0.52883
167            96        0.5543
168            96       0.57969
169            96       0.60545
170            96       0.63155
171            96       0.65634
172            96       0.68042
173            96         0.705
174            96       0.73084
175            96       0.74817
176            96       0.77362
177            96       0.79891
178            96       0.82304
179            96       0.84787
180            96       0.87385
181            96       0.89927
182            96       0.92536
183            96       0.94891
184            96       0.97413
185   96    1
145   97    0
186            97       0.06606
187            97       0.11115
188            97       0.16524
189            97       0.23495
190            97       0.30246
191            97       0.36878
192            97       0.41517
193            97       0.48502
194            97         0.553
195            97       0.62285
196            97       0.69184
197            97       0.75725
198            97       0.82685
199            97       0.89645
200            97       0.96479
201   97    1
130   48    0
202            48       0.12203
203            48       0.24953
204            48       0.36951
205            48       0.49698
206            48       0.62465
207            48       0.74524
208            48       0.87296
209   48    1
209   98    0
210            98       0.08011
211            98       0.16029
212            98       0.23095
213            98       0.30203
214            98       0.37844
215            98       0.45858
216            98       0.53865
217            98       0.61536
218            98       0.68751
219            98        0.7665
220            98       0.84236
221            98        0.9197
222   98    1
110   49    0
223            49       0.03922
224            49       0.07854
225            49       0.11774
226            49       0.15596
227            49       0.19503
228            49       0.23352
229            49       0.27281
230            49        0.3113
231            49       0.35062
232            49       0.38853
233            49       0.42689
234            49       0.46518
235            49       0.50444
236            49       0.54165
237            49       0.58066
238            49       0.61765
239            49       0.65676
240            49       0.69501
241            49       0.73187
242            49       0.77045
243            49        0.8093
244            49       0.84835
245            49       0.88583
246            49       0.92394
247            49       0.96159
248   49    1
248   99    0
249            99       0.02447
250            99       0.04888
251            99       0.07293
252            99       0.09812
253            99       0.12323
254            99       0.14786
255            99       0.17146
256            99       0.19675
257            99       0.22202
258            99        0.2475
259            99       0.27287
260            99       0.29829
261            99       0.32352
262            99       0.34741
263            99       0.36411
264            99       0.38587
265            99       0.41041
266            99       0.43575
267            99       0.46122
268            99        0.4863
269            99       0.51152
270            99       0.53649
271            99       0.56177
272            99       0.58612
273            99        0.6114
274            99       0.63422
275            99       0.65802
276            99       0.68282
277            99       0.70682
278            99       0.73143
279            99       0.75625
280            99       0.78173
281            99       0.80721
282            99       0.83172
283            99       0.85687
284            99       0.88165
285            99       0.90641
286            99       0.93142
287            99       0.95558
288            99       0.97767
289   99    1
101   50    0
290            50        0.0652
291            50       0.12234
292            50       0.18154
293            50       0.24245
294            50       0.30188
295            50       0.33828
296            50       0.39368
297            50       0.45527
298            50       0.51657
299            50       0.57765
300            50       0.63931
301            50       0.70058
302            50        0.7563
303            50       0.81653
304            50       0.87702
305            50       0.93847
306   50    1
306   51    0
307            51       0.03948
308            51       0.08275
309            51       0.12599
310            51       0.16766
311            51       0.20461
312            51       0.24172
313            51       0.28492
314            51       0.32816
315            51       0.37118
316            51       0.41252
317            51       0.45489
318            51       0.49709
319            51       0.54001
320            51       0.58303
321            51       0.62607
322            51       0.66908
323            51       0.71201
324            51       0.75081
325            51       0.79154
326            51       0.83464
327            51       0.87777
328            51       0.91873
329            51       0.95775
330   51    1
330  100    0
331           100       0.04859
332           100       0.09995
333           100        0.1514
334           100       0.20052
335           100       0.25172
336           100       0.30229
337           100       0.35357
338           100       0.40578
339           100       0.45427
340           100       0.50376
341           100       0.55393
342           100       0.60262
343           100       0.65323
344           100       0.70547
345           100       0.75321
346           100       0.80306
347           100       0.84951
348           100       0.89959
349           100       0.94817
350  100    1
306   52    0
351            52       0.05584
352            52       0.11163
353            52       0.16679
354            52       0.22243
355            52       0.27866
356            52       0.33299
357            52       0.38809
358            52        0.4439
359            52       0.49998
360            52       0.55478
361            52       0.61039
362            52        0.6667
363            52       0.72239
364            52       0.77821
365            52       0.83304
366            52       0.88897
367            52       0.94395
368   52    1
368  101    0
369           101       0.16446
370           101       0.33435
371           101       0.50087
372           101       0.66756
373           101       0.83688
374  101    1
97  53   0
375            53       0.11445
376            53       0.22582
377            53       0.33845
378            53        0.4503
379            53       0.55777
380            53       0.66962
381            53        0.7804
382            53       0.89333
383   53    1
383   54    0
384            54       0.03763
385            54       0.07455
386            54       0.11226
387            54       0.14968
388            54       0.18709
389            54       0.22473
390            54       0.26207
391            54       0.29917
392            54        0.3365
393            54       0.37333
394            54       0.41052
395            54       0.44802
396            54       0.48537
397            54       0.52211
398            54       0.55664
399            54       0.59329
400            54       0.63092
401            54       0.66824
402            54       0.70464
403            54       0.74216
404            54       0.77867
405            54       0.81581
406            54       0.85309
407            54       0.89031
408            54       0.92788
409            54       0.96424
410   54    1
410  102    0
411           102       0.02102
412           102       0.04215
413           102       0.06304
414           102        0.0841
415           102       0.10501
416           102       0.12574
417           102       0.14691
418           102       0.16803
419           102       0.18904
420           102       0.21021
421           102       0.23051
422           102       0.25171
423           102       0.27288
424           102       0.29323
425           102       0.31401
426           102       0.33468
427           102       0.35591
428           102       0.37704
429           102       0.39804
430           102       0.41863
431           102       0.43987
432           102       0.46106
433           102       0.48219
434           102       0.50302
435           102       0.52425
436           102       0.54539
437           102       0.56651
438           102       0.58762
439           102       0.60883
440           102       0.62998
441           102       0.65076
442           102        0.6708
443           102       0.69098
444           102       0.71156
445           102       0.73277
446           102       0.75361
447           102       0.77433
448           102       0.79526
449           102        0.8159
450           102       0.83551
451           102       0.85629
452           102       0.87729
453           102       0.89661
454           102       0.91622
455           102       0.93733
456           102       0.95821
457           102       0.97889
458  102    1
383   55    0
459            55       0.05328
460            55       0.10246
461            55       0.15172
462            55       0.20215
463            55       0.25231
464            55       0.30224
465            55       0.35227
466            55       0.40201
467            55         0.452
468            55       0.50193
469            55       0.55245
470            55       0.60113
471            55       0.65161
472            55       0.70029
473            55       0.74834
474            55       0.79859
475            55       0.84893
476            55       0.89887
477            55       0.94944
478   55    1
86  56   0
479            56       0.04312
480            56       0.08782
481            56       0.13118
482            56       0.17587
483            56       0.21901
484            56       0.26362
485            56       0.30803
486            56       0.35212
487            56       0.39674
488            56       0.44128
489            56       0.48595
490            56       0.53042
491            56       0.57149
492            56       0.61383
493            56       0.65768
494            56       0.70231
495            56       0.74473
496            56       0.78896
497            56       0.83333
498            56       0.87772
499            56       0.92222
500            56       0.96672
501   56    1
53  103    0
502           103       0.22578
503           103       0.50723
504           103       0.78868
505  103    1
505  104    0
506           104       0.06134
507           104       0.11796
508           104       0.17425
509           104       0.23138
510           104        0.2888
511           104       0.34536
512           104       0.38506
513           104       0.43445
514           104       0.49084
515           104       0.54623
516           104       0.60236
517           104       0.65963
518           104       0.71688
519           104        0.7731
520           104       0.83029
521           104       0.88732
522           104       0.94439
523  104    1
523   45    0
524            45       0.12566
525            45       0.24881
526            45       0.37794
527            45       0.50735
528            45       0.63678
529            45        0.7662
530            45       0.89323
531   45    1
531  105    0
532           105       0.04684
533           105       0.09587
534           105       0.14447
535           105       0.19317
536           105       0.24211
537           105       0.29108
538           105       0.33982
539           105       0.38606
540           105       0.43483
541           105       0.48266
542           105       0.53134
543           105        0.5769
544           105       0.62584
545           105       0.67337
546           105       0.72198
547           105       0.76795
548           105       0.81571
549           105       0.86476
550           105       0.91287
551           105       0.95993
552  105    1
552  106    0
553           106       0.15895
554           106       0.30216
555           106       0.44187
556           106       0.58401
557           106       0.72616
558           106       0.86974
559  106    1
559  107    0
560           107        0.1629
561           107       0.33117
562           107       0.49835
563           107       0.66568
564           107       0.83248
565  107    1
565  108    0
566           108       0.08791
567           108       0.17211
568           108        0.2571
569           108       0.33994
570           108       0.41827
571           108       0.50403
572           108       0.59046
573           108       0.67326
574           108       0.75246
575           108       0.83582
576           108       0.92078
577  108    1
577   57    0
578            57       0.13511
579            57        0.2781
580            57       0.42093
581            57       0.56555
582            57       0.70884
583            57       0.85469
584   57    1
584  109    0
585           109       0.01163
586           109       0.02463
587           109       0.03766
588           109       0.04982
589           109       0.06213
590           109       0.07422
591           109       0.08685
592           109       0.10006
593           109       0.11312
594           109       0.12623
595           109       0.13908
596           109       0.15174
597           109        0.1648
598           109       0.17804
599           109       0.18938
600           109       0.20151
601           109       0.21372
602           109       0.22615
603           109       0.23935
604           109       0.25244
605           109       0.26551
606           109       0.27796
607           109       0.29056
608           109       0.30325
609           109       0.31636
610           109       0.32952
611           109       0.34239
612           109       0.35513
613           109       0.36428
614           109        0.3775
615           109       0.39072
616           109        0.4039
617           109       0.41662
618           109       0.42859
619           109       0.44103
620           109       0.45352
621           109         0.466
622           109       0.47847
623           109       0.49171
624           109       0.50328
625           109       0.51649
626           109       0.52973
627           109       0.54297
628           109       0.54992
629           109       0.56314
630           109       0.57325
631           109       0.58631
632           109       0.59925
633           109       0.61063
634           109       0.62378
635           109       0.63651
636           109       0.64972
637           109       0.66237
638           109       0.67497
639           109       0.68699
640           109        0.6996
641           109       0.71223
642           109       0.72545
643           109       0.73669
644           109       0.74993
645           109       0.76317
646           109       0.77575
647           109       0.78766
648           109        0.8005
649           109       0.81348
650           109       0.82672
651           109       0.83996
652           109        0.8529
653           109       0.86582
654           109       0.87828
655           109        0.8915
656           109       0.90433
657           109       0.91673
658           109       0.92974
659           109       0.93384
660           109       0.94707
661           109        0.9603
662           109       0.97354
663           109       0.98676
664  109    1
565   58    0
665            58        0.1755
666            58       0.35727
667            58       0.52064
668            58        0.6678
669            58       0.84957
670   58    1
670   59    0
671            59       0.04798
672            59       0.09287
673            59       0.14196
674            59       0.19048
675            59        0.2391
676            59       0.28758
677            59       0.33651
678            59       0.38046
679            59       0.42956
680            59       0.47857
681            59       0.52547
682            59       0.57197
683            59       0.62098
684            59       0.67001
685            59       0.71896
686            59       0.76673
687            59       0.81573
688            59       0.86452
689            59       0.91361
690            59        0.9509
691   59    1
670   60    0
692            60       0.05018
693            60       0.10035
694            60       0.15051
695            60       0.20065
696            60       0.25081
697            60        0.3009
698            60       0.35097
699            60       0.40113
700            60        0.4513
701            60        0.5014
702            60       0.55156
703            60       0.60122
704            60       0.65139
705            60       0.70121
706            60       0.75089
707            60       0.80076
708            60       0.85033
709            60       0.89974
710            60        0.9499
711   60    1
559   61    0
712            61       0.02229
713            61       0.04465
714            61       0.06703
715            61       0.08939
716            61       0.11173
717            61       0.13412
718            61       0.15649
719            61       0.17888
720            61       0.20126
721            61       0.22364
722            61       0.24603
723            61       0.26839
724            61       0.29075
725            61       0.31306
726            61       0.33545
727            61       0.35779
728            61       0.38017
729            61       0.40256
730            61        0.4249
731            61       0.44729
732            61       0.46967
733            61       0.49198
734            61       0.51422
735            61       0.53661
736            61       0.55887
737            61       0.58118
738            61       0.60355
739            61       0.62593
740            61       0.64666
741            61       0.66669
742            61       0.68833
743            61       0.70716
744            61       0.72923
745            61       0.75049
746            61       0.76723
747            61       0.78842
748            61       0.81071
749            61        0.8326
750            61       0.85495
751            61       0.87685
752            61       0.89805
753            61       0.92025
754            61       0.94256
755            61       0.96494
756            61       0.98727
757   61    1
552   62    0
758            62       0.12187
759            62       0.23396
760            62       0.33408
761            62       0.44605
762            62        0.5592
763            62       0.66923
764            62        0.7821
765            62       0.89496
766   62    1
766   63    0
767            63       0.13122
768            63       0.25728
769            63       0.38399
770            63        0.5106
771            63        0.6353
772            63       0.76167
773            63       0.87732
774   63    1
766   64    0
775            64       0.10134
776            64       0.26197
777            64       0.42564
778            64       0.58376
779            64       0.75006
780            64        0.9144
781   64    1
531   65    0
782            65       0.03389
783            65       0.06689
784            65       0.09989
785            65       0.13289
786            65       0.16548
787            65       0.19339
788            65       0.22621
789            65       0.25842
790            65       0.28911
791            65       0.31939
792            65       0.35236
793            65       0.38468
794            65       0.41749
795            65       0.45015
796            65       0.48291
797            65        0.5159
798            65       0.54828
799            65       0.58038
800            65       0.61271
801            65       0.64493
802            65       0.67779
803            65       0.71069
804            65       0.74318
805            65       0.77548
806            65       0.80785
807            65        0.8408
808            65        0.8735
809            65       0.90563
810            65       0.93665
811            65       0.96757
812   65    1
812   66    0
813            66       0.07487
814            66       0.15378
815            66       0.23268
816            66       0.30771
817            66       0.37878
818            66       0.45744
819            66       0.53455
820            66       0.61353
821            66       0.69094
822            66       0.76403
823            66       0.84378
824            66       0.92208
825   66    1
812   67    0
826            67       0.10406
827            67       0.20213
828            67       0.30575
829            67       0.40935
830            67        0.5094
831            67       0.61079
832            67       0.71434
833            67       0.81656
834            67       0.89682
835   67    1
505   68    0
836            68       0.04493
837            68       0.08386
838            68       0.11967
839            68       0.15627
840            68        0.1958
841            68       0.23532
842            68       0.23976
843            68       0.27906
844            68       0.31846
845            68       0.35798
846            68       0.39746
847            68       0.43699
848            68       0.47651
849            68       0.50822
850            68       0.54774
851            68       0.58725
852            68       0.62179
853            68       0.66065
854            68       0.70012
855            68         0.738
856            68       0.77461
857            68       0.81128
858            68       0.84594
859            68       0.88485
860            68       0.92286
861            68       0.96232
862   68    1
862  110    0
863           110       0.14812
864           110       0.29286
865           110        0.4352
866           110       0.57147
867           110        0.7141
868           110       0.85773
869  110    1
869   69    0
870            69        0.0273
871            69        0.0556
872            69       0.07333
873            69       0.10151
874            69       0.12921
875            69       0.15692
876            69       0.18507
877            69       0.21336
878            69       0.24144
879            69       0.26897
880            69         0.297
881            69       0.32507
882            69       0.35337
883            69       0.38114
884            69       0.40939
885            69       0.43769
886            69       0.46598
887            69       0.49428
888            69       0.52253
889            69       0.55082
890            69       0.57906
891            69       0.60736
892            69        0.6342
893            69       0.66235
894            69       0.69043
895            69       0.71871
896            69       0.74611
897            69        0.7744
898            69       0.80227
899            69       0.83045
900            69       0.85866
901            69        0.8869
902            69       0.91516
903            69       0.94341
904            69       0.97171
905   69    1
862  111    0
906           111       0.10907
907           111       0.20635
908           111       0.30013
909           111       0.40174
910           111       0.49985
911           111       0.59508
912           111       0.69534
913           111       0.79767
914           111       0.89871
915  111    1
915   70    0
916            70       0.07758
917            70       0.10962
918            70       0.17061
919            70       0.24638
920            70       0.31412
921            70       0.39261
922            70       0.47015
923            70         0.546
924            70       0.62449
925            70       0.69122
926            70       0.76971
927            70        0.8478
928            70       0.92437
929   70    1
27  71   0
930            71       0.04072
931            71       0.07885
932            71       0.11302
933            71       0.14502
934            71       0.17854
935            71       0.21466
936            71        0.2519
937            71       0.28879
938            71       0.32614
939            71       0.36416
940            71       0.40205
941            71       0.44007
942            71       0.47735
943            71       0.51541
944            71       0.55196
945            71       0.58988
946            71       0.62712
947            71       0.66511
948            71       0.70236
949            71       0.74046
950            71       0.77824
951            71       0.81636
952            71       0.85354
953            71       0.89167
954            71       0.92538
955            71       0.96281
956   71    1
956   72    0
957            72       0.03448
958            72       0.08361
959            72       0.13135
960            72       0.18041
961            72       0.22942
962            72         0.278
963            72       0.32662
964            72       0.37521
965            72       0.42419
966            72       0.47182
967            72       0.51922
968            72       0.56505
969            72       0.61381
970            72       0.66281
971            72       0.71007
972            72       0.75887
973            72       0.80783
974            72       0.85534
975            72       0.90216
976            72       0.95092
977   72    1
977  112    0
978           112       0.10292
979           112       0.20633
980           112       0.31051
981           112       0.40557
982           112       0.50934
983           112       0.61257
984           112        0.7073
985           112       0.80235
986           112       0.89601
987  112    1
987   73    0
988            73       0.02158
989            73       0.04316
990            73       0.06473
991            73       0.08557
992            73       0.10707
993            73       0.12863
994            73       0.15018
995            73       0.17164
996            73       0.19319
997            73       0.21462
998            73       0.23608
999            73        0.2574
1000             73        0.27891
1001             73         0.2994
1002             73          0.321
1003             73        0.34133
1004             73        0.36259
1005             73        0.38386
1006             73        0.40527
1007             73        0.42676
1008             73        0.44823
1009             73        0.46805
1010             73        0.48939
1011             73        0.51024
1012             73        0.53179
1013             73        0.55328
1014             73        0.57487
1015             73        0.59644
1016             73        0.61795
1017             73        0.63946
1018             73        0.66032
1019             73        0.68136
1020             73        0.70234
1021             73        0.72368
1022             73        0.74343
1023             73        0.76491
1024             73        0.78631
1025             73        0.80764
1026             73        0.82891
1027             73        0.85044
1028             73        0.87194
1029             73        0.89241
1030             73        0.91395
1031             73        0.93532
1032             73         0.9569
1033             73        0.97848
1034    73     1
956   74    0
1035             74        0.03967
1036             74        0.09577
1037             74         0.1518
1038             74        0.20598
1039             74         0.2613
1040             74        0.31508
1041             74         0.3437
1042             74        0.39963
1043             74        0.45571
1044             74        0.51181
1045             74        0.53842
1046             74        0.56083
1047             74        0.61604
1048             74        0.66875
1049             74        0.72206
1050             74        0.77787
1051             74        0.83357
1052             74        0.88882
1053             74         0.9447
1054    74     1
1054   113     0
1055            113        0.10253
1056            113        0.20683
1057            113        0.30969
1058            113        0.41349
1059            113        0.49811
1060            113        0.60152
1061            113        0.70563
1062            113        0.80343
1063            113        0.90373
1064   113     1
1064    75     0
1065             75        0.01553
1066             75        0.03664
1067             75        0.05845
1068             75        0.08013
1069             75        0.10192
1070             75        0.12344
1071             75        0.14471
1072             75         0.1655
1073             75         0.1858
1074             75        0.20772
1075             75        0.22965
1076             75        0.25169
1077             75        0.27364
1078             75        0.29562
1079             75        0.31751
1080             75        0.33904
1081             75        0.35973
1082             75        0.38078
1083             75        0.39911
1084             75        0.42103
1085             75        0.44051
1086             75        0.46113
1087             75        0.48277
1088             75        0.50477
1089             75        0.52678
1090             75        0.54872
1091             75         0.5707
1092             75        0.59226
1093             75        0.61406
1094             75        0.63598
1095             75        0.65716
1096             75        0.67816
1097             75        0.70017
1098             75        0.72077
1099             75        0.74274
1100             75         0.7645
1101             75        0.78362
1102             75        0.80271
1103             75        0.82467
1104             75        0.84671
1105             75        0.86875
1106             75        0.89041
1107             75        0.91243
1108             75        0.93447
1109             75        0.95597
1110             75        0.97801
1111    75     1
22  76   0
1112             76        0.09197
1113             76        0.17685
1114             76        0.25525
1115             76        0.33731
1116             76        0.42208
1117             76        0.50613
1118             76        0.58961
1119             76        0.67445
1120             76         0.7593
1121             76        0.84392
1122             76         0.9284
1123    76     1
1123    77     0
1124             77        0.08048
1125             77        0.15323
1126             77        0.22598
1127             77        0.29676
1128             77        0.36738
1129             77        0.43979
1130             77        0.51247
1131             77        0.58415
1132             77        0.65434
1133             77         0.7259
1134             77        0.79813
1135             77        0.86943
1136             77        0.94079
1137    77     1
1137    78     0
1138             78        0.19385
1139             78        0.46475
1140             78        0.73157
1141    78     1
1141   114     0
1142   114     1
1142    79     0
1143             79        0.05885
1144             79        0.11771
1145             79        0.17688
1146             79        0.23585
1147             79        0.29494
1148             79        0.35422
1149             79        0.41321
1150             79        0.47212
1151             79        0.53116
1152             79        0.58908
1153             79        0.64582
1154             79         0.7049
1155             79        0.76388
1156             79        0.82294
1157             79        0.88187
1158             79        0.94104
1159    79     1
1159   115     0
1160            115        0.11394
1161            115         0.2388
1162            115        0.36641
1163            115        0.49354
1164            115        0.62048
1165            115        0.74821
1166            115        0.87444
1167   115     1
1167    80     0
1168             80        0.03062
1169             80        0.06142
1170             80        0.09199
1171             80          0.123
1172             80        0.15297
1173             80        0.18378
1174             80        0.21437
1175             80         0.2451
1176             80        0.27608
1177             80        0.30682
1178             80         0.3378
1179             80        0.36854
1180             80         0.3995
1181             80        0.42911
1182             80         0.4549
1183             80        0.48261
1184             80        0.51352
1185             80        0.54187
1186             80        0.57242
1187             80        0.60347
1188             80        0.63435
1189             80        0.66485
1190             80        0.69579
1191             80        0.72539
1192             80        0.75544
1193             80        0.78569
1194             80        0.81621
1195             80        0.84703
1196             80        0.87763
1197             80        0.90854
1198             80        0.93879
1199             80        0.96982
1200    80     1
1137    81     0
1201             81        0.12455
1202             81        0.23891
1203             81        0.35327
1204             81        0.46519
1205             81        0.57365
1206             81        0.68242
1207             81        0.77473
1208             81        0.88909
1209    81     1
1209   116     0
1210   116     1
1210    82     0
1211             82        0.12436
1212             82        0.25183
1213             82        0.37794
1214             82        0.50518
1215             82        0.62978
1216             82        0.75631
1217             82        0.87423
1218    82     1
1123    83     0
1219             83        0.03964
1220             83        0.07548
1221             83        0.11123
1222             83        0.14477
1223             83        0.17914
1224             83        0.21426
1225             83        0.25008
1226             83        0.28547
1227             83        0.32129
1228             83        0.35713
1229             83        0.39293
1230             83        0.42875
1231             83        0.46457
1232             83        0.50036
1233             83        0.53615
1234             83        0.57183
1235             83        0.60766
1236             83        0.64324
1237             83        0.67908
1238             83        0.71466
1239             83        0.75012
1240             83        0.78575
1241             83        0.82157
1242             83        0.85741
1243             83        0.89301
1244             83        0.92865
1245             83        0.96418
1246    83     1
1246   117     0
1247   117     1
1247    84     0
1248             84        0.04598
1249             84        0.08983
1250             84        0.13523
1251             84        0.18067
1252             84        0.22658
1253             84        0.27275
1254             84        0.31882
1255             84        0.36402
1256             84         0.4094
1257             84        0.45543
1258             84        0.50152
1259             84        0.54774
1260             84        0.59021
1261             84         0.6363
1262             84        0.68196
1263             84        0.72705
1264             84        0.77168
1265             84         0.8175
1266             84        0.86289
1267             84        0.90884
1268             84        0.95378
1269    84     1
1269   118     0
1270            118         0.0706
1271            118        0.14234
1272            118        0.21402
1273            118        0.28525
1274            118        0.35682
1275            118         0.4286
1276            118        0.50036
1277            118        0.57178
1278            118        0.64208
1279            118        0.71383
1280            118        0.78561
1281            118        0.85688
1282            118        0.92825
1283   118     1
1283    85     0
1284             85        0.12697
1285             85        0.25455
1286             85        0.38213
1287             85        0.50043
1288             85        0.62319
1289             85        0.75021
1290             85        0.87242
1291    85     1
12   3   0
1292              3        0.53111
1293     3     1
4  4  0
1294              4        0.21656
1295              4        0.35411
1296              4        0.49166
1297              4        0.62922
1298              4        0.76677
1299              4        0.90433
1300     4     1
1300     5     0
1301              5        0.13209
1302              5        0.21345
1303              5        0.29062
1304              5        0.37213
1305              5        0.45537
1306              5        0.53703
1307              5        0.61487
1308              5        0.69707
1309              5        0.77325
1310              5        0.84814
1311              5         0.9312
1312     5     1
1312     6     0
1313              6        0.15835
1314              6         0.3775
1315              6        0.59811
1316              6        0.81958
1317     6     1
1317     7     0
1318              7        0.01345
1319              7        0.02415
1320              7        0.03492
1321              7        0.04546
1322              7        0.05594
1323              7        0.06672
1324              7         0.0773
1325              7        0.08773
1326              7        0.09823
1327              7          0.108
1328              7        0.11873
1329              7        0.12949
1330              7        0.13952
1331              7        0.14961
1332              7        0.16032
1333              7        0.17084
1334              7        0.18151
1335              7        0.19143
1336              7        0.20146
1337              7        0.21225
1338              7        0.22291
1339              7        0.23356
1340              7        0.24435
1341              7        0.25515
1342              7        0.26577
1343              7        0.27606
1344              7         0.2866
1345              7        0.29715
1346              7        0.30724
1347              7        0.31774
1348              7        0.32837
1349              7        0.33877
1350              7        0.34888
1351              7        0.35964
1352              7        0.37038
1353              7        0.37992
1354              7        0.39062
1355              7        0.40054
1356              7        0.41099
1357              7        0.42125
1358              7        0.43202
1359              7        0.44253
1360              7        0.45325
1361              7        0.46383
1362              7         0.4746
1363              7        0.48538
1364              7        0.49611
1365              7        0.50686
1366              7        0.51761
1367              7        0.52824
1368              7        0.53895
1369              7        0.54921
1370              7        0.55993
1371              7        0.57052
1372              7        0.58043
1373              7        0.59096
1374              7        0.60043
1375              7        0.61072
1376              7         0.6215
1377              7        0.63154
1378              7        0.64182
1379              7        0.65248
1380              7         0.6629
1381              7        0.67361
1382              7        0.68437
1383              7        0.69493
1384              7        0.70572
1385              7        0.71637
1386              7         0.7267
1387              7        0.73523
1388              7        0.74568
1389              7        0.75644
1390              7        0.76722
1391              7        0.77749
1392              7        0.78761
1393              7        0.79803
1394              7        0.80873
1395              7         0.8192
1396              7           0.83
1397              7        0.84077
1398              7        0.85151
1399              7        0.86222
1400              7        0.87268
1401              7        0.88337
1402              7        0.89373
1403              7        0.90453
1404              7        0.91514
1405              7        0.92578
1406              7        0.93656
1407              7        0.94716
1408              7        0.95763
1409              7        0.96834
1410              7        0.97913
1411              7        0.98939
1412     7     1
1317     8     0
1413              8        0.01343
1414              8         0.0256
1415              8        0.03781
1416              8        0.05065
1417              8        0.06342
1418              8        0.07626
1419              8         0.0885
1420              8        0.10074
1421              8        0.11348
1422              8          0.126
1423              8        0.13883
1424              8        0.14815
1425              8        0.16083
1426              8        0.17347
1427              8        0.18621
1428              8        0.19902
1429              8        0.21187
1430              8        0.22472
1431              8        0.23756
1432              8        0.25037
1433              8        0.26298
1434              8        0.27542
1435              8        0.28826
1436              8        0.30078
1437              8        0.31363
1438              8         0.3262
1439              8        0.33896
1440              8        0.35125
1441              8         0.3634
1442              8        0.37546
1443              8         0.3844
1444              8        0.39632
1445              8        0.40918
1446              8        0.42177
1447              8         0.4342
1448              8        0.44696
1449              8        0.45948
1450              8        0.47205
1451              8        0.48465
1452              8        0.49734
1453              8        0.50982
1454              8        0.52242
1455              8        0.53489
1456              8        0.54773
1457              8        0.56043
1458              8         0.5731
1459              8        0.58589
1460              8         0.5987
1461              8        0.61147
1462              8         0.6243
1463              8        0.63713
1464              8        0.64967
1465              8         0.6622
1466              8        0.67503
1467              8        0.68771
1468              8        0.70056
1469              8         0.7133
1470              8        0.72602
1471              8        0.73888
1472              8        0.75157
1473              8        0.76429
1474              8        0.77679
1475              8        0.78908
1476              8        0.79814
1477              8        0.81095
1478              8         0.8237
1479              8        0.83653
1480              8        0.84929
1481              8        0.86211
1482              8        0.87443
1483              8        0.88645
1484              8        0.89907
1485              8        0.91171
1486              8        0.92435
1487              8        0.93681
1488              8        0.94962
1489              8        0.96239
1490              8        0.97519
1491              8        0.98796
1492     8     1
1312     9     0
1493              9        0.08159
1494              9        0.17445
1495              9         0.2681
1496              9        0.35139
1497              9        0.44081
1498              9        0.53416
1499              9        0.62745
1500              9        0.72093
1501              9        0.81468
1502              9        0.90679
1503     9     1
1503    10     0
1504             10        0.01209
1505             10        0.02423
1506             10        0.03637
1507             10        0.04845
1508             10        0.06055
1509             10        0.07268
1510             10        0.08479
1511             10        0.09691
1512             10        0.10888
1513             10        0.12099
1514             10        0.13302
1515             10        0.14386
1516             10          0.156
1517             10        0.16806
1518             10        0.18019
1519             10        0.19232
1520             10        0.20446
1521             10        0.21659
1522             10        0.22858
1523             10        0.24061
1524             10        0.25147
1525             10        0.26314
1526             10        0.27518
1527             10         0.2869
1528             10          0.299
1529             10        0.31093
1530             10        0.32305
1531             10        0.33517
1532             10        0.34711
1533             10        0.35881
1534             10        0.37085
1535             10        0.38275
1536             10        0.39476
1537             10        0.40682
1538             10        0.41895
1539             10        0.43104
1540             10        0.44284
1541             10        0.45498
1542             10        0.46712
1543             10        0.47922
1544             10        0.49115
1545             10        0.50319
1546             10        0.51526
1547             10        0.52714
1548             10        0.53912
1549             10        0.55121
1550             10        0.56327
1551             10        0.57513
1552             10        0.58705
1553             10        0.59909
1554             10        0.61114
1555             10        0.62314
1556             10         0.6352
1557             10        0.64724
1558             10        0.65915
1559             10        0.67125
1560             10        0.68331
1561             10        0.69528
1562             10        0.70676
1563             10        0.71798
1564             10        0.72966
1565             10        0.74178
1566             10        0.75392
1567             10        0.76588
1568             10        0.77788
1569             10        0.79001
1570             10        0.80203
1571             10        0.81413
1572             10        0.82496
1573             10        0.83636
1574             10        0.84844
1575             10        0.86028
1576             10        0.87242
1577             10         0.8839
1578             10        0.89409
1579             10        0.90623
1580             10        0.91824
1581             10        0.92956
1582             10        0.94138
1583             10        0.95268
1584             10         0.9645
1585             10        0.97594
1586             10        0.98786
1587    10     1
1503    11     0
1588             11        0.01373
1589             11          0.028
1590             11        0.04206
1591             11        0.05635
1592             11        0.07054
1593             11        0.08478
1594             11        0.09908
1595             11        0.11306
1596             11        0.12724
1597             11         0.1414
1598             11        0.15419
1599             11        0.16814
1600             11        0.18091
1601             11        0.19447
1602             11        0.20866
1603             11        0.22274
1604             11        0.23668
1605             11        0.25006
1606             11        0.26428
1607             11        0.27827
1608             11         0.2926
1609             11        0.30694
1610             11        0.32127
1611             11        0.33561
1612             11        0.34564
1613             11        0.35975
1614             11        0.37406
1615             11        0.38834
1616             11        0.40212
1617             11        0.41608
1618             11        0.43015
1619             11        0.44423
1620             11         0.4577
1621             11        0.47123
1622             11        0.48484
1623             11        0.49914
1624             11        0.51341
1625             11        0.52775
1626             11          0.542
1627             11        0.55622
1628             11        0.57055
1629             11        0.58489
1630             11        0.59684
1631             11         0.6107
1632             11         0.6249
1633             11         0.6392
1634             11        0.65306
1635             11        0.66707
1636             11        0.68075
1637             11        0.69395
1638             11        0.70663
1639             11        0.72052
1640             11        0.73473
1641             11        0.74893
1642             11        0.76296
1643             11        0.77708
1644             11        0.79141
1645             11        0.80569
1646             11        0.81978
1647             11        0.83401
1648             11        0.84766
1649             11        0.85987
1650             11        0.87362
1651             11        0.88649
1652             11        0.90057
1653             11        0.91488
1654             11        0.92905
1655             11        0.94321
1656             11        0.95736
1657             11        0.97169
1658             11        0.98566
1659    11     1
1300    12     0
1660             12        0.14554
1661             12        0.25287
1662             12        0.36021
1663             12        0.46513
1664             12        0.57089
1665             12        0.67812
1666             12        0.78521
1667             12        0.89283
1668    12     1
1668   119     0
1669            119        0.04145
1670            119        0.08361
1671            119        0.12563
1672            119        0.16723
1673            119        0.20873
1674            119         0.2498
1675            119        0.29052
1676            119        0.33262
1677            119        0.37431
1678            119        0.41654
1679            119        0.45879
1680            119        0.50096
1681            119        0.54281
1682            119        0.58514
1683            119        0.62716
1684            119        0.66945
1685            119        0.71111
1686            119        0.75303
1687            119        0.79516
1688            119        0.83626
1689            119        0.87765
1690            119         0.9192
1691            119        0.96141
1692   119     1
1692    13     0
1693    13     1
1693   120     0
1694            120        0.06272
1695            120        0.12641
1696            120        0.18831
1697            120         0.2501
1698            120        0.31185
1699            120        0.37446
1700            120        0.43585
1701            120        0.49721
1702            120        0.55718
1703            120        0.62075
1704            120        0.68399
1705            120        0.74702
1706            120        0.81061
1707            120        0.87435
1708            120        0.93698
1709   120     1
1709    14     0
1710             14         0.1266
1711             14        0.25195
1712             14        0.37781
1713             14        0.50188
1714             14        0.62858
1715             14        0.75207
1716             14        0.87328
1717    14     1
1717   121     0
1718            121        0.49735
1719   121     1
1300    15     0
1720             15        0.21476
1721             15        0.37121
1722             15        0.41249
1723             15        0.56785
1724             15        0.72247
1725             15        0.87879
1726    15     1
1726    16     0
1727             16        0.21741
1728             16        0.41357
1729             16        0.60863
1730             16         0.8037
1731    16     1
1726    17     0
1732             17        0.27227
1733             17        0.51464
1734             17        0.75683
1735    17     1
4  18   0
1736             18        0.13212
1737             18          0.179
1738             18        0.25263
1739             18        0.33421
1740             18        0.41854
1741             18        0.50283
1742             18        0.58716
1743             18        0.67015
1744             18        0.75449
1745             18        0.83862
1746             18        0.92262
1747    18     1
1747    19     0
1748             19        0.05956
1749             19        0.12813
1750             19        0.19661
1751             19        0.26538
1752             19        0.33404
1753             19        0.40165
1754             19        0.47018
1755             19        0.53884
1756             19        0.60478
1757             19        0.67317
1758             19        0.74199
1759             19        0.80437
1760             19        0.87295
1761             19         0.9396
1762    19     1
1762    20     0
1763             20        0.01133
1764             20        0.02177
1765             20        0.03288
1766             20        0.04317
1767             20        0.05407
1768             20        0.06523
1769             20        0.07549
1770             20        0.08644
1771             20        0.09763
1772             20        0.10873
1773             20        0.11983
1774             20        0.13102
1775             20        0.14199
1776             20        0.15326
1777             20        0.16417
1778             20        0.17518
1779             20        0.18622
1780             20        0.19637
1781             20        0.20746
1782             20        0.21846
1783             20         0.2295
1784             20        0.24073
1785             20        0.25203
1786             20        0.26333
1787             20        0.27463
1788             20        0.28593
1789             20        0.29723
1790             20        0.30853
1791             20        0.31978
1792             20        0.33094
1793             20        0.34203
1794             20        0.35307
1795             20        0.36379
1796             20        0.37444
1797             20        0.38558
1798             20        0.39656
1799             20        0.40747
1800             20        0.41866
1801             20        0.42984
1802             20        0.44085
1803             20        0.45163
1804             20        0.46245
1805             20        0.47358
1806             20        0.48479
1807             20        0.49582
1808             20        0.50638
1809             20        0.51768
1810             20        0.52796
1811             20         0.5392
1812             20         0.5505
1813             20        0.56075
1814             20         0.5719
1815             20         0.5829
1816             20        0.59418
1817             20        0.60489
1818             20        0.61604
1819             20        0.62705
1820             20        0.63834
1821             20        0.64964
1822             20         0.6607
1823             20        0.67156
1824             20        0.68166
1825             20        0.69288
1826             20        0.70409
1827             20        0.71539
1828             20        0.72663
1829             20         0.7378
1830             20        0.74888
1831             20        0.76007
1832             20        0.77135
1833             20        0.77831
1834             20        0.78936
1835             20        0.80048
1836             20         0.8116
1837             20        0.82266
1838             20        0.83396
1839             20        0.84522
1840             20         0.8565
1841             20         0.8678
1842             20        0.87827
1843             20        0.88903
1844             20        0.90029
1845             20        0.91127
1846             20        0.92166
1847             20        0.93292
1848             20        0.94382
1849             20        0.95505
1850             20        0.96629
1851             20         0.9774
1852             20         0.9887
1853    20     1
1762    21     0
1854             21         0.0121
1855             21        0.02309
1856             21        0.03528
1857             21        0.04748
1858             21         0.0597
1859             21        0.07188
1860             21        0.08396
1861             21        0.09618
1862             21        0.10828
1863             21        0.12038
1864             21         0.1326
1865             21        0.14458
1866             21        0.15681
1867             21        0.16896
1868             21        0.18043
1869             21        0.19255
1870             21        0.20478
1871             21        0.21687
1872             21        0.22901
1873             21        0.24081
1874             21        0.25264
1875             21        0.26443
1876             21        0.27668
1877             21        0.28886
1878             21        0.30098
1879             21        0.31307
1880             21        0.32532
1881             21        0.33754
1882             21        0.34969
1883             21        0.36186
1884             21        0.37397
1885             21        0.38614
1886             21         0.3983
1887             21        0.41054
1888             21         0.4227
1889             21        0.43487
1890             21        0.44663
1891             21        0.45876
1892             21         0.4708
1893             21        0.48302
1894             21         0.4951
1895             21        0.50678
1896             21        0.51875
1897             21        0.53098
1898             21        0.54299
1899             21        0.55523
1900             21        0.56744
1901             21         0.5791
1902             21        0.59104
1903             21        0.60319
1904             21        0.61509
1905             21         0.6273
1906             21        0.63954
1907             21        0.65171
1908             21        0.66379
1909             21        0.67593
1910             21        0.68809
1911             21        0.70015
1912             21        0.71228
1913             21        0.72425
1914             21         0.7365
1915             21        0.74874
1916             21        0.76096
1917             21         0.7732
1918             21        0.78544
1919             21        0.79766
1920             21        0.80989
1921             21        0.82205
1922             21        0.83385
1923             21         0.8459
1924             21        0.85805
1925             21        0.87023
1926             21        0.88248
1927             21        0.89471
1928             21        0.90685
1929             21        0.91833
1930             21        0.93038
1931             21        0.94211
1932             21         0.9542
1933             21        0.96555
1934             21         0.9778
1935             21        0.98775
1936    21     1
1747    22     0
1937             22        0.02558
1938             22        0.05683
1939             22         0.0871
1940             22        0.11876
1941             22         0.1506
1942             22        0.18169
1943             22         0.2106
1944             22        0.24249
1945             22        0.27398
1946             22        0.30587
1947             22        0.33776
1948             22        0.36917
1949             22        0.40078
1950             22        0.43271
1951             22        0.46466
1952             22        0.49657
1953             22        0.52852
1954             22        0.56046
1955             22        0.59207
1956             22        0.62396
1957             22        0.65564
1958             22        0.68667
1959             22        0.71807
1960             22        0.74981
1961             22        0.78175
1962             22        0.81308
1963             22        0.84496
1964             22        0.87687
1965             22        0.90835
1966             22        0.93997
1967             22         0.9719
1968    22     1
1968    23     0
1969             23        0.01224
1970             23        0.02629
1971             23        0.04046
1972             23        0.05462
1973             23        0.06882
1974             23        0.08298
1975             23        0.09714
1976             23        0.11134
1977             23        0.12553
1978             23        0.13973
1979             23        0.15385
1980             23        0.16796
1981             23        0.18193
1982             23        0.19606
1983             23        0.21019
1984             23        0.22438
1985             23        0.23858
1986             23        0.25274
1987             23        0.26694
1988             23        0.28097
1989             23        0.29516
1990             23        0.30934
1991             23        0.32347
1992             23        0.33762
1993             23        0.35157
1994             23        0.36569
1995             23        0.37972
1996             23         0.3939
1997             23         0.4081
1998             23        0.42208
1999             23        0.43608
2000             23        0.45028
2001             23        0.46435
2002             23        0.47832
2003             23        0.49236
2004             23        0.50656
2005             23        0.52063
2006             23        0.53483
2007             23        0.54897
2008             23        0.56305
2009             23        0.57691
2010             23        0.59075
2011             23        0.60483
2012             23        0.61895
2013             23        0.63289
2014             23        0.64686
2015             23        0.66097
2016             23        0.67506
2017             23         0.6891
2018             23        0.70297
2019             23         0.7168
2020             23          0.726
2021             23        0.73371
2022             23        0.74792
2023             23        0.76209
2024             23        0.77618
2025             23        0.79032
2026             23        0.80452
2027             23        0.81842
2028             23        0.83247
2029             23        0.84663
2030             23        0.86077
2031             23        0.87496
2032             23        0.88856
2033             23        0.90233
2034             23        0.91616
2035             23        0.92972
2036             23        0.94373
2037             23        0.95777
2038             23        0.97189
2039             23         0.9858
2040    23     1
1968    24     0
2041             24        0.01476
2042             24        0.03042
2043             24        0.04608
2044             24        0.06156
2045             24        0.07695
2046             24        0.09256
2047             24        0.10783
2048             24        0.12296
2049             24        0.13841
2050             24        0.15372
2051             24        0.16935
2052             24        0.18472
2053             24        0.19929
2054             24        0.21446
2055             24        0.23012
2056             24        0.24574
2057             24        0.26128
2058             24        0.27673
2059             24        0.29235
2060             24        0.30794
2061             24         0.3234
2062             24        0.33894
2063             24        0.35396
2064             24        0.36959
2065             24        0.38422
2066             24        0.39799
2067             24        0.41365
2068             24        0.42885
2069             24        0.44422
2070             24        0.45983
2071             24        0.47549
2072             24        0.49114
2073             24        0.50673
2074             24        0.52238
2075             24        0.53804
2076             24         0.5537
2077             24        0.56932
2078             24        0.58495
2079             24        0.60049
2080             24         0.6159
2081             24        0.63152
2082             24        0.64718
2083             24        0.66284
2084             24        0.67849
2085             24        0.69414
2086             24        0.70755
2087             24        0.72204
2088             24         0.7377
2089             24        0.75325
2090             24         0.7684
2091             24        0.78399
2092             24        0.79939
2093             24        0.81497
2094             24        0.83063
2095             24        0.84629
2096             24        0.86191
2097             24        0.87753
2098             24        0.89292
2099             24        0.90851
2100             24        0.92362
2101             24        0.93923
2102             24        0.95483
2103             24        0.97042
2104             24        0.98511
2105    24     1
4  25   0
2106             25        0.18355
2107             25        0.32361
2108             25        0.46366
2109             25        0.60371
2110             25        0.72174
2111             25        0.86124
2112    25     1
2112    26     0
2113    26     1
2113    27     0
2114             27        0.08519
2115             27        0.16653
2116             27        0.25068
2117             27        0.33642
2118             27        0.42295
2119             27        0.50938
2120             27        0.59567
2121             27        0.68084
2122             27        0.76773
2123             27        0.85282
2124             27        0.93835
2125    27     1
2125    28     0
2126             28        0.01018
2127             28        0.02029
2128             28        0.03036
2129             28        0.04055
2130             28        0.05048
2131             28        0.06058
2132             28        0.07076
2133             28        0.08064
2134             28        0.09075
2135             28        0.10037
2136             28        0.11054
2137             28        0.12043
2138             28        0.13037
2139             28        0.13972
2140             28        0.14995
2141             28        0.16005
2142             28        0.16967
2143             28        0.17902
2144             28        0.18805
2145             28          0.198
2146             28        0.20808
2147             28        0.21826
2148             28        0.22833
2149             28        0.23821
2150             28        0.24842
2151             28        0.25816
2152             28        0.26839
2153             28        0.27849
2154             28        0.28809
2155             28        0.29831
2156             28        0.30853
2157             28        0.31871
2158             28        0.32893
2159             28        0.33913
2160             28        0.34931
2161             28        0.35863
2162             28        0.36885
2163             28        0.37869
2164             28        0.38837
2165             28        0.39839
2166             28         0.4085
2167             28        0.41844
2168             28        0.42866
2169             28        0.43875
2170             28        0.44893
2171             28          0.459
2172             28        0.46893
2173             28        0.47911
2174             28        0.48925
2175             28        0.49943
2176             28        0.50966
2177             28        0.51987
2178             28        0.53008
2179             28        0.54013
2180             28        0.55025
2181             28        0.56043
2182             28        0.57065
2183             28        0.58083
2184             28        0.59079
2185             28          0.601
2186             28        0.61118
2187             28        0.62106
2188             28        0.63111
2189             28         0.6413
2190             28        0.65002
2191             28        0.65928
2192             28        0.66944
2193             28        0.67939
2194             28        0.68949
2195             28        0.69922
2196             28        0.70931
2197             28        0.71951
2198             28        0.72973
2199             28        0.73983
2200             28        0.74968
2201             28        0.75973
2202             28        0.76988
2203             28        0.77996
2204             28        0.79011
2205             28        0.79987
2206             28        0.80979
2207             28        0.81972
2208             28        0.82994
2209             28        0.84016
2210             28        0.85038
2211             28        0.86028
2212             28        0.87037
2213             28        0.88053
2214             28        0.89025
2215             28        0.89995
2216             28        0.90953
2217             28        0.91965
2218             28        0.92976
2219             28        0.93992
2220             28        0.94999
2221             28        0.96004
2222             28        0.97018
2223             28        0.98027
2224             28        0.98984
2225    28     1
2125    29     0
2226             29        0.08621
2227             29        0.14972
2228             29        0.21528
2229             29        0.28044
2230             29        0.34588
2231             29        0.41148
2232             29        0.47653
2233             29        0.54199
2234             29        0.60735
2235             29         0.6725
2236             29        0.73815
2237             29         0.8036
2238             29        0.86929
2239             29         0.9343
2240    29     1
2113    30     0
2241             30        0.01084
2242             30        0.02144
2243             30        0.03062
2244             30        0.04112
2245             30        0.05188
2246             30        0.06259
2247             30         0.0732
2248             30        0.08375
2249             30        0.09419
2250             30        0.10492
2251             30        0.11558
2252             30        0.12632
2253             30        0.13706
2254             30         0.1476
2255             30        0.15818
2256             30        0.16889
2257             30        0.17932
2258             30        0.19007
2259             30        0.20083
2260             30        0.21159
2261             30        0.22188
2262             30        0.23151
2263             30        0.24136
2264             30        0.25169
2265             30         0.2624
2266             30        0.27302
2267             30        0.28352
2268             30        0.29311
2269             30        0.30315
2270             30        0.31391
2271             30        0.32437
2272             30        0.33447
2273             30        0.34507
2274             30        0.35583
2275             30        0.36659
2276             30        0.37733
2277             30        0.38802
2278             30        0.39876
2279             30        0.40898
2280             30        0.41916
2281             30        0.42983
2282             30        0.44019
2283             30        0.45064
2284             30         0.4614
2285             30        0.47216
2286             30        0.48264
2287             30        0.49307
2288             30        0.50376
2289             30        0.51452
2290             30        0.52524
2291             30        0.53599
2292             30        0.54546
2293             30         0.5562
2294             30        0.56685
2295             30        0.57757
2296             30        0.58825
2297             30        0.59893
2298             30        0.60964
2299             30        0.62036
2300             30        0.63097
2301             30        0.64169
2302             30        0.65243
2303             30        0.66288
2304             30        0.67353
2305             30        0.68423
2306             30        0.69491
2307             30        0.70555
2308             30        0.71615
2309             30        0.72685
2310             30        0.73761
2311             30         0.7483
2312             30        0.75905
2313             30        0.76982
2314             30        0.78058
2315             30        0.79134
2316             30        0.79946
2317             30         0.8098
2318             30        0.82008
2319             30        0.83031
2320             30        0.84056
2321             30         0.8513
2322             30        0.86178
2323             30        0.87231
2324             30        0.88301
2325             30        0.89332
2326             30        0.90402
2327             30        0.91456
2328             30         0.9253
2329             30          0.936
2330             30        0.94667
2331             30        0.95737
2332             30        0.96809
2333             30        0.97867
2334             30        0.98924
2335    30     1
2112    31     0
2336             31        0.00773
2337             31        0.01556
2338             31        0.02337
2339             31        0.02913
2340             31        0.03697
2341             31        0.04478
2342             31        0.05258
2343             31        0.06017
2344             31        0.06782
2345             31        0.07563
2346             31        0.08341
2347             31        0.09125
2348             31        0.09906
2349             31        0.10684
2350             31        0.11465
2351             31        0.12248
2352             31        0.13026
2353             31        0.13807
2354             31        0.14578
2355             31        0.15357
2356             31        0.16102
2357             31        0.16884
2358             31        0.17649
2359             31        0.18421
2360             31        0.19203
2361             31        0.19986
2362             31        0.20769
2363             31        0.21553
2364             31        0.22336
2365             31        0.23106
2366             31         0.2388
2367             31        0.24654
2368             31        0.25435
2369             31        0.26213
2370             31        0.26995
2371             31        0.27772
2372             31        0.28546
2373             31        0.29308
2374             31        0.30079
2375             31        0.30859
2376             31        0.31643
2377             31        0.32406
2378             31        0.33171
2379             31        0.33953
2380             31        0.34671
2381             31        0.35257
2382             31        0.36009
2383             31        0.36792
2384             31        0.37574
2385             31        0.38344
2386             31        0.39127
2387             31        0.39902
2388             31        0.40683
2389             31        0.41453
2390             31        0.42236
2391             31        0.43019
2392             31        0.43799
2393             31         0.4458
2394             31        0.45344
2395             31        0.46081
2396             31        0.46839
2397             31        0.47601
2398             31        0.48364
2399             31        0.49144
2400             31        0.49928
2401             31        0.50711
2402             31        0.51476
2403             31        0.52239
2404             31        0.53011
2405             31        0.53764
2406             31        0.54543
2407             31        0.55322
2408             31        0.56104
2409             31        0.56887
2410             31        0.57667
2411             31        0.58414
2412             31        0.59193
2413             31        0.59974
2414             31        0.60754
2415             31         0.6153
2416             31        0.62282
2417             31         0.6301
2418             31         0.6379
2419             31        0.64568
2420             31        0.65342
2421             31        0.66125
2422             31        0.66882
2423             31        0.67655
2424             31        0.68437
2425             31        0.69186
2426             31        0.69964
2427             31        0.70735
2428             31        0.71501
2429             31        0.72281
2430             31        0.73063
2431             31        0.73841
2432             31         0.7462
2433             31        0.75397
2434             31        0.76162
2435             31        0.76931
2436             31         0.7771
2437             31        0.78468
2438             31        0.79237
2439             31        0.80009
2440             31        0.80745
2441             31        0.81515
2442             31        0.82292
2443             31         0.8306
2444             31        0.83841
2445             31        0.84583
2446             31        0.85249
2447             31        0.86028
2448             31        0.86805
2449             31         0.8757
2450             31        0.88329
2451             31        0.89027
2452             31        0.89754
2453             31        0.90459
2454             31        0.91241
2455             31        0.91991
2456             31         0.9277
2457             31        0.93495
2458             31        0.94245
2459             31        0.94897
2460             31        0.95447
2461             31        0.96156
2462             31        0.96926
2463             31        0.97699
2464             31        0.98481
2465             31        0.99222
2466    31     1
4  32   0
2467             32        0.12876
2468             32        0.22742
2469             32        0.32608
2470             32        0.42474
2471             32         0.5234
2472             32        0.62206
2473             32        0.70765
2474             32         0.8062
2475             32        0.90134
2476    32     1
3  33   0
2477             33        0.09572
2478             33        0.19145
2479             33        0.28717
2480             33        0.35609
2481             33        0.45154
2482             33        0.54714
2483             33        0.64161
2484             33        0.73662
2485             33        0.83142
2486             33        0.92475
2487    33     1
2487    34     0
2488             34        0.15136
2489             34        0.29424
2490             34        0.43704
2491             34        0.57917
2492             34        0.72101
2493             34        0.86273
2494    34     1
2494    35     0
2495             35        0.13084
2496             35        0.27404
2497             35        0.41952
2498             35        0.56307
2499             35        0.70895
2500             35        0.85421
2501    35     1
2501    36     0
2502             36        0.00906
2503             36        0.01814
2504             36        0.02711
2505             36        0.03619
2506             36        0.04517
2507             36        0.05426
2508             36        0.06336
2509             36        0.07245
2510             36        0.08151
2511             36        0.09055
2512             36        0.09924
2513             36         0.1083
2514             36        0.11729
2515             36        0.12638
2516             36        0.13548
2517             36        0.14448
2518             36        0.15346
2519             36        0.16254
2520             36        0.17158
2521             36        0.18052
2522             36        0.18867
2523             36        0.19591
2524             36        0.20406
2525             36        0.21306
2526             36        0.22216
2527             36        0.23107
2528             36        0.24001
2529             36        0.24889
2530             36        0.25779
2531             36        0.26677
2532             36        0.27571
2533             36        0.28479
2534             36        0.29382
2535             36        0.30289
2536             36        0.31198
2537             36        0.32101
2538             36        0.32927
2539             36        0.33794
2540             36        0.34702
2541             36        0.35605
2542             36        0.36507
2543             36        0.37412
2544             36        0.38322
2545             36        0.39202
2546             36        0.40076
2547             36        0.40979
2548             36        0.41889
2549             36        0.42797
2550             36        0.43677
2551             36        0.44567
2552             36        0.45475
2553             36        0.46352
2554             36        0.47255
2555             36         0.4809
2556             36        0.48994
2557             36        0.49858
2558             36        0.50758
2559             36        0.51609
2560             36        0.52519
2561             36        0.53364
2562             36        0.54272
2563             36        0.55179
2564             36        0.56082
2565             36        0.56945
2566             36        0.57849
2567             36        0.58734
2568             36        0.59631
2569             36        0.60513
2570             36        0.61422
2571             36        0.62307
2572             36        0.63182
2573             36        0.64073
2574             36        0.64974
2575             36         0.6588
2576             36        0.66746
2577             36        0.67584
2578             36        0.68407
2579             36        0.69314
2580             36        0.70219
2581             36        0.71125
2582             36        0.72032
2583             36        0.72936
2584             36        0.73837
2585             36          0.746
2586             36        0.75498
2587             36         0.7639
2588             36        0.77299
2589             36        0.78198
2590             36        0.79104
2591             36        0.79973
2592             36        0.80866
2593             36        0.81703
2594             36        0.82592
2595             36        0.83421
2596             36        0.84323
2597             36        0.85212
2598             36        0.86053
2599             36        0.86933
2600             36         0.8781
2601             36        0.88701
2602             36        0.89249
2603             36        0.89895
2604             36        0.90437
2605             36        0.91346
2606             36         0.9218
2607             36        0.93071
2608             36        0.93959
2609             36        0.94869
2610             36        0.95742
2611             36        0.96647
2612             36        0.97556
2613             36        0.98457
2614             36        0.99313
2615    36     1
2501    37     0
2616             37        0.01367
2617             37        0.02722
2618             37        0.04083
2619             37        0.05435
2620             37        0.06782
2621             37        0.08126
2622             37        0.09461
2623             37        0.10819
2624             37        0.12043
2625             37         0.1338
2626             37        0.14728
2627             37        0.16092
2628             37        0.17444
2629             37        0.18804
2630             37        0.20166
2631             37        0.21528
2632             37        0.22857
2633             37        0.24218
2634             37        0.25581
2635             37        0.26933
2636             37        0.28293
2637             37        0.29628
2638             37        0.30989
2639             37         0.3235
2640             37        0.33703
2641             37        0.35024
2642             37        0.36312
2643             37        0.37645
2644             37        0.39004
2645             37        0.40349
2646             37        0.41714
2647             37        0.43078
2648             37        0.44437
2649             37        0.45747
2650             37        0.47105
2651             37        0.48468
2652             37        0.49775
2653             37        0.51128
2654             37        0.52445
2655             37        0.53787
2656             37        0.55094
2657             37        0.56455
2658             37         0.5782
2659             37        0.59179
2660             37        0.60527
2661             37        0.61881
2662             37        0.63161
2663             37        0.64517
2664             37        0.65881
2665             37        0.67244
2666             37        0.68606
2667             37        0.69942
2668             37        0.71307
2669             37        0.72661
2670             37        0.73992
2671             37        0.75359
2672             37        0.76702
2673             37        0.78063
2674             37         0.7921
2675             37        0.80288
2676             37        0.81544
2677             37         0.8285
2678             37        0.84189
2679             37        0.85521
2680             37        0.86884
2681             37        0.88242
2682             37        0.89605
2683             37         0.9092
2684             37        0.92095
2685             37        0.93446
2686             37        0.94809
2687             37        0.96176
2688             37        0.97516
2689             37        0.98852
2690    37     1
2494    38     0
2691             38          0.086
2692             38        0.16756
2693             38        0.24787
2694             38        0.33319
2695             38        0.41858
2696             38        0.50362
2697             38         0.5875
2698             38        0.66424
2699             38        0.74884
2700             38        0.83185
2701             38        0.91455
2702    38     1
2702    39     0
2703             39        0.04316
2704             39        0.08769
2705             39        0.13088
2706             39        0.17541
2707             39        0.21915
2708             39        0.25526
2709             39        0.29909
2710             39        0.34268
2711             39        0.38618
2712             39        0.43058
2713             39        0.47471
2714             39        0.51905
2715             39        0.56157
2716             39        0.60582
2717             39        0.65036
2718             39        0.69405
2719             39        0.73759
2720             39         0.7816
2721             39        0.82566
2722             39        0.86989
2723             39        0.91186
2724             39        0.95608
2725    39     1
2702    40     0
2726             40        0.05321
2727             40        0.11371
2728             40         0.1711
2729             40        0.22551
2730             40        0.28561
2731             40        0.34591
2732             40        0.40553
2733             40        0.46585
2734             40        0.52607
2735             40        0.58611
2736             40        0.64619
2737             40        0.70631
2738             40        0.76651
2739             40        0.82499
2740             40        0.88545
2741             40        0.94029
2742    40     1
2487    41     0
2743             41        0.01319
2744             41         0.0256
2745             41        0.03814
2746             41        0.05066
2747             41        0.06325
2748             41        0.07584
2749             41        0.08847
2750             41        0.10046
2751             41        0.11309
2752             41        0.12567
2753             41        0.13822
2754             41        0.15069
2755             41        0.16333
2756             41        0.17592
2757             41         0.1885
2758             41        0.20113
2759             41        0.21375
2760             41        0.22638
2761             41        0.23896
2762             41        0.25138
2763             41        0.26401
2764             41        0.27664
2765             41        0.28927
2766             41        0.30189
2767             41        0.31451
2768             41        0.32714
2769             41        0.33961
2770             41        0.35213
2771             41        0.36458
2772             41         0.3766
2773             41        0.38911
2774             41        0.40168
2775             41         0.4139
2776             41        0.42628
2777             41        0.43882
2778             41        0.45146
2779             41        0.46404
2780             41        0.47651
2781             41        0.48884
2782             41        0.50143
2783             41        0.51398
2784             41        0.52661
2785             41        0.53922
2786             41        0.55182
2787             41        0.56436
2788             41        0.57694
2789             41        0.58943
2790             41        0.60207
2791             41        0.61457
2792             41         0.6272
2793             41        0.63933
2794             41        0.65187
2795             41         0.6645
2796             41        0.67711
2797             41        0.68961
2798             41         0.7022
2799             41        0.71475
2800             41        0.72736
2801             41        0.73999
2802             41        0.75247
2803             41        0.76509
2804             41        0.77765
2805             41        0.79015
2806             41        0.80241
2807             41        0.81395
2808             41        0.82654
2809             41        0.83917
2810             41        0.85174
2811             41        0.86422
2812             41        0.87685
2813             41        0.88949
2814             41        0.90209
2815             41         0.9147
2816             41          0.926
2817             41         0.9385
2818             41        0.95077
2819             41        0.96307
2820             41        0.97535
2821             41        0.98766
2822    41     1
