0  0  0
1  0  1
1  1  0
2           1      0.0924
3           1     0.21675
4           1     0.34387
5           1     0.46286
6           1     0.54697
7           1     0.64059
8           1     0.73465
9           1     0.83692
10            1      0.92705
11   1   1
11  66   0
12           66       0.1843
13           66      0.39301
14           66      0.52906
15           66      0.63123
16           66      0.78674
17  66   1
17  67   0
18  67   1
18  126    0
19           126       0.08677
20           126       0.19869
21           126       0.33589
22           126       0.48182
23           126        0.6339
24           126        0.7541
25           126       0.86285
26           126        0.9428
27  126    1
27  68   0
28           68      0.19558
29           68      0.37059
30           68       0.5465
31           68      0.70357
32           68      0.84495
33  68   1
33  127    0
34           127       0.05543
35           127       0.10993
36           127       0.18789
37           127        0.2725
38           127       0.34761
39           127       0.42188
40           127       0.51893
41           127       0.61534
42           127       0.73987
43           127       0.88621
44  127    1
44  128    0
45           128       0.20372
46           128       0.39316
47           128       0.56933
48           128       0.72566
49           128       0.85512
50           128       0.89917
51  128    1
51  129    0
52           129       0.03096
53           129       0.06756
54           129        0.1077
55           129       0.15159
56           129       0.19684
57           129       0.23703
58           129       0.28669
59           129       0.35595
60           129       0.41848
61           129       0.47551
62           129       0.53503
63           129       0.59932
64           129       0.64246
65           129       0.68795
66           129       0.74315
67           129       0.78682
68           129       0.82873
69           129       0.87225
70           129       0.92344
71           129       0.96716
72  129    1
72  69   0
73  69   1
73  130    0
74           130       0.04745
75           130       0.07704
76           130       0.11184
77           130       0.13591
78           130       0.16771
79           130        0.1939
80           130       0.21858
81           130       0.24447
82           130       0.28763
83           130       0.32651
84           130       0.36477
85           130       0.41228
86           130       0.45789
87           130       0.49633
88           130       0.52496
89           130       0.55845
90           130       0.59074
91           130       0.62937
92           130       0.66833
93           130       0.70777
94           130        0.7443
95           130       0.78298
96           130       0.82581
97           130       0.87136
98           130        0.9128
99           130       0.96457
100  130    1
100  131    0
101           131       0.04058
102           131       0.08228
103           131       0.12593
104           131       0.16893
105           131       0.21945
106           131       0.27602
107           131       0.36033
108           131       0.43293
109           131       0.52739
110           131       0.60225
111           131       0.65785
112           131       0.72063
113           131       0.79337
114           131       0.87021
115           131       0.93867
116  131    1
116  132    0
117           132       0.02186
118           132       0.08378
119           132       0.12933
120           132       0.18555
121           132       0.23166
122           132       0.29408
123           132       0.36182
124           132       0.44629
125           132        0.5477
126           132       0.63915
127           132       0.72827
128           132       0.84084
129           132       0.94674
130  132    1
130   70    0
131   70    1
131  133    0
132           133       0.03254
133           133        0.0822
134           133       0.12413
135           133       0.16087
136           133       0.21104
137           133       0.25998
138           133       0.30466
139           133         0.352
140           133       0.40562
141           133       0.44159
142           133       0.47772
143           133       0.50634
144           133       0.54655
145           133       0.58482
146           133       0.63143
147           133       0.67683
148           133       0.73235
149           133       0.78388
150           133       0.84274
151           133       0.90017
152           133       0.94785
153  133    1
153   71    0
154            71        0.1126
155            71       0.24201
156            71       0.33045
157            71       0.42692
158            71       0.56331
159            71       0.70497
160            71       0.85615
161   71    1
161   72    0
162   72    1
162  134    0
163           134       0.06902
164           134        0.1655
165           134       0.26485
166           134       0.37123
167           134       0.46168
168           134       0.53016
169           134       0.61231
170           134       0.67869
171           134        0.7553
172           134       0.83828
173           134       0.92782
174  134    1
174   73    0
175   73    1
175  135    0
176           135       0.01402
177           135       0.02933
178           135       0.03936
179           135       0.05478
180           135       0.07742
181           135       0.10066
182           135       0.12852
183           135       0.15156
184           135        0.1766
185           135       0.20165
186           135       0.22687
187           135       0.24637
188           135       0.26198
189           135       0.27967
190           135       0.29421
191           135       0.31385
192           135       0.33277
193           135       0.34917
194           135          0.37
195           135       0.39091
196           135       0.41075
197           135       0.42236
198           135       0.43618
199           135       0.45035
200           135       0.46439
201           135       0.48012
202           135       0.50143
203           135       0.51657
204           135       0.53725
205           135       0.55935
206           135       0.58689
207           135       0.61204
208           135       0.63396
209           135       0.65882
210           135        0.6816
211           135       0.70505
212           135       0.72418
213           135       0.74072
214           135       0.74936
215           135       0.76657
216           135       0.78537
217           135       0.81021
218           135       0.83287
219           135       0.85274
220           135       0.87802
221           135       0.90432
222           135        0.9188
223           135       0.93534
224           135       0.95703
225           135       0.98084
226  135    1
226  136    0
227           136       0.12111
228           136       0.24187
229           136       0.37997
230           136       0.51679
231           136       0.67535
232           136       0.82832
233  136    1
233  137    0
234           137       0.05312
235           137        0.0758
236           137       0.13161
237           137       0.16959
238           137       0.24484
239           137       0.32807
240           137       0.40566
241           137       0.48985
242           137       0.58831
243           137       0.68405
244           137        0.7761
245           137       0.84925
246           137       0.90653
247           137       0.93986
248  137    1
248  138    0
249           138       0.08445
250           138       0.16999
251           138       0.24483
252           138       0.31195
253           138       0.38202
254           138       0.44759
255           138       0.50546
256           138       0.54841
257           138       0.59675
258           138       0.62869
259           138       0.65939
260           138       0.69586
261           138       0.73521
262           138       0.77313
263           138       0.82314
264           138       0.86914
265           138       0.92204
266  138    1
266  139    0
267           139       0.39053
268           139       0.69665
269  139    1
269  140    0
270           140       0.38227
271           140        0.7199
272  140    1
272  141    0
273           141       0.01904
274           141       0.05135
275           141       0.08284
276           141       0.11089
277           141       0.14506
278           141       0.17883
279           141        0.2181
280           141       0.26035
281           141       0.29659
282           141       0.33634
283           141       0.38224
284           141       0.43083
285           141       0.47961
286           141       0.52114
287           141       0.55477
288           141       0.59866
289           141       0.64848
290           141        0.6963
291           141       0.75113
292           141       0.80382
293           141       0.85688
294           141       0.89498
295           141       0.93138
296           141       0.96638
297  141    1
297  142    0
298           142       0.03415
299           142       0.07166
300           142       0.12138
301           142       0.15314
302           142       0.19499
303           142       0.24537
304           142       0.28333
305           142       0.32103
306           142        0.3489
307           142       0.39158
308           142       0.43149
309           142       0.47719
310           142        0.5134
311           142       0.55261
312           142       0.58985
313           142       0.62755
314           142       0.68011
315           142       0.73189
316           142       0.78069
317           142       0.82319
318           142       0.86477
319           142       0.89995
320           142       0.93113
321           142       0.96113
322  142    1
297  143    0
323           143       0.07678
324           143        0.1355
325           143       0.18043
326           143       0.23094
327           143       0.27668
328           143       0.32029
329           143       0.35788
330           143       0.39963
331           143       0.45371
332           143        0.5035
333           143        0.5456
334           143       0.58708
335           143        0.6306
336           143       0.67131
337           143       0.72498
338           143       0.76516
339           143       0.80508
340           143       0.85422
341           143       0.89947
342           143       0.93251
343           143       0.96297
344  143    1
272  144    0
345           144       0.20818
346           144       0.32925
347           144       0.42663
348           144       0.56867
349           144       0.72045
350           144       0.85502
351  144    1
351  145    0
352           145       0.02268
353           145       0.03734
354           145       0.06173
355           145       0.09774
356           145       0.12946
357           145       0.16523
358           145        0.2031
359           145       0.24136
360           145       0.27248
361           145       0.30406
362           145       0.32973
363           145       0.35299
364           145        0.3616
365           145       0.38688
366           145       0.39605
367           145       0.41408
368           145       0.43397
369           145       0.45716
370           145       0.48879
371           145       0.53552
372           145       0.57245
373           145       0.61333
374           145       0.65427
375           145       0.68944
376           145       0.72509
377           145       0.75551
378           145        0.7862
379           145       0.81402
380           145       0.85716
381           145       0.89373
382           145       0.92304
383           145       0.95018
384           145       0.97372
385  145    1
351  146    0
386           146       0.04267
387           146       0.05869
388           146       0.08315
389           146       0.11725
390           146       0.14035
391           146       0.17229
392           146       0.20793
393           146       0.24176
394           146       0.26182
395           146       0.29565
396           146        0.3301
397           146       0.36101
398           146       0.38912
399           146       0.43088
400           146       0.47388
401           146       0.51547
402           146       0.55402
403           146       0.60225
404           146        0.6425
405           146       0.68009
406           146       0.71443
407           146       0.74451
408           146       0.77824
409           146       0.81261
410           146        0.8521
411           146       0.89414
412           146       0.93333
413           146       0.96602
414  146    1
269  147    0
415           147       0.07723
416           147       0.13332
417           147       0.18949
418           147       0.24188
419           147       0.29774
420           147       0.34354
421           147       0.38276
422           147       0.41096
423           147       0.45908
424           147       0.51186
425           147       0.56174
426           147       0.61387
427           147       0.67053
428           147       0.72958
429           147       0.79544
430           147       0.85086
431           147       0.89764
432           147       0.94947
433  147    1
266  148    0
434           148       0.09623
435           148       0.17682
436           148       0.25445
437           148       0.33308
438           148       0.39979
439           148       0.45372
440           148        0.5029
441           148       0.54357
442           148        0.5858
443           148       0.63728
444           148       0.68957
445           148       0.75489
446           148       0.81884
447           148       0.88936
448           148       0.93938
449  148    1
248  149    0
450           149       0.08573
451           149       0.15049
452           149       0.20415
453           149       0.26523
454           149       0.32757
455           149       0.37412
456           149       0.44647
457           149       0.52224
458           149       0.60209
459           149       0.67657
460           149       0.75553
461           149       0.81831
462           149       0.87501
463           149       0.91248
464           149        0.9638
465           149       0.98822
466  149    1
466  150    0
467           150       0.06477
468           150       0.14595
469           150       0.21185
470           150       0.27682
471           150       0.33988
472           150       0.39342
473           150       0.42998
474           150       0.46795
475           150       0.51077
476           150       0.56932
477           150       0.62523
478           150       0.66577
479           150       0.70889
480           150       0.75687
481           150       0.77921
482           150       0.81213
483           150       0.84784
484           150       0.89402
485           150       0.93967
486  150    1
466  151    0
487           151       0.05307
488           151       0.14532
489           151       0.27713
490           151       0.39282
491           151       0.47687
492           151       0.57666
493           151       0.65784
494           151       0.77552
495           151       0.89443
496  151    1
233  152    0
497           152       0.03692
498           152       0.09054
499           152       0.12866
500           152        0.1732
501           152        0.2162
502           152       0.25376
503           152       0.28449
504           152       0.33057
505           152       0.38074
506           152       0.42631
507           152        0.4811
508           152       0.53697
509           152       0.60693
510           152       0.68034
511           152        0.7453
512           152       0.80675
513           152       0.85661
514           152       0.90908
515           152       0.95628
516  152    1
226  153    0
517           153       0.22595
518           153       0.41326
519           153        0.6271
520           153       0.84728
521  153    1
521  154    0
522           154       0.17808
523           154       0.36456
524           154       0.52935
525           154       0.74379
526  154    1
526  155    0
527           155        0.0388
528           155       0.08409
529           155       0.12281
530           155       0.16499
531           155       0.19363
532           155       0.21874
533           155       0.24211
534           155       0.25474
535           155       0.28552
536           155        0.3109
537           155       0.32832
538           155       0.34032
539           155       0.36992
540           155       0.39626
541           155       0.41399
542           155       0.44168
543           155       0.47112
544           155       0.49046
545           155       0.52496
546           155         0.566
547           155       0.61163
548           155       0.64616
549           155       0.67083
550           155       0.69396
551           155       0.71988
552           155       0.74852
553           155       0.77678
554           155       0.80168
555           155       0.84141
556           155       0.87268
557           155       0.90755
558           155        0.9391
559           155       0.97493
560  155    1
526  156    0
561           156        0.0912
562           156       0.18904
563           156       0.28108
564           156       0.39432
565           156        0.5049
566           156       0.59113
567           156       0.66595
568           156       0.74884
569           156       0.83408
570           156       0.91851
571  156    1
521  157    0
572           157        0.0741
573           157       0.10826
574           157       0.14664
575           157       0.18671
576           157       0.21535
577           157       0.24968
578           157       0.28515
579           157       0.32576
580           157       0.36075
581           157       0.39433
582           157       0.42557
583           157       0.46236
584           157        0.4959
585           157       0.52998
586           157       0.56596
587           157       0.60509
588           157       0.63869
589           157       0.67192
590           157       0.71086
591           157       0.74661
592           157       0.79285
593           157       0.83354
594           157       0.87432
595           157       0.91304
596           157       0.96135
597  157    1
161   78    0
598            78       0.10881
599            78       0.19394
600            78       0.28289
601            78       0.36124
602            78       0.42837
603            78       0.48837
604            78       0.54138
605            78       0.61994
606            78       0.67672
607            78       0.73471
608            78       0.80046
609            78       0.86306
610            78       0.92501
611   78    1
130   79    0
612            79       0.04667
613            79       0.06961
614            79       0.10054
615            79       0.13957
616            79       0.18802
617            79       0.24024
618            79        0.2873
619            79       0.33387
620            79       0.38222
621            79       0.43428
622            79       0.47945
623            79       0.53429
624            79       0.58102
625            79        0.6215
626            79       0.67653
627            79       0.73197
628            79       0.77956
629            79       0.82743
630            79        0.8702
631            79       0.91267
632            79       0.94497
633   79    1
633  158    0
634           158       0.20267
635           158       0.36792
636           158       0.57339
637           158       0.78178
638  158    1
116   80    0
639            80       0.14732
640            80       0.21765
641            80       0.28261
642            80       0.34262
643            80       0.37661
644            80       0.42072
645            80       0.44412
646            80       0.49611
647            80         0.568
648            80       0.60976
649            80       0.66734
650            80       0.73919
651            80       0.82439
652            80       0.91499
653   80    1
100   81    0
654            81        0.0581
655            81       0.09754
656            81       0.13831
657            81       0.17346
658            81       0.20783
659            81        0.2374
660            81       0.26479
661            81       0.29187
662            81       0.31119
663            81       0.33822
664            81       0.37209
665            81       0.40799
666            81       0.44034
667            81       0.47015
668            81       0.50471
669            81       0.54416
670            81       0.58041
671            81       0.61444
672            81       0.63818
673            81        0.6691
674            81       0.70863
675            81       0.75585
676            81       0.79335
677            81       0.82826
678            81       0.87901
679            81       0.91994
680            81       0.94343
681            81       0.96994
682   81    1
682  159    0
683  159    1
683   82    0
684   82    1
72  83   0
685            83        0.0707
686            83       0.11351
687            83       0.14848
688            83       0.18097
689            83       0.20917
690            83       0.24918
691            83       0.28793
692            83       0.33744
693            83       0.38596
694            83       0.42843
695            83       0.48528
696            83       0.54082
697            83        0.5981
698            83        0.6667
699            83       0.72324
700            83       0.77659
701            83       0.82903
702            83       0.88938
703            83       0.93481
704            83       0.96741
705   83    1
705   84    0
706            84       0.34671
707            84       0.67341
708   84    1
708   85    0
709            85       0.00367
710            85       0.03367
711            85        0.0672
712            85       0.08174
713            85       0.11092
714            85       0.14907
715            85       0.19803
716            85       0.25599
717            85       0.31008
718            85       0.36809
719            85       0.42742
720            85       0.47843
721            85       0.52363
722            85       0.56909
723            85       0.59255
724            85       0.62467
725            85       0.66792
726            85       0.70997
727            85       0.74912
728            85        0.7846
729            85       0.84145
730            85       0.88972
731            85       0.93608
732            85       0.97752
733   85    1
733   86    0
734            86       0.11402
735            86       0.23651
736            86       0.36786
737            86       0.53062
738            86       0.67421
739            86       0.84093
740   86    1
740  160    0
741  160    1
741   87    0
742            87       0.14051
743            87       0.24896
744            87       0.40745
745            87       0.54376
746            87        0.6342
747            87       0.76041
748            87        0.8776
749   87    1
733   88    0
750            88       0.07999
751            88       0.13983
752            88       0.21241
753            88       0.29985
754            88       0.37707
755            88       0.47445
756            88       0.56189
757            88       0.64825
758            88       0.75184
759            88       0.86736
760   88    1
708   89    0
761            89       0.10224
762            89       0.18251
763            89       0.24768
764            89       0.31236
765            89       0.37617
766            89       0.45611
767            89       0.50689
768            89       0.55132
769            89        0.6055
770            89       0.65526
771            89       0.69505
772            89       0.74802
773            89       0.78763
774            89       0.83744
775            89       0.87396
776            89       0.92775
777   89    1
705   90    0
778            90       0.03316
779            90       0.06126
780            90       0.09081
781            90       0.11658
782            90       0.14157
783            90        0.1703
784            90       0.19758
785            90       0.23641
786            90       0.26975
787            90       0.30855
788            90       0.35343
789            90       0.40165
790            90       0.44225
791            90        0.4767
792            90       0.50372
793            90       0.52237
794            90       0.53762
795            90       0.55827
796            90        0.5836
797            90       0.61038
798            90       0.63764
799            90       0.68433
800            90       0.72724
801            90       0.76125
802            90       0.80231
803            90       0.84105
804            90       0.87508
805            90       0.89836
806            90       0.91398
807            90       0.94255
808            90       0.96393
809            90       0.97897
810   90    1
51  91   0
811            91       0.03106
812            91       0.08815
813            91       0.14018
814            91       0.18876
815            91       0.23434
816            91       0.27778
817            91       0.33507
818            91       0.37853
819            91       0.42335
820            91       0.46038
821            91       0.49968
822            91       0.53909
823            91       0.58237
824            91       0.61792
825            91       0.65681
826            91       0.71249
827            91       0.77489
828            91       0.82302
829            91        0.8856
830            91       0.94908
831   91    1
831  161    0
832  161    1
832   92    0
833            92       0.08047
834            92        0.1589
835            92       0.26042
836            92       0.35918
837            92       0.48461
838            92       0.59649
839            92        0.7364
840            92        0.8757
841   92    1
44  93   0
842            93       0.02481
843            93       0.09479
844            93       0.17052
845            93       0.25398
846            93        0.3308
847            93       0.40373
848            93       0.48611
849            93       0.56728
850            93       0.64826
851            93       0.73211
852            93       0.79829
853            93       0.84266
854            93       0.88901
855            93       0.95046
856   93    1
27  74   0
857            74        0.1999
858            74       0.37054
859            74       0.55203
860            74       0.71515
861            74         0.859
862   74    1
862   75    0
863   75    1
863  162    0
864           162       0.02748
865           162       0.05036
866           162       0.08225
867           162       0.11616
868           162       0.13886
869           162       0.16206
870           162       0.19166
871           162       0.21701
872           162       0.23506
873           162        0.2523
874           162       0.27694
875           162        0.3038
876           162       0.33895
877           162       0.37717
878           162       0.41992
879           162       0.46703
880           162       0.51871
881           162       0.56298
882           162        0.6025
883           162       0.62604
884           162       0.62626
885           162       0.64929
886           162       0.65698
887           162       0.65732
888           162       0.69791
889           162       0.72647
890           162       0.74829
891           162        0.7622
892           162       0.77584
893           162       0.78197
894           162       0.79673
895           162        0.8213
896           162       0.85252
897           162       0.87981
898           162       0.91401
899           162       0.95511
900  162    1
900   76    0
901   76    1
901  163    0
902           163       0.17679
903           163       0.33364
904           163       0.46505
905           163       0.58434
906           163       0.69278
907           163       0.77123
908           163       0.90112
909  163    1
909  164    0
910           164        0.0056
911           164       0.01914
912           164       0.03054
913           164       0.04293
914           164       0.06237
915           164       0.08109
916           164       0.09725
917           164       0.11134
918           164       0.12907
919           164       0.14732
920           164       0.15986
921           164       0.17033
922           164       0.18375
923           164       0.20055
924           164       0.21588
925           164       0.23358
926           164       0.24962
927           164       0.26472
928           164       0.27917
929           164       0.29375
930           164       0.30404
931           164       0.31746
932           164       0.32871
933           164       0.33722
934           164       0.34542
935           164       0.35902
936           164       0.37841
937           164       0.39473
938           164       0.41388
939           164       0.42638
940           164        0.4264
941           164       0.43426
942           164       0.44291
943           164       0.45336
944           164       0.46678
945           164       0.48078
946           164       0.49683
947           164       0.51298
948           164       0.52706
949           164        0.5357
950           164       0.54754
951           164       0.56253
952           164        0.5804
953           164       0.60034
954           164       0.62157
955           164       0.63859
956           164       0.65108
957           164       0.66215
958           164       0.67157
959           164       0.68362
960           164       0.69611
961           164        0.7152
962           164       0.73188
963           164       0.74714
964           164        0.7634
965           164       0.78065
966           164       0.79637
967           164       0.80989
968           164       0.82455
969           164       0.84019
970           164       0.85479
971           164       0.86925
972           164       0.88682
973           164       0.90149
974           164       0.91573
975           164       0.93303
976           164       0.94705
977           164       0.95936
978           164       0.97182
979           164       0.98708
980  164    1
980   77    0
981            77       0.09714
982            77       0.18961
983            77       0.32182
984            77       0.43667
985            77       0.54741
986            77       0.65579
987            77       0.79065
988            77       0.91366
989   77    1
989  165    0
990  165    1
909   94    0
991            94       0.02932
992            94       0.10007
993            94       0.17012
994            94       0.23989
995            94       0.30299
996            94       0.36748
997            94       0.40942
998            94       0.45915
999            94       0.51665
1000             94        0.56856
1001             94        0.60916
1002             94        0.65185
1003             94        0.71891
1004             94        0.77535
1005             94        0.82052
1006             94        0.87285
1007             94        0.91225
1008             94        0.94963
1009    94     1
1009    95     0
1010             95        0.00038
1011             95        0.03871
1012             95        0.07777
1013             95        0.10757
1014             95        0.13872
1015             95        0.18009
1016             95        0.22728
1017             95        0.29139
1018             95        0.34897
1019             95        0.41271
1020             95        0.46933
1021             95        0.52273
1022             95         0.5682
1023             95        0.60257
1024             95        0.64328
1025             95        0.69064
1026             95        0.73545
1027             95        0.78101
1028             95         0.8179
1029             95        0.86728
1030             95        0.90661
1031             95        0.95103
1032    95     1
1009    96     0
1033             96        0.02437
1034             96         0.0501
1035             96        0.10147
1036             96         0.1576
1037             96        0.22221
1038             96        0.29569
1039             96        0.35841
1040             96        0.42503
1041             96        0.49477
1042             96        0.55071
1043             96        0.59402
1044             96        0.63496
1045             96        0.66635
1046             96        0.69984
1047             96        0.73891
1048             96        0.76268
1049             96        0.79694
1050             96        0.83938
1051             96        0.87844
1052             96        0.91408
1053             96        0.96089
1054    96     1
862   97    0
1055             97        0.04214
1056             97         0.1029
1057             97        0.18202
1058             97        0.26034
1059             97        0.33227
1060             97        0.41252
1061             97         0.4918
1062             97        0.54791
1063             97         0.5874
1064             97         0.6397
1065             97        0.68483
1066             97        0.73775
1067             97        0.80475
1068             97        0.86909
1069             97        0.91961
1070             97        0.96465
1071    97     1
1071    98     0
1072             98          0.014
1073             98        0.06136
1074             98        0.13706
1075             98        0.19042
1076             98        0.23881
1077             98        0.28479
1078             98        0.32529
1079             98        0.37668
1080             98        0.40885
1081             98        0.44267
1082             98        0.48634
1083             98        0.55063
1084             98        0.60817
1085             98        0.67145
1086             98        0.74012
1087             98        0.80057
1088             98        0.85082
1089             98        0.88426
1090             98        0.95145
1091             98        0.99976
1092    98     1
1092   166     0
1093   166     1
1093    99     0
1094             99        0.03063
1095             99        0.06527
1096             99        0.10054
1097             99        0.14208
1098             99        0.17886
1099             99        0.21669
1100             99        0.24895
1101             99        0.26943
1102             99        0.29278
1103             99        0.32942
1104             99        0.37633
1105             99        0.42065
1106             99        0.45937
1107             99        0.49929
1108             99        0.53217
1109             99        0.55709
1110             99         0.5765
1111             99        0.60287
1112             99        0.61187
1113             99        0.63276
1114             99        0.66413
1115             99        0.70459
1116             99        0.75095
1117             99        0.80659
1118             99        0.85478
1119             99        0.88507
1120             99        0.92791
1121             99        0.96902
1122    99     1
1071   100     0
1123            100        0.07434
1124            100        0.11602
1125            100        0.16837
1126            100        0.22074
1127            100        0.26352
1128            100        0.30041
1129            100        0.33782
1130            100        0.36243
1131            100         0.3625
1132            100         0.4193
1133            100        0.47119
1134            100        0.51832
1135            100        0.56209
1136            100        0.61356
1137            100        0.68674
1138            100         0.7519
1139            100        0.81035
1140            100        0.87664
1141            100        0.93599
1142            100        0.97537
1143   100     1
1143   167     0
1144   167     1
1144   101     0
1145            101        0.04956
1146            101        0.18857
1147            101        0.37042
1148            101        0.51246
1149            101        0.72527
1150   101     1
17  102    0
1151            102        0.40904
1152            102        0.67809
1153   102     1
1153   103     0
1154            103        0.18709
1155            103        0.36603
1156            103        0.51717
1157            103        0.65562
1158            103        0.80104
1159            103        0.91216
1160   103     1
1160   168     0
1161            168         0.1766
1162            168        0.37697
1163            168        0.50252
1164            168        0.65338
1165            168        0.82283
1166   168     1
1166   104     0
1167            104        0.18756
1168            104        0.42054
1169            104        0.64137
1170            104        0.77983
1171   104     1
1171   105     0
1172            105        0.44682
1173            105        0.67442
1174   105     1
1174   106     0
1175            106         0.1308
1176            106        0.35304
1177            106        0.52978
1178            106        0.66775
1179            106        0.80961
1180   106     1
1180   107     0
1181            107        0.07135
1182            107         0.1521
1183            107        0.25605
1184            107        0.34179
1185            107        0.43162
1186            107         0.5405
1187            107        0.64828
1188            107        0.75958
1189            107        0.84917
1190            107        0.91949
1191   107     1
1191   108     0
1192            108        0.11098
1193            108        0.18559
1194            108        0.27127
1195            108        0.38114
1196            108        0.46691
1197            108        0.55218
1198            108        0.64249
1199            108        0.71892
1200            108        0.76763
1201            108        0.81428
1202            108        0.85988
1203            108        0.93665
1204   108     1
1204   169     0
1205   169     1
1205   109     0
1206            109        0.21335
1207            109        0.43527
1208            109        0.64313
1209            109        0.83197
1210   109     1
1191   110     0
1211            110        0.03755
1212            110        0.11826
1213            110        0.20029
1214            110        0.27371
1215            110        0.37971
1216            110        0.48096
1217            110        0.57701
1218            110        0.65979
1219            110        0.74034
1220            110        0.81531
1221            110        0.88442
1222            110        0.93691
1223   110     1
1223   170     0
1224   170     1
1224   111     0
1225            111        0.18504
1226            111        0.39376
1227            111        0.66838
1228   111     1
1180   112     0
1229            112        0.01634
1230            112        0.04744
1231            112        0.07314
1232            112        0.10074
1233            112        0.15235
1234            112        0.18922
1235            112        0.21978
1236            112        0.25095
1237            112         0.2957
1238            112        0.35393
1239            112        0.40006
1240            112        0.45155
1241            112        0.50196
1242            112        0.54496
1243            112        0.57203
1244            112         0.5983
1245            112        0.63252
1246            112         0.6727
1247            112        0.72572
1248            112        0.77828
1249            112        0.82176
1250            112        0.88268
1251            112        0.95059
1252   112     1
1252   171     0
1253            171         0.5343
1254   171     1
1254   113     0
1255   113     1
1174   114     0
1256            114        0.03295
1257            114        0.06914
1258            114         0.1042
1259            114        0.13575
1260            114        0.16236
1261            114        0.19945
1262            114        0.22379
1263            114        0.25038
1264            114         0.2792
1265            114        0.30055
1266            114         0.3124
1267            114        0.33934
1268            114        0.37589
1269            114        0.42053
1270            114        0.46746
1271            114         0.5128
1272            114        0.55421
1273            114         0.5972
1274            114        0.64388
1275            114        0.68438
1276            114        0.71442
1277            114        0.74514
1278            114          0.779
1279            114        0.82287
1280            114        0.84391
1281            114        0.85798
1282            114        0.88391
1283            114        0.90956
1284            114        0.94688
1285            114        0.97823
1286   114     1
1286   172     0
1287   172     1
1287   115     0
1288            115        0.08552
1289            115        0.17463
1290            115        0.30997
1291            115         0.4423
1292            115        0.56014
1293            115        0.66997
1294            115        0.78748
1295            115        0.90133
1296   115     1
1171   116     0
1297            116        0.03757
1298            116        0.06619
1299            116        0.09188
1300            116        0.11889
1301            116        0.15396
1302            116         0.1984
1303            116         0.2397
1304            116        0.28019
1305            116        0.32384
1306            116        0.35673
1307            116        0.38671
1308            116        0.40742
1309            116        0.42264
1310            116        0.43065
1311            116        0.43924
1312            116        0.45771
1313            116        0.48871
1314            116        0.53509
1315            116        0.58241
1316            116        0.62396
1317            116        0.67288
1318            116        0.72459
1319            116        0.75453
1320            116        0.78379
1321            116        0.81066
1322            116         0.8437
1323            116        0.86806
1324            116        0.88299
1325            116        0.90493
1326            116        0.92666
1327            116         0.9415
1328            116        0.97582
1329   116     1
1329   173     0
1330   173     1
1330   117     0
1331            117        0.10252
1332            117        0.18325
1333            117        0.27532
1334            117         0.3502
1335            117        0.43682
1336            117        0.50577
1337            117        0.56865
1338            117         0.6154
1339            117        0.67565
1340            117        0.71158
1341            117        0.77564
1342            117        0.84714
1343            117        0.91349
1344   117     1
1153   118     0
1345   118     1
1345   119     0
1346            119        0.29418
1347            119        0.47873
1348            119        0.73354
1349   119     1
1349   174     0
1350            174        0.10789
1351            174        0.25294
1352            174        0.41979
1353            174        0.56169
1354            174        0.65855
1355            174        0.84794
1356   174     1
1356   120     0
1357            120          0.388
1358            120        0.66973
1359   120     1
1359   121     0
1360            121         0.0199
1361            121        0.03616
1362            121        0.05063
1363            121        0.07591
1364            121        0.10783
1365            121        0.15071
1366            121        0.19476
1367            121        0.23639
1368            121         0.2662
1369            121        0.29809
1370            121        0.32441
1371            121        0.34329
1372            121        0.35397
1373            121         0.3722
1374            121        0.39893
1375            121        0.42763
1376            121        0.45316
1377            121        0.48553
1378            121        0.51346
1379            121        0.54162
1380            121        0.56954
1381            121        0.60033
1382            121        0.63494
1383            121        0.66656
1384            121        0.69989
1385            121          0.736
1386            121        0.77323
1387            121        0.81189
1388            121        0.84876
1389            121        0.88415
1390            121        0.91097
1391            121        0.93734
1392            121        0.96242
1393            121        0.98058
1394   121     1
1394   175     0
1395   175     1
1395   122     0
1396   122     1
1359   123     0
1397            123         0.1149
1398            123        0.20104
1399            123        0.26486
1400            123        0.31244
1401            123        0.34916
1402            123        0.38591
1403            123        0.44468
1404            123        0.47662
1405            123        0.53495
1406            123        0.59924
1407            123        0.65104
1408            123        0.71951
1409            123        0.79858
1410            123        0.86894
1411            123        0.93253
1412   123     1
1345   124     0
1413            124        0.29111
1414            124        0.51548
1415            124        0.70725
1416            124         0.8343
1417   124     1
1417   176     0
1418            176         0.1937
1419            176        0.35896
1420            176        0.45539
1421            176        0.64227
1422            176        0.80995
1423   176     1
1423   125     0
1424            125        0.04112
1425            125        0.08066
1426            125         0.1219
1427            125        0.17148
1428            125        0.21151
1429            125        0.25833
1430            125        0.30465
1431            125        0.35424
1432            125          0.408
1433            125         0.4678
1434            125        0.51932
1435            125         0.5513
1436            125        0.58873
1437            125        0.62231
1438            125        0.66822
1439            125        0.70945
1440            125        0.74881
1441            125        0.78052
1442            125        0.81947
1443            125        0.86501
1444            125         0.9209
1445            125        0.96269
1446   125     1
1  2  0
1447     2     1
1447     3     0
1448              3        0.56799
1449     3     1
1449     4     0
1450              4         0.0155
1451              4        0.04186
1452              4        0.06574
1453              4        0.09932
1454              4        0.12899
1455              4        0.15881
1456              4        0.18589
1457              4        0.21925
1458              4        0.26478
1459              4        0.31659
1460              4        0.37039
1461              4        0.42584
1462              4        0.48313
1463              4         0.5417
1464              4        0.60216
1465              4        0.64677
1466              4        0.69318
1467              4        0.75193
1468              4        0.80981
1469              4        0.86729
1470              4        0.91076
1471              4        0.95844
1472     4     1
1472     5     0
1473              5         0.1777
1474              5        0.28015
1475              5        0.37131
1476              5        0.56621
1477              5        0.71254
1478     5     1
1478     6     0
1479              6        0.08117
1480              6        0.21373
1481              6        0.34652
1482              6        0.48553
1483              6        0.63576
1484              6        0.83995
1485     6     1
1485     7     0
1486              7        0.01255
1487              7        0.02258
1488              7        0.03528
1489              7        0.05257
1490              7        0.07318
1491              7        0.09083
1492              7        0.10861
1493              7        0.12795
1494              7        0.14872
1495              7        0.16802
1496              7        0.18355
1497              7        0.18947
1498              7        0.20202
1499              7        0.21633
1500              7        0.22834
1501              7        0.23922
1502              7        0.24884
1503              7        0.26502
1504              7        0.28384
1505              7        0.30446
1506              7        0.32673
1507              7        0.34579
1508              7        0.36549
1509              7        0.38372
1510              7        0.40228
1511              7        0.41804
1512              7        0.42743
1513              7        0.43653
1514              7        0.44755
1515              7        0.45538
1516              7        0.46101
1517              7         0.4722
1518              7        0.48064
1519              7         0.4922
1520              7        0.50619
1521              7        0.52025
1522              7        0.53595
1523              7        0.55163
1524              7         0.5666
1525              7        0.58646
1526              7        0.60829
1527              7        0.62571
1528              7        0.64124
1529              7        0.66173
1530              7        0.68026
1531              7        0.69632
1532              7        0.71333
1533              7        0.72579
1534              7        0.73704
1535              7        0.75262
1536              7        0.76787
1537              7        0.78242
1538              7        0.79848
1539              7        0.82063
1540              7         0.8401
1541              7        0.85401
1542              7        0.86888
1543              7        0.88207
1544              7        0.89527
1545              7        0.90797
1546              7        0.91983
1547              7        0.92964
1548              7         0.9458
1549              7        0.96505
1550              7        0.98091
1551     7     1
1485     8     0
1552              8         0.0474
1553              8        0.09183
1554              8        0.13935
1555              8         0.1843
1556              8        0.23337
1557              8        0.30256
1558              8        0.37334
1559              8        0.43526
1560              8        0.50053
1561              8        0.56562
1562              8        0.63715
1563              8        0.69735
1564              8        0.77085
1565              8        0.83154
1566              8        0.89177
1567              8        0.92811
1568              8        0.95894
1569     8     1
1569     9     0
1570              9        0.09597
1571              9        0.18539
1572              9        0.29216
1573              9         0.3797
1574              9        0.48211
1575              9        0.55521
1576              9        0.64327
1577              9        0.72376
1578              9         0.7862
1579              9        0.85259
1580              9        0.93088
1581     9     1
1569    10     0
1582             10        0.11065
1583             10        0.17162
1584             10        0.23721
1585             10        0.33858
1586             10         0.4389
1587             10        0.55028
1588             10        0.64632
1589             10        0.73578
1590             10        0.83248
1591             10        0.92166
1592    10     1
1478    11     0
1593             11        0.03967
1594             11        0.07725
1595             11        0.11487
1596             11        0.15932
1597             11        0.20392
1598             11        0.23666
1599             11        0.28354
1600             11        0.32673
1601             11        0.36028
1602             11        0.38258
1603             11        0.40048
1604             11        0.42246
1605             11        0.45818
1606             11        0.48887
1607             11        0.51982
1608             11         0.5615
1609             11        0.60223
1610             11        0.64257
1611             11        0.68685
1612             11        0.71917
1613             11        0.75473
1614             11        0.78666
1615             11        0.82403
1616             11        0.85676
1617             11        0.89286
1618             11        0.92615
1619             11        0.96641
1620    11     1
1472    12     0
1621             12        0.05672
1622             12        0.13303
1623             12         0.1782
1624             12        0.20772
1625             12        0.26449
1626             12        0.32261
1627             12        0.37249
1628             12        0.43174
1629             12         0.4925
1630             12        0.56944
1631             12        0.63587
1632             12        0.67943
1633             12        0.72147
1634             12        0.76736
1635             12        0.84301
1636             12        0.92433
1637    12     1
1449    13     0
1638             13        0.11399
1639             13        0.18016
1640             13        0.23922
1641             13        0.28533
1642             13        0.33654
1643             13        0.40666
1644             13        0.46675
1645             13        0.54342
1646             13        0.62806
1647             13        0.72209
1648             13         0.8624
1649    13     1
1649    14     0
1650             14        0.10579
1651             14        0.19798
1652             14        0.28698
1653             14        0.37808
1654             14        0.45475
1655             14        0.53641
1656             14        0.60402
1657             14        0.67705
1658             14        0.75485
1659             14        0.83036
1660             14         0.8814
1661             14        0.94393
1662    14     1
1662    15     0
1663             15        0.15788
1664             15        0.30524
1665             15         0.4557
1666             15        0.59576
1667             15        0.77918
1668    15     1
1668    16     0
1669             16        0.02371
1670             16        0.04773
1671             16        0.07285
1672             16        0.09586
1673             16        0.10396
1674             16        0.11417
1675             16        0.12855
1676             16        0.14721
1677             16        0.17074
1678             16        0.20127
1679             16        0.22718
1680             16        0.25699
1681             16        0.29083
1682             16        0.32962
1683             16        0.36215
1684             16         0.3836
1685             16        0.40295
1686             16        0.42858
1687             16        0.45134
1688             16        0.46891
1689             16        0.48761
1690             16        0.50888
1691             16        0.52555
1692             16        0.54881
1693             16        0.56992
1694             16        0.60039
1695             16        0.63163
1696             16        0.66279
1697             16        0.70244
1698             16        0.73784
1699             16        0.76456
1700             16        0.78729
1701             16        0.81516
1702             16        0.84041
1703             16        0.86667
1704             16        0.88823
1705             16        0.90692
1706             16        0.91968
1707             16        0.93864
1708             16        0.95479
1709             16        0.97793
1710    16     1
1668    17     0
1711             17         0.0469
1712             17        0.07546
1713             17        0.10378
1714             17        0.14885
1715             17        0.19592
1716             17        0.22252
1717             17         0.2607
1718             17        0.31075
1719             17        0.34274
1720             17        0.37078
1721             17         0.4065
1722             17        0.44775
1723             17        0.50785
1724             17        0.55788
1725             17        0.60202
1726             17         0.6491
1727             17        0.70059
1728             17         0.7524
1729             17        0.78929
1730             17         0.8117
1731             17        0.83122
1732             17        0.84922
1733             17         0.8769
1734             17         0.8978
1735             17        0.92335
1736             17         0.9602
1737    17     1
1662    18     0
1738             18        0.31135
1739             18        0.42328
1740             18        0.56016
1741             18        0.77228
1742    18     1
1742    19     0
1743             19        0.02171
1744             19        0.05614
1745             19         0.0886
1746             19        0.12749
1747             19        0.17162
1748             19        0.21479
1749             19        0.25873
1750             19        0.29907
1751             19         0.3295
1752             19        0.35961
1753             19        0.38657
1754             19        0.40519
1755             19        0.42301
1756             19        0.44209
1757             19        0.46807
1758             19        0.48363
1759             19        0.49726
1760             19        0.51805
1761             19        0.53557
1762             19        0.56095
1763             19        0.59382
1764             19        0.62565
1765             19        0.65518
1766             19        0.69072
1767             19        0.72214
1768             19        0.75506
1769             19        0.78598
1770             19        0.81268
1771             19        0.83523
1772             19        0.85977
1773             19        0.89261
1774             19        0.92258
1775             19        0.93735
1776             19        0.96917
1777    19     1
1742    20     0
1778             20        0.07675
1779             20        0.12253
1780             20         0.1816
1781             20        0.25072
1782             20        0.31014
1783             20        0.36751
1784             20        0.41431
1785             20        0.45077
1786             20        0.48385
1787             20         0.5291
1788             20        0.57402
1789             20        0.62269
1790             20         0.6758
1791             20        0.72465
1792             20        0.77271
1793             20        0.82668
1794             20        0.84666
1795             20          0.907
1796             20         0.9531
1797    20     1
1649    21     0
1798             21        0.04799
1799             21        0.09239
1800             21        0.15349
1801             21         0.2357
1802             21        0.32626
1803             21        0.40242
1804             21        0.51068
1805             21        0.59113
1806             21        0.67366
1807             21        0.73429
1808             21        0.79234
1809             21         0.8344
1810             21        0.91976
1811    21     1
1447    22     0
1812             22        0.02807
1813             22         0.0499
1814             22        0.07352
1815             22        0.09659
1816             22        0.11672
1817             22        0.13822
1818             22         0.1568
1819             22        0.17551
1820             22        0.19918
1821             22        0.22374
1822             22        0.25291
1823             22        0.26788
1824             22        0.27942
1825             22         0.2979
1826             22        0.32325
1827             22          0.338
1828             22        0.34896
1829             22        0.36173
1830             22        0.37512
1831             22        0.38958
1832             22        0.40999
1833             22        0.43474
1834             22         0.4604
1835             22         0.4813
1836             22        0.50782
1837             22        0.53423
1838             22        0.56041
1839             22         0.5836
1840             22        0.60954
1841             22        0.63298
1842             22        0.65597
1843             22         0.6742
1844             22        0.69326
1845             22        0.70802
1846             22        0.71699
1847             22        0.73498
1848             22        0.75188
1849             22        0.77215
1850             22        0.79812
1851             22        0.82138
1852             22        0.84349
1853             22        0.87221
1854             22        0.89976
1855             22         0.9258
1856             22        0.94611
1857             22        0.96462
1858             22        0.97681
1859             22        0.97771
1860             22        0.98625
1861    22     1
1861    23     0
1862             23        0.05099
1863             23        0.09397
1864             23        0.13363
1865             23        0.17167
1866             23        0.20182
1867             23        0.22756
1868             23         0.2533
1869             23        0.28982
1870             23        0.31495
1871             23        0.33761
1872             23        0.36238
1873             23         0.3873
1874             23        0.41091
1875             23        0.43704
1876             23        0.47194
1877             23        0.51089
1878             23        0.54713
1879             23        0.58277
1880             23        0.62532
1881             23        0.65983
1882             23        0.69671
1883             23          0.714
1884             23        0.73905
1885             23        0.77247
1886             23        0.80772
1887             23        0.83805
1888             23        0.86442
1889             23        0.90037
1890             23        0.93418
1891             23        0.96805
1892    23     1
1861    24     0
1893             24        0.08814
1894             24        0.13481
1895             24        0.20255
1896             24        0.28181
1897             24        0.34952
1898             24        0.40962
1899             24        0.45404
1900             24        0.49435
1901             24        0.55744
1902             24        0.60045
1903             24        0.64917
1904             24        0.69536
1905             24        0.74952
1906             24        0.79627
1907             24        0.84699
1908             24        0.87813
1909             24        0.91481
1910             24        0.95206
1911    24     1
1  25   0
1912             25        0.07122
1913             25        0.13402
1914             25        0.23662
1915             25        0.33947
1916             25        0.44229
1917             25        0.54181
1918             25        0.63041
1919             25        0.69775
1920             25        0.76509
1921             25        0.84435
1922             25        0.93461
1923    25     1
1923    26     0
1924             26         0.2587
1925             26        0.50794
1926             26        0.77195
1927    26     1
1927    27     0
1928             27        0.32105
1929             27        0.49963
1930             27        0.80572
1931    27     1
1931    28     0
1932             28        0.11422
1933             28        0.21043
1934             28        0.32102
1935             28        0.40948
1936             28        0.48967
1937             28        0.57125
1938             28        0.65906
1939             28        0.74508
1940             28        0.82602
1941             28        0.89002
1942             28        0.94439
1943    28     1
1943    29     0
1944    29     1
1944    30     0
1945             30        0.09719
1946             30        0.21242
1947             30        0.32497
1948             30        0.40913
1949             30        0.50607
1950             30        0.61517
1951             30        0.72868
1952             30        0.85868
1953    30     1
1953    31     0
1954             31        0.08226
1955             31         0.2025
1956             31        0.36012
1957             31        0.47022
1958             31        0.59272
1959             31        0.73705
1960             31        0.85226
1961             31        0.93266
1962    31     1
1962    32     0
1963             32        0.07971
1964             32        0.14023
1965             32        0.18595
1966             32        0.22367
1967             32        0.26222
1968             32        0.32462
1969             32         0.3651
1970             32        0.40497
1971             32        0.43189
1972             32        0.47827
1973             32        0.50561
1974             32        0.55008
1975             32        0.59108
1976             32        0.63095
1977             32        0.68576
1978             32        0.73474
1979             32        0.78244
1980             32        0.82231
1981             32        0.86095
1982             32        0.89014
1983             32        0.92463
1984             32        0.96702
1985    32     1
1962    33     0
1986             33        0.09133
1987             33        0.13183
1988             33        0.16634
1989             33        0.21251
1990             33        0.23442
1991             33        0.31568
1992             33        0.39531
1993             33        0.48751
1994             33        0.58377
1995             33        0.65987
1996             33        0.72757
1997             33        0.77742
1998             33        0.82912
1999             33        0.88526
2000             33         0.9375
2001    33     1
1953    34     0
2002             34        0.07028
2003             34        0.07842
2004             34         0.1157
2005             34        0.16875
2006             34        0.22501
2007             34        0.28188
2008             34        0.33304
2009             34        0.37888
2010             34        0.40834
2011             34         0.4349
2012             34        0.46062
2013             34        0.48407
2014             34        0.51984
2015             34        0.55966
2016             34         0.6049
2017             34        0.65405
2018             34        0.70015
2019             34        0.74961
2020             34        0.77957
2021             34        0.81834
2022             34        0.85404
2023             34        0.87814
2024             34         0.9172
2025             34        0.95294
2026    34     1
1944    35     0
2027             35        0.08432
2028             35        0.13925
2029             35        0.18046
2030             35        0.20727
2031             35        0.24369
2032             35        0.28037
2033             35         0.3144
2034             35        0.34683
2035             35        0.38929
2036             35        0.42708
2037             35        0.45759
2038             35        0.48402
2039             35        0.50906
2040             35        0.53117
2041             35        0.55173
2042             35        0.57623
2043             35        0.60944
2044             35        0.65709
2045             35        0.71661
2046             35        0.77334
2047             35        0.82362
2048             35        0.87379
2049             35        0.92402
2050             35        0.96039
2051    35     1
1943    36     0
2052             36        0.08181
2053             36        0.13733
2054             36         0.2061
2055             36        0.28397
2056             36        0.36755
2057             36        0.46728
2058             36        0.54357
2059             36         0.6398
2060             36        0.71723
2061             36        0.76113
2062             36        0.80126
2063             36        0.86731
2064             36        0.93058
2065    36     1
1931    37     0
2066             37        0.07821
2067             37        0.13573
2068             37        0.19084
2069             37        0.24321
2070             37         0.2951
2071             37        0.35361
2072             37        0.40371
2073             37         0.4608
2074             37        0.50065
2075             37        0.54797
2076             37        0.61022
2077             37        0.65477
2078             37        0.69681
2079             37        0.74889
2080             37        0.79883
2081             37        0.85976
2082             37        0.91129
2083             37        0.95323
2084    37     1
2084    38     0
2085             38        0.05056
2086             38        0.08319
2087             38        0.12783
2088             38        0.15812
2089             38        0.19206
2090             38        0.22903
2091             38        0.26879
2092             38        0.29752
2093             38        0.32412
2094             38        0.37769
2095             38        0.41595
2096             38        0.44523
2097             38        0.48211
2098             38        0.50383
2099             38        0.54055
2100             38        0.58135
2101             38        0.62733
2102             38        0.68209
2103             38        0.73468
2104             38        0.77415
2105             38        0.80661
2106             38        0.84295
2107             38        0.88535
2108             38        0.91745
2109             38        0.95294
2110    38     1
2084    39     0
2111             39        0.10474
2112             39        0.17056
2113             39         0.2567
2114             39        0.33731
2115             39        0.43731
2116             39        0.51927
2117             39        0.62294
2118             39        0.74289
2119             39        0.84629
2120             39        0.92171
2121    39     1
1927    40     0
2122             40        0.03583
2123             40         0.0646
2124             40         0.0833
2125             40        0.10062
2126             40         0.1161
2127             40        0.12529
2128             40        0.14697
2129             40        0.17533
2130             40          0.188
2131             40        0.20588
2132             40        0.22202
2133             40        0.23303
2134             40        0.24923
2135             40        0.26959
2136             40        0.28846
2137             40        0.31204
2138             40          0.339
2139             40        0.37241
2140             40        0.40816
2141             40        0.44773
2142             40        0.47918
2143             40        0.51032
2144             40        0.53325
2145             40        0.55354
2146             40        0.57683
2147             40        0.60026
2148             40          0.619
2149             40        0.63953
2150             40        0.66198
2151             40        0.67898
2152             40        0.69582
2153             40        0.71917
2154             40        0.73699
2155             40        0.76018
2156             40         0.7851
2157             40        0.80778
2158             40        0.83241
2159             40         0.8594
2160             40        0.87915
2161             40        0.89952
2162             40        0.91622
2163             40        0.92922
2164             40        0.94706
2165             40        0.95849
2166             40        0.97778
2167    40     1
1923    41     0
2168             41        0.04579
2169             41        0.10393
2170             41        0.15952
2171             41         0.2099
2172             41        0.26882
2173             41        0.33898
2174             41        0.41539
2175             41        0.47769
2176             41        0.54578
2177             41        0.61535
2178             41        0.66351
2179             41        0.71796
2180             41        0.76913
2181             41        0.82505
2182             41         0.8656
2183             41        0.91531
2184             41        0.95775
2185    41     1
1  42   0
2186             42        0.21373
2187             42        0.39681
2188             42        0.55096
2189             42        0.67735
2190             42        0.79544
2191             42        0.88136
2192    42     1
2192    43     0
2193             43        0.03962
2194             43        0.06745
2195             43        0.13581
2196             43        0.23225
2197             43        0.32401
2198             43        0.40776
2199             43        0.48945
2200             43        0.54004
2201             43        0.58303
2202             43        0.66235
2203             43        0.73954
2204             43         0.7879
2205             43        0.86954
2206             43        0.94571
2207    43     1
2207    44     0
2208             44        0.05192
2209             44        0.09792
2210             44        0.13925
2211             44        0.17471
2212             44         0.2224
2213             44        0.27556
2214             44        0.33089
2215             44        0.37789
2216             44        0.39767
2217             44        0.42094
2218             44        0.44474
2219             44        0.47712
2220             44        0.50343
2221             44        0.52517
2222             44        0.54581
2223             44        0.58131
2224             44        0.61865
2225             44        0.65826
2226             44        0.70403
2227             44        0.73983
2228             44        0.78274
2229             44         0.8096
2230             44         0.8444
2231             44        0.87657
2232             44        0.92398
2233             44        0.96724
2234    44     1
2234    45     0
2235             45        0.08291
2236             45        0.17384
2237             45        0.31929
2238             45        0.43481
2239             45        0.60696
2240             45        0.78848
2241    45     1
2241    46     0
2242             46        0.04476
2243             46        0.09712
2244             46          0.141
2245             46        0.18641
2246             46        0.22587
2247             46        0.28278
2248             46        0.33638
2249             46         0.3987
2250             46        0.43821
2251             46        0.48923
2252             46        0.53167
2253             46        0.56309
2254             46        0.58809
2255             46        0.61176
2256             46        0.63321
2257             46        0.66034
2258             46        0.69364
2259             46        0.74698
2260             46        0.81263
2261             46        0.87627
2262             46         0.9352
2263    46     1
2241    47     0
2264             47        0.11263
2265             47        0.19795
2266             47        0.27124
2267             47        0.33158
2268             47        0.39232
2269             47        0.42555
2270             47        0.46532
2271             47        0.50909
2272             47        0.54658
2273             47        0.58589
2274             47        0.64662
2275             47        0.71689
2276             47        0.77946
2277             47         0.8358
2278             47        0.88842
2279             47        0.94409
2280    47     1
2234    48     0
2281             48        0.09581
2282             48        0.17581
2283             48        0.23805
2284             48        0.32786
2285             48        0.41128
2286             48        0.47166
2287             48        0.52805
2288             48         0.5954
2289             48        0.65674
2290             48        0.74299
2291             48        0.82656
2292             48        0.90284
2293    48     1
2207    49     0
2294             49         0.0446
2295             49        0.08167
2296             49         0.1238
2297             49        0.19872
2298             49         0.2505
2299             49        0.32259
2300             49         0.3969
2301             49        0.48011
2302             49        0.56527
2303             49        0.62287
2304             49        0.67738
2305             49        0.73892
2306             49        0.79177
2307             49        0.84168
2308             49        0.88896
2309             49        0.94561
2310    49     1
2192    50     0
2311             50        0.04633
2312             50        0.09116
2313             50         0.1299
2314             50        0.18932
2315             50        0.23109
2316             50        0.27086
2317             50        0.31033
2318             50        0.36829
2319             50        0.42509
2320             50        0.50124
2321             50        0.57972
2322             50        0.66133
2323             50        0.73406
2324             50         0.7839
2325             50         0.8641
2326             50        0.94553
2327    50     1
2327    51     0
2328             51        0.04716
2329             51        0.12969
2330             51        0.20442
2331             51        0.26707
2332             51        0.33795
2333             51        0.40943
2334             51        0.46434
2335             51        0.51847
2336             51        0.56942
2337             51        0.60476
2338             51        0.64758
2339             51        0.69517
2340             51         0.7335
2341             51        0.78062
2342             51        0.84336
2343             51        0.92135
2344    51     1
2344    52     0
2345             52        0.04204
2346             52         0.0741
2347             52        0.10903
2348             52        0.15795
2349             52        0.20107
2350             52        0.24231
2351             52        0.26722
2352             52        0.28912
2353             52        0.32167
2354             52        0.34972
2355             52         0.3841
2356             52        0.41227
2357             52        0.44396
2358             52        0.47959
2359             52        0.49928
2360             52        0.52643
2361             52        0.55065
2362             52        0.58302
2363             52        0.61462
2364             52        0.64259
2365             52        0.67121
2366             52        0.71473
2367             52        0.74768
2368             52        0.78277
2369             52        0.81594
2370             52        0.83704
2371             52        0.86761
2372             52        0.89353
2373             52        0.91533
2374             52        0.94146
2375             52        0.97351
2376    52     1
2344    53     0
2377             53        0.08635
2378             53        0.19627
2379             53         0.3035
2380             53        0.37813
2381             53        0.42436
2382             53        0.47386
2383             53        0.54845
2384             53        0.61572
2385             53         0.6673
2386             53        0.74643
2387             53        0.80404
2388             53        0.89421
2389    53     1
2327    54     0
2390             54        0.11774
2391             54        0.19111
2392             54        0.24921
2393             54        0.29137
2394             54        0.32967
2395             54        0.35796
2396             54        0.40124
2397             54        0.45871
2398             54        0.51635
2399             54        0.58028
2400             54        0.67065
2401             54         0.7497
2402             54         0.8376
2403             54        0.91074
2404    54     1
1  55   0
2405             55        0.02664
2406             55        0.09012
2407             55        0.17202
2408             55        0.22366
2409             55        0.26937
2410             55        0.33727
2411             55        0.42865
2412             55        0.50811
2413             55        0.61954
2414             55        0.72597
2415             55        0.82867
2416             55        0.92754
2417    55     1
2417    56     0
2418             56        0.13081
2419             56        0.27505
2420             56        0.45806
2421             56        0.62398
2422             56        0.78424
2423             56        0.91854
2424    56     1
2424    57     0
2425             57        0.08705
2426             57         0.1563
2427             57        0.20902
2428             57        0.25608
2429             57        0.31198
2430             57        0.35886
2431             57        0.40651
2432             57        0.42841
2433             57        0.47202
2434             57        0.53487
2435             57        0.61453
2436             57         0.6872
2437             57        0.75175
2438             57        0.82858
2439             57        0.92466
2440    57     1
2440    58     0
2441             58         0.0302
2442             58        0.05673
2443             58        0.09905
2444             58        0.12206
2445             58         0.1644
2446             58         0.2063
2447             58        0.24166
2448             58        0.27249
2449             58         0.3025
2450             58        0.33668
2451             58        0.38558
2452             58        0.42615
2453             58        0.47851
2454             58         0.5325
2455             58        0.58291
2456             58        0.62267
2457             58         0.6628
2458             58        0.72183
2459             58        0.78805
2460             58        0.86022
2461             58        0.91125
2462             58        0.95502
2463    58     1
2440    59     0
2464             59          0.063
2465             59         0.1077
2466             59        0.15101
2467             59        0.19574
2468             59        0.22607
2469             59        0.26632
2470             59        0.31119
2471             59        0.38886
2472             59        0.45569
2473             59         0.5187
2474             59        0.59472
2475             59        0.65524
2476             59         0.6995
2477             59         0.7643
2478             59        0.82797
2479             59        0.87704
2480             59        0.90041
2481             59         0.9522
2482    59     1
2424    60     0
2483             60        0.16157
2484             60        0.22704
2485             60        0.31748
2486             60        0.38491
2487             60        0.51433
2488             60         0.6811
2489             60        0.81717
2490             60         0.9145
2491    60     1
2491    61     0
2492             61        0.06849
2493             61        0.11094
2494             61        0.18903
2495             61        0.26168
2496             61        0.36685
2497             61        0.46657
2498             61        0.59738
2499             61        0.71644
2500             61        0.82274
2501             61        0.90486
2502    61     1
2491    62     0
2503             62        0.11605
2504             62        0.23371
2505             62        0.37371
2506             62        0.50591
2507             62        0.59365
2508             62        0.69933
2509             62        0.78379
2510             62        0.88187
2511             62        0.95173
2512    62     1
2417    63     0
2513             63        0.31254
2514             63        0.45866
2515             63        0.55305
2516             63        0.67568
2517             63        0.81523
2518    63     1
2518    64     0
2519             64        0.03598
2520             64        0.09716
2521             64         0.1597
2522             64         0.2032
2523             64        0.25974
2524             64        0.31829
2525             64        0.35669
2526             64         0.3733
2527             64        0.39827
2528             64        0.41338
2529             64        0.44838
2530             64        0.50497
2531             64        0.55967
2532             64        0.62115
2533             64        0.67009
2534             64        0.70841
2535             64        0.74752
2536             64        0.79281
2537             64        0.80792
2538             64        0.83572
2539             64        0.86367
2540             64        0.89131
2541             64        0.92837
2542             64        0.96376
2543    64     1
2518    65     0
2544             65        0.11437
2545             65        0.21367
2546             65        0.34043
2547             65         0.4678
2548             65        0.56624
2549             65        0.65309
2550             65        0.76659
2551             65        0.86638
2552             65        0.94422
2553    65     1
