0  0  0
1           0       2e-05
2           0     0.50001
3  0  1
3  1  0
4  1  1
4  43   0
5           43      0.11174
6           43      0.22349
7           43      0.33523
8           43      0.44697
9           43      0.55872
10           43      0.67046
11           43      0.78179
12           43      0.89352
13  43   1
13  87   0
14           87      0.52792
15  87   1
15  88   0
16           88       0.2565
17           88      0.50848
18           88      0.75826
19  88   1
19  89   0
20           89       0.0861
21           89      0.18647
22           89      0.28681
23           89      0.38812
24           89      0.49037
25           89      0.59274
26           89      0.69427
27           89      0.79654
28           89      0.89826
29  89   1
29  90   0
30           90      0.58241
31  90   1
31  91   0
32           91      0.10274
33           91      0.19308
34           91      0.28081
35           91       0.3705
36           91      0.46073
37           91      0.55084
38           91      0.64115
39           91      0.73151
40           91       0.8222
41           91      0.91278
42  91   1
42  92   0
43           92      0.21369
44           92      0.48088
45           92      0.74805
46  92   1
46  93   0
47  93   1
47  94   0
48           94      0.05878
49           94       0.1314
50           94      0.20405
51           94      0.27685
52           94      0.34972
53           94      0.42257
54           94      0.49514
55           94      0.56743
56           94       0.6402
57           94       0.7111
58           94       0.7825
59           94      0.85511
60           94      0.92796
61  94   1
61  95   0
62           95      0.10859
63           95      0.24051
64           95      0.37011
65           95      0.49838
66           95      0.62934
67           95      0.75818
68           95      0.88806
69  95   1
69  96   0
70           96      0.15167
71           96      0.29377
72           96      0.43604
73           96      0.57829
74           96      0.72025
75           96      0.85777
76  96   1
76  44   0
77           44      0.07942
78           44      0.18124
79           44      0.28469
80           44      0.38815
81           44      0.49083
82           44      0.59371
83           44      0.69676
84           44      0.79914
85           44      0.90239
86  44   1
86  45   0
87           45      0.07892
88           45       0.1562
89           45      0.23407
90           45      0.31188
91           45      0.38988
92           45      0.46771
93           45      0.54558
94           45      0.62365
95           45      0.70154
96           45       0.7796
97           45      0.85767
98           45      0.93534
99  45   1
99  46   0
100   46    1
100   47    0
101            47       0.18466
102            47       0.39999
103            47       0.61442
104            47       0.82856
105   47    1
105   48    0
106            48       0.06833
107            48       0.13558
108            48       0.20376
109            48       0.27218
110            48       0.34066
111            48        0.4087
112            48       0.47724
113            48       0.54553
114            48       0.61378
115            48       0.68222
116            48       0.75065
117            48       0.81918
118            48       0.88763
119            48        0.9547
120   48    1
120   49    0
121            49       0.03119
122            49       0.05979
123            49        0.0886
124            49       0.11574
125            49       0.14411
126            49       0.17253
127            49       0.20135
128            49       0.23024
129            49       0.25908
130            49       0.28796
131            49       0.31627
132            49       0.34467
133            49       0.37348
134            49       0.40229
135            49       0.43111
136            49       0.45983
137            49       0.48862
138            49       0.51737
139            49       0.54608
140            49       0.57495
141            49       0.60381
142            49       0.63264
143            49        0.6611
144            49       0.68971
145            49       0.71749
146            49       0.74535
147            49       0.77215
148            49       0.79937
149            49       0.82799
150            49       0.85642
151            49       0.88513
152            49        0.9139
153            49       0.94274
154            49        0.9713
155   49    1
120   50    0
156            50       0.11121
157            50       0.26004
158            50       0.40812
159            50       0.55545
160            50       0.70417
161            50       0.85121
162   50    1
162   51    0
163            51       0.09389
164            51       0.19722
165            51       0.30003
166            51       0.40256
167            51       0.49061
168            51       0.59462
169            51       0.69853
170            51       0.80334
171            51       0.90633
172   51    1
162   52    0
173            52       0.10062
174            52       0.20218
175            52       0.30408
176            52       0.40295
177            52       0.50518
178            52       0.60663
179            52       0.70555
180            52       0.80671
181            52       0.90678
182   52    1
105   53    0
183            53       0.12513
184            53       0.27526
185            53       0.41139
186            53       0.55661
187            53       0.70302
188            53       0.85315
189   53    1
100   54    0
190            54       0.01986
191            54       0.05331
192            54       0.08677
193            54       0.11958
194            54       0.15111
195            54       0.18359
196            54       0.21559
197            54       0.24905
198            54       0.28188
199            54        0.3152
200            54       0.34819
201            54       0.38025
202            54       0.40953
203            54       0.44095
204            54       0.47307
205            54       0.50517
206            54       0.53826
207            54       0.57069
208            54       0.60345
209            54       0.63622
210            54       0.66944
211            54       0.70214
212            54       0.73454
213            54       0.76759
214            54       0.80079
215            54         0.834
216            54       0.86744
217            54       0.90087
218            54       0.93376
219            54       0.96654
220   54    1
99  55   0
221            55       0.20359
222            55       0.41098
223            55        0.6093
224            55       0.81142
225   55    1
225   56    0
226            56       0.03015
227            56       0.05788
228            56       0.08417
229            56       0.11174
230            56       0.13777
231            56       0.16452
232            56       0.19233
233            56       0.22019
234            56       0.24773
235            56       0.27494
236            56       0.30277
237            56       0.32922
238            56       0.35623
239            56       0.38373
240            56       0.41097
241            56        0.4381
242            56       0.46345
243            56       0.49045
244            56       0.51702
245            56       0.54395
246            56       0.57191
247            56       0.59885
248            56       0.62557
249            56       0.65251
250            56       0.67988
251            56       0.70676
252            56       0.73312
253            56       0.76051
254            56       0.78748
255            56       0.81419
256            56       0.83978
257            56        0.8658
258            56       0.89318
259            56       0.92067
260            56       0.94747
261            56       0.97328
262   56    1
262   97    0
263            97       0.08272
264            97       0.16812
265            97       0.25496
266            97       0.33973
267            97       0.42345
268            97       0.50854
269            97       0.59307
270            97       0.67472
271            97       0.76071
272            97       0.84561
273            97       0.93057
274   97    1
225   57    0
275            57       0.06915
276            57       0.13047
277            57       0.19022
278            57       0.24879
279            57       0.30823
280            57       0.36839
281            57       0.42848
282            57       0.48571
283            57       0.54173
284            57       0.59985
285            57       0.65933
286            57       0.71708
287            57       0.77808
288            57       0.83935
289            57       0.89925
290            57       0.95782
291   57    1
86  58   0
292            58       0.25041
293            58       0.50822
294            58       0.76416
295   58    1
295   59    0
296            59       0.07446
297            59       0.14593
298            59       0.21909
299            59       0.29275
300            59       0.36674
301            59       0.43971
302            59       0.51381
303            59       0.58755
304            59       0.66017
305            59       0.73458
306            59        0.8066
307            59       0.87595
308            59        0.9425
309   59    1
309   60    0
310            60       0.14334
311            60       0.34984
312            60       0.55928
313            60       0.77966
314   60    1
314   61    0
315            61       0.04826
316            61       0.10167
317            61       0.15434
318            61       0.20421
319            61       0.25568
320            61       0.30867
321            61       0.33795
322            61       0.38792
323            61       0.44127
324            61       0.49363
325            61       0.54648
326            61       0.59945
327            61       0.65249
328            61       0.70604
329            61       0.75917
330            61       0.81194
331            61       0.86536
332            61       0.91573
333            61       0.95141
334   61    1
334   98    0
335            98       0.04641
336            98       0.09046
337            98       0.13701
338            98       0.18408
339            98       0.22886
340            98       0.27284
341            98       0.31939
342            98       0.36659
343            98       0.41341
344            98       0.45936
345            98       0.50368
346            98       0.54976
347            98       0.59666
348            98       0.63498
349            98       0.67965
350            98       0.72685
351            98       0.76919
352            98        0.8154
353            98       0.86227
354            98        0.9084
355            98       0.95437
356   98    1
314   62    0
357            62       0.04331
358            62       0.08927
359            62        0.1364
360            62       0.18246
361            62       0.23006
362            62       0.27671
363            62       0.31781
364            62        0.3619
365            62       0.40917
366            62       0.45564
367            62       0.49903
368            62       0.54614
369            62       0.59187
370            62       0.63756
371            62       0.68538
372            62       0.73262
373            62       0.77991
374            62       0.82519
375            62       0.87049
376            62       0.91735
377            62       0.96263
378   62    1
378   99    0
379            99       0.49548
380   99    1
309   63    0
381            63       0.03871
382            63       0.07927
383            63       0.11992
384            63        0.1597
385            63       0.19916
386            63       0.23897
387            63         0.276
388            63       0.31671
389            63       0.35728
390            63       0.39801
391            63       0.43812
392            63        0.4786
393            63       0.51857
394            63       0.55876
395            63        0.5982
396            63       0.63852
397            63       0.67855
398            63       0.71898
399            63       0.75895
400            63       0.79898
401            63       0.83903
402            63       0.87955
403            63       0.91992
404            63       0.96002
405   63    1
405  100    0
406           100       0.12403
407           100       0.24825
408           100       0.37331
409           100       0.49767
410           100       0.61712
411           100       0.74387
412           100       0.87167
413  100    1
295   64    0
414            64       0.02103
415            64        0.0452
416            64       0.06967
417            64       0.09432
418            64        0.1187
419            64        0.1433
420            64       0.16749
421            64       0.19209
422            64       0.21653
423            64       0.24086
424            64       0.26483
425            64        0.2892
426            64       0.31383
427            64        0.3382
428            64       0.36277
429            64       0.38656
430            64       0.41039
431            64       0.43223
432            64        0.4561
433            64       0.47936
434            64       0.50376
435            64       0.52841
436            64       0.55233
437            64       0.57258
438            64        0.5968
439            64       0.62035
440            64       0.64493
441            64       0.66734
442            64       0.68665
443            64       0.70921
444            64       0.73309
445            64       0.75756
446            64       0.78183
447            64       0.80652
448            64       0.83113
449            64       0.85566
450            64       0.88037
451            64       0.90442
452            64       0.92879
453            64       0.95239
454            64       0.97562
455   64    1
455  101    0
456           101       0.16214
457           101       0.32654
458           101       0.49682
459           101       0.66684
460           101       0.83352
461  101    1
76  102    0
462           102       0.03941
463           102       0.08827
464           102       0.13716
465           102       0.18577
466           102       0.23454
467           102        0.2834
468           102       0.33178
469           102       0.38068
470           102       0.42898
471           102       0.47746
472           102       0.52598
473           102       0.57408
474           102       0.62248
475           102       0.67061
476           102       0.71915
477           102       0.76801
478           102       0.81658
479           102       0.86321
480           102       0.91147
481           102       0.95958
482  102    1
482  103    0
483           103       0.04473
484           103       0.09509
485           103       0.14557
486           103       0.19517
487           103       0.24639
488           103       0.29757
489           103       0.34727
490           103        0.3975
491           103       0.44887
492           103       0.49986
493           103       0.55029
494           103       0.59995
495           103       0.65056
496           103       0.70145
497           103       0.75217
498           103       0.80299
499           103       0.85427
500           103        0.9023
501           103       0.95364
502  103    1
502   65    0
503            65       0.50539
504   65    1
504  104    0
505           104       0.01101
506           104       0.02403
507           104       0.03732
508           104       0.04998
509           104       0.06202
510           104       0.07518
511           104       0.08793
512           104       0.09869
513           104       0.11173
514           104       0.12507
515           104       0.13836
516           104       0.15145
517           104       0.16487
518           104       0.17821
519           104       0.19157
520           104       0.20457
521           104       0.21791
522           104       0.23123
523           104       0.24461
524           104       0.25759
525           104       0.27078
526           104       0.28419
527           104       0.29748
528           104       0.31056
529           104       0.32319
530           104       0.33643
531           104       0.34947
532           104       0.36279
533           104       0.37518
534           104       0.38831
535           104       0.40141
536           104       0.41443
537           104       0.42756
538           104       0.44014
539           104        0.4535
540           104       0.46659
541           104       0.47956
542           104       0.49297
543           104       0.50481
544           104       0.51783
545           104       0.53036
546           104       0.54374
547           104       0.55692
548           104       0.56886
549           104        0.5818
550           104       0.59305
551           104       0.60526
552           104       0.61803
553           104       0.63057
554           104       0.64386
555           104       0.65708
556           104       0.66959
557           104       0.68281
558           104       0.69602
559           104       0.70834
560           104       0.72147
561           104        0.7347
562           104       0.74801
563           104       0.76082
564           104       0.77156
565           104       0.78466
566           104       0.79767
567           104       0.81077
568           104       0.82419
569           104       0.83642
570           104       0.84963
571           104       0.86078
572           104       0.87355
573           104       0.88631
574           104       0.89914
575           104       0.91229
576           104        0.9233
577           104       0.93593
578           104       0.94853
579           104       0.96171
580           104       0.97457
581           104       0.98761
582  104    1
482   66    0
583            66       0.03996
584            66        0.0779
585            66       0.11653
586            66       0.15309
587            66       0.19181
588            66       0.22962
589            66       0.26863
590            66       0.30629
591            66       0.34519
592            66       0.38373
593            66       0.42243
594            66       0.46088
595            66       0.50003
596            66       0.53916
597            66        0.5781
598            66       0.61654
599            66       0.65557
600            66       0.69296
601            66       0.73138
602            66       0.76865
603            66       0.80784
604            66        0.8455
605            66       0.88416
606            66       0.92314
607            66       0.96154
608   66    1
608  105    0
609           105       0.02867
610           105       0.05736
611           105       0.08536
612           105       0.11424
613           105       0.14283
614           105       0.16431
615           105       0.19014
616           105       0.21892
617           105       0.24771
618           105       0.27657
619           105       0.30497
620           105       0.33221
621           105       0.36093
622           105       0.38973
623           105        0.4171
624           105        0.4458
625           105       0.47044
626           105       0.49909
627           105       0.52762
628           105       0.55616
629           105       0.58129
630           105       0.60915
631           105       0.63578
632           105       0.65686
633           105       0.68303
634           105       0.71172
635           105       0.74031
636           105       0.76704
637           105       0.79116
638           105       0.81864
639           105       0.83744
640           105       0.86375
641           105       0.89061
642           105       0.91768
643           105       0.94624
644           105       0.97215
645  105    1
69  67   0
646            67       0.02361
647            67       0.04045
648            67       0.06065
649            67       0.08038
650            67       0.10079
651            67       0.12074
652            67       0.14121
653            67       0.16133
654            67       0.18116
655            67       0.20102
656            67       0.22131
657            67       0.24084
658            67       0.26088
659            67       0.28139
660            67        0.3019
661            67       0.32227
662            67       0.34205
663            67       0.36155
664            67       0.38061
665            67       0.39962
666            67        0.4199
667            67       0.44037
668            67       0.45843
669            67       0.47878
670            67       0.49902
671            67       0.51946
672            67       0.53985
673            67        0.5602
674            67       0.58037
675            67       0.60084
676            67       0.62128
677            67       0.64179
678            67       0.66202
679            67       0.68207
680            67       0.70227
681            67       0.72222
682            67        0.7412
683            67       0.76144
684            67       0.78166
685            67       0.80177
686            67       0.82225
687            67       0.84049
688            67       0.85922
689            67       0.87869
690            67       0.89903
691            67       0.91925
692            67         0.939
693            67       0.95944
694            67       0.97986
695   67    1
695  106    0
696           106       0.07668
697           106       0.15293
698           106       0.23076
699           106        0.3069
700           106       0.38511
701           106       0.46132
702           106        0.5368
703           106        0.6103
704           106       0.68692
705           106       0.76543
706           106       0.84312
707           106       0.92147
708  106    1
61  68   0
709            68        0.0244
710            68       0.05006
711            68       0.07577
712            68       0.09844
713            68       0.12371
714            68       0.14954
715            68       0.17534
716            68       0.20088
717            68       0.22535
718            68       0.25073
719            68       0.27588
720            68       0.30109
721            68       0.32607
722            68        0.3515
723            68       0.37685
724            68       0.40249
725            68       0.42778
726            68       0.45346
727            68       0.47869
728            68        0.5043
729            68       0.52982
730            68       0.55142
731            68       0.57712
732            68       0.60151
733            68       0.62718
734            68       0.65256
735            68        0.6772
736            68       0.70107
737            68       0.72674
738            68       0.75254
739            68         0.778
740            68       0.80275
741            68       0.82783
742            68       0.85355
743            68       0.87769
744            68       0.90094
745            68       0.92519
746            68        0.9501
747            68       0.97436
748   68    1
47  69   0
749            69       0.07585
750            69       0.16282
751            69       0.24537
752            69       0.33193
753            69       0.41814
754            69       0.50436
755            69       0.59092
756            69        0.6771
757            69       0.76394
758            69        0.8497
759            69       0.93627
760   69    1
760   70    0
761            70       0.01409
762            70       0.03261
763            70       0.05211
764            70       0.07084
765            70       0.09009
766            70       0.10968
767            70       0.12903
768            70       0.14837
769            70       0.16795
770            70       0.18676
771            70       0.20612
772            70       0.22521
773            70       0.24401
774            70       0.26299
775            70       0.28225
776            70       0.30131
777            70       0.32052
778            70       0.33944
779            70        0.3588
780            70       0.37809
781            70       0.39523
782            70       0.41471
783            70       0.43418
784            70       0.45346
785            70       0.47172
786            70       0.49114
787            70       0.50989
788            70       0.52853
789            70        0.5468
790            70       0.56635
791            70        0.5851
792            70       0.60419
793            70       0.62131
794            70       0.63992
795            70       0.65852
796            70       0.67803
797            70       0.69738
798            70       0.71691
799            70       0.73642
800            70       0.75598
801            70       0.77553
802            70       0.79481
803            70        0.8128
804            70       0.83155
805            70         0.851
806            70       0.87026
807            70       0.88844
808            70       0.90804
809            70       0.92606
810            70       0.94554
811            70       0.96347
812            70       0.98039
813   70    1
813  107    0
814           107       0.03778
815           107       0.07379
816           107        0.1116
817           107       0.14374
818           107       0.17952
819           107       0.21725
820           107        0.2548
821           107       0.29278
822           107        0.3306
823           107        0.3685
824           107        0.4061
825           107       0.44391
826           107       0.48151
827           107       0.51858
828           107       0.55519
829           107       0.59321
830           107       0.63037
831           107       0.66783
832           107       0.70579
833           107        0.7434
834           107       0.77997
835           107       0.81735
836           107       0.85488
837           107       0.88989
838           107       0.92672
839           107       0.96217
840  107    1
760   71    0
841            71       0.01975
842            71        0.0396
843            71       0.05945
844            71       0.07893
845            71       0.09875
846            71       0.11856
847            71       0.13833
848            71       0.15791
849            71        0.1776
850            71       0.19716
851            71       0.21659
852            71       0.23631
853            71       0.25609
854            71       0.27539
855            71       0.29334
856            71       0.31317
857            71       0.33292
858            71       0.35251
859            71       0.36946
860            71       0.38314
861            71       0.40245
862            71       0.42199
863            71       0.44144
864            71       0.46064
865            71       0.47888
866            71       0.49789
867            71        0.5177
868            71       0.53674
869            71       0.55658
870            71       0.57634
871            71       0.59483
872            71       0.61393
873            71       0.63338
874            71       0.65213
875            71       0.66884
876            71       0.68776
877            71       0.70761
878            71       0.72736
879            71       0.74706
880            71       0.76682
881            71       0.78445
882            71       0.80427
883            71       0.82413
884            71       0.84392
885            71       0.86371
886            71       0.88306
887            71       0.90275
888            71       0.92256
889            71       0.94229
890            71       0.96198
891            71       0.98147
892   71    1
892  108    0
893           108       0.05349
894           108       0.10672
895           108       0.16076
896           108       0.21425
897           108       0.26758
898           108       0.32055
899           108       0.37331
900           108       0.42599
901           108        0.4762
902           108       0.52764
903           108        0.5815
904           108       0.63548
905           108       0.68851
906           108       0.73796
907           108       0.78925
908           108       0.84022
909           108       0.89289
910           108       0.94687
911  108    1
46  72   0
912            72       0.05137
913            72       0.09431
914            72       0.14414
915            72       0.18649
916            72       0.23514
917            72       0.28196
918            72       0.33147
919            72       0.38068
920            72       0.42825
921            72       0.47656
922            72       0.52602
923            72       0.57462
924            72       0.62414
925            72       0.67177
926            72       0.71937
927            72       0.76906
928            72       0.81763
929            72       0.86651
930            72       0.91233
931            72       0.95549
932   72    1
42  73   0
933            73       0.03662
934            73       0.08834
935            73       0.14007
936            73       0.19177
937            73       0.24278
938            73       0.29448
939            73       0.34614
940            73       0.39718
941            73       0.44401
942            73       0.49466
943            73        0.5463
944            73       0.59789
945            73       0.64945
946            73       0.70094
947            73       0.75229
948            73       0.79809
949            73       0.84735
950            73       0.89889
951            73       0.94957
952   73    1
952   74    0
953            74       0.01849
954            74       0.03696
955            74       0.05562
956            74       0.07406
957            74       0.09265
958            74       0.11129
959            74       0.12977
960            74       0.14843
961            74       0.16681
962            74       0.18532
963            74       0.20393
964            74       0.21782
965            74       0.23192
966            74       0.25011
967            74       0.26837
968            74       0.28564
969            74       0.30413
970            74       0.32259
971            74       0.34111
972            74       0.35957
973            74       0.37793
974            74       0.39642
975            74       0.41475
976            74       0.43341
977            74       0.45172
978            74       0.46958
979            74        0.4878
980            74       0.50646
981            74       0.52508
982            74       0.54352
983            74       0.56217
984            74        0.5807
985            74       0.59817
986            74       0.61646
987            74       0.63508
988            74       0.65338
989            74       0.67131
990            74        0.6899
991            74       0.70856
992            74       0.72712
993            74       0.74551
994            74       0.76375
995            74       0.78229
996            74       0.80065
997            74       0.81915
998            74       0.83716
999            74       0.85553
1000             74        0.87309
1001             74        0.89137
1002             74         0.9098
1003             74        0.92798
1004             74        0.94644
1005             74         0.9636
1006             74        0.98205
1007    74     1
1007   109     0
1008            109        0.08647
1009            109        0.17394
1010            109        0.26095
1011            109        0.33123
1012            109        0.41464
1013            109        0.50248
1014            109        0.59013
1015            109        0.67793
1016            109        0.76438
1017            109         0.8513
1018            109          0.924
1019   109     1
952   75    0
1020             75        0.06733
1021             75         0.1386
1022             75        0.21078
1023             75        0.28213
1024             75        0.35572
1025             75        0.42965
1026             75        0.50303
1027             75        0.57512
1028             75        0.64786
1029             75        0.71627
1030             75        0.78697
1031             75        0.86055
1032             75        0.93311
1033    75     1
31  76   0
1034             76        0.08705
1035             76         0.1611
1036             76        0.23619
1037             76        0.31369
1038             76        0.39098
1039             76         0.4683
1040             76        0.54518
1041             76        0.61979
1042             76        0.69573
1043             76        0.77219
1044             76        0.84939
1045             76        0.92289
1046    76     1
1046    77     0
1047             77        0.06061
1048             77        0.12421
1049             77        0.18787
1050             77        0.25008
1051             77        0.31442
1052             77        0.37721
1053             77        0.44068
1054             77        0.50448
1055             77        0.56777
1056             77        0.63146
1057             77        0.69518
1058             77        0.75809
1059             77        0.82212
1060             77        0.88181
1061             77        0.93825
1062    77     1
1046    78     0
1063             78        0.06722
1064             78        0.13537
1065             78        0.20302
1066             78        0.27022
1067             78        0.33459
1068             78        0.40089
1069             78         0.4666
1070             78        0.53436
1071             78        0.60062
1072             78         0.6672
1073             78        0.73487
1074             78        0.80209
1075             78        0.86992
1076             78        0.93341
1077    78     1
29  79   0
1078             79        0.11356
1079             79        0.21735
1080             79        0.33122
1081             79        0.44486
1082             79        0.55847
1083             79        0.67234
1084             79        0.78396
1085             79        0.89095
1086    79     1
19  80   0
1087             80        0.06052
1088             80        0.11866
1089             80        0.17856
1090             80        0.23253
1091             80        0.28869
1092             80        0.34725
1093             80        0.40829
1094             80         0.4685
1095             80        0.52875
1096             80        0.58799
1097             80        0.64612
1098             80        0.70531
1099             80         0.7641
1100             80        0.82322
1101             80        0.88161
1102             80        0.93995
1103    80     1
1103    81     0
1104             81        0.01413
1105             81        0.02966
1106             81        0.04489
1107             81        0.06047
1108             81        0.07589
1109             81        0.09088
1110             81        0.10568
1111             81        0.12098
1112             81        0.13633
1113             81        0.15202
1114             81        0.16769
1115             81        0.18272
1116             81        0.19687
1117             81        0.21193
1118             81         0.2273
1119             81         0.2425
1120             81        0.25784
1121             81        0.27352
1122             81        0.28868
1123             81        0.30392
1124             81          0.319
1125             81        0.33424
1126             81         0.3492
1127             81        0.36434
1128             81        0.37937
1129             81        0.39505
1130             81        0.41033
1131             81        0.42596
1132             81        0.44147
1133             81          0.457
1134             81        0.47211
1135             81        0.48767
1136             81        0.50306
1137             81        0.51868
1138             81        0.53353
1139             81        0.54896
1140             81        0.56266
1141             81        0.57831
1142             81         0.5934
1143             81        0.60886
1144             81        0.62419
1145             81        0.63974
1146             81        0.65506
1147             81        0.67066
1148             81        0.68585
1149             81        0.70111
1150             81         0.7167
1151             81        0.73177
1152             81        0.74635
1153             81        0.76009
1154             81        0.77439
1155             81        0.78988
1156             81        0.80534
1157             81        0.82016
1158             81        0.83521
1159             81        0.85035
1160             81        0.86557
1161             81        0.88059
1162             81        0.89567
1163             81        0.90904
1164             81        0.92469
1165             81        0.93969
1166             81        0.95498
1167             81        0.97033
1168             81        0.98513
1169    81     1
1103    82     0
1170             82        0.15304
1171             82        0.31552
1172             82        0.47958
1173             82        0.65526
1174             82        0.82666
1175    82     1
15  83   0
1176             83         0.0211
1177             83        0.04143
1178             83        0.06145
1179             83        0.08016
1180             83        0.09986
1181             83        0.12003
1182             83        0.14031
1183             83        0.16049
1184             83        0.18056
1185             83        0.20082
1186             83         0.2211
1187             83        0.24142
1188             83        0.26165
1189             83        0.28165
1190             83        0.30178
1191             83        0.32208
1192             83        0.34234
1193             83         0.3624
1194             83          0.382
1195             83        0.40231
1196             83        0.42259
1197             83         0.4429
1198             83        0.46289
1199             83        0.48242
1200             83        0.50267
1201             83        0.52292
1202             83        0.54323
1203             83         0.5632
1204             83        0.58273
1205             83        0.60268
1206             83          0.623
1207             83        0.64301
1208             83         0.6633
1209             83        0.68339
1210             83        0.70345
1211             83        0.72363
1212             83        0.74263
1213             83        0.76283
1214             83        0.78245
1215             83        0.80261
1216             83        0.82286
1217             83          0.843
1218             83        0.86224
1219             83        0.88242
1220             83        0.90139
1221             83        0.92149
1222             83        0.94171
1223             83        0.96203
1224             83        0.98172
1225    83     1
1225    84     0
1226             84        0.02754
1227             84        0.05625
1228             84        0.08526
1229             84        0.11264
1230             84        0.14184
1231             84        0.17101
1232             84        0.19999
1233             84        0.22863
1234             84        0.25745
1235             84        0.28595
1236             84          0.315
1237             84        0.34358
1238             84        0.37205
1239             84        0.40112
1240             84        0.43019
1241             84        0.45942
1242             84         0.4885
1243             84         0.5173
1244             84         0.5462
1245             84        0.57412
1246             84        0.60332
1247             84        0.63231
1248             84         0.6614
1249             84        0.68971
1250             84        0.71752
1251             84          0.743
1252             84        0.77214
1253             84        0.79982
1254             84        0.82728
1255             84        0.85611
1256             84        0.88471
1257             84         0.9132
1258             84        0.94238
1259             84        0.97111
1260    84     1
1260   110     0
1261            110        0.04613
1262            110        0.09213
1263            110        0.13737
1264            110        0.18195
1265            110        0.22849
1266            110        0.27447
1267            110        0.32077
1268            110         0.3667
1269            110        0.41321
1270            110        0.45933
1271            110        0.50587
1272            110        0.55115
1273            110        0.59546
1274            110        0.64057
1275            110        0.68656
1276            110        0.73278
1277            110        0.77905
1278            110        0.82556
1279            110        0.87196
1280            110        0.91448
1281            110        0.95675
1282   110     1
1225    85     0
1283             85        0.03107
1284             85        0.05878
1285             85        0.08753
1286             85        0.11658
1287             85        0.14463
1288             85        0.17328
1289             85        0.20215
1290             85        0.23093
1291             85         0.2597
1292             85        0.28868
1293             85        0.31719
1294             85        0.34617
1295             85        0.37454
1296             85        0.40346
1297             85        0.43236
1298             85        0.46115
1299             85           0.49
1300             85        0.51872
1301             85        0.54774
1302             85        0.57665
1303             85        0.60555
1304             85         0.6341
1305             85        0.66314
1306             85        0.69186
1307             85        0.72085
1308             85        0.74965
1309             85         0.7786
1310             85         0.8059
1311             85        0.83002
1312             85        0.85606
1313             85        0.88512
1314             85        0.91396
1315             85        0.94239
1316             85        0.97128
1317    85     1
1317   111     0
1318            111        0.11295
1319            111        0.22549
1320            111        0.33908
1321            111        0.45118
1322            111        0.56451
1323            111        0.67805
1324            111          0.789
1325            111        0.90266
1326   111     1
13  86   0
1327             86        0.13092
1328             86         0.2767
1329             86        0.42197
1330             86        0.56705
1331             86        0.71281
1332             86         0.8562
1333    86     1
4  2  0
1334     2     1
1334     4     0
1335              4        0.08755
1336              4        0.17991
1337              4        0.27228
1338              4        0.36464
1339              4        0.45338
1340              4        0.54409
1341              4        0.63496
1342              4        0.72644
1343              4        0.81788
1344              4        0.90841
1345     4     1
1345     5     0
1346              5        0.02862
1347              5        0.06589
1348              5        0.10349
1349              5        0.13913
1350              5        0.17454
1351              5        0.21227
1352              5        0.24785
1353              5        0.28551
1354              5        0.32214
1355              5        0.35812
1356              5        0.39622
1357              5        0.43406
1358              5        0.47178
1359              5        0.50992
1360              5          0.548
1361              5        0.58593
1362              5          0.624
1363              5         0.6621
1364              5        0.69957
1365              5        0.73759
1366              5        0.77524
1367              5        0.81333
1368              5        0.85081
1369              5        0.88679
1370              5        0.92468
1371              5        0.96235
1372     5     1
1372     6     0
1373              6        0.19783
1374              6        0.39918
1375              6        0.60021
1376              6        0.79672
1377     6     1
1377     7     0
1378              7        0.01536
1379              7        0.03071
1380              7        0.04608
1381              7        0.05988
1382              7        0.07498
1383              7        0.09043
1384              7        0.10582
1385              7        0.12109
1386              7        0.13634
1387              7        0.15151
1388              7        0.16699
1389              7        0.18242
1390              7        0.19784
1391              7        0.21298
1392              7        0.22824
1393              7        0.24347
1394              7        0.25822
1395              7        0.27354
1396              7        0.28905
1397              7        0.30446
1398              7        0.31988
1399              7        0.33516
1400              7        0.35056
1401              7        0.36604
1402              7        0.38142
1403              7         0.3969
1404              7         0.4124
1405              7         0.4278
1406              7        0.44313
1407              7        0.45849
1408              7        0.47389
1409              7        0.48928
1410              7        0.50465
1411              7        0.52011
1412              7        0.53562
1413              7        0.55109
1414              7        0.56622
1415              7        0.58172
1416              7        0.59686
1417              7        0.61233
1418              7        0.62704
1419              7        0.64238
1420              7         0.6576
1421              7        0.67081
1422              7        0.68578
1423              7        0.70114
1424              7        0.71629
1425              7        0.73168
1426              7        0.74647
1427              7        0.76173
1428              7        0.77689
1429              7        0.79219
1430              7        0.80589
1431              7        0.82057
1432              7          0.836
1433              7        0.85082
1434              7        0.86617
1435              7        0.88069
1436              7        0.89476
1437              7        0.91026
1438              7        0.92559
1439              7        0.94054
1440              7        0.95598
1441              7        0.97111
1442              7        0.98486
1443     7     1
1377     8     0
1444              8        0.01622
1445              8        0.03339
1446              8         0.0508
1447              8        0.06669
1448              8        0.08393
1449              8        0.10121
1450              8        0.11736
1451              8         0.1342
1452              8        0.15106
1453              8        0.16818
1454              8        0.18544
1455              8        0.20238
1456              8        0.21957
1457              8        0.23684
1458              8        0.25294
1459              8        0.27027
1460              8        0.28756
1461              8        0.30459
1462              8        0.32052
1463              8        0.33783
1464              8        0.35505
1465              8        0.37159
1466              8        0.38851
1467              8        0.40595
1468              8        0.42304
1469              8        0.44047
1470              8        0.45769
1471              8        0.47495
1472              8        0.49224
1473              8         0.5088
1474              8        0.52607
1475              8        0.54342
1476              8        0.56057
1477              8        0.57726
1478              8         0.5946
1479              8        0.61104
1480              8        0.62817
1481              8        0.64452
1482              8        0.66139
1483              8         0.6788
1484              8        0.69506
1485              8        0.71216
1486              8        0.72901
1487              8        0.74528
1488              8        0.76266
1489              8         0.7789
1490              8        0.79503
1491              8         0.8121
1492              8        0.82931
1493              8        0.84654
1494              8        0.86398
1495              8        0.88103
1496              8        0.89835
1497              8        0.91529
1498              8        0.93268
1499              8        0.94952
1500              8        0.96662
1501              8        0.98335
1502     8     1
1372     9     0
1503              9         0.0223
1504              9        0.04994
1505              9        0.07693
1506              9         0.1031
1507              9        0.12747
1508              9        0.15251
1509              9        0.17977
1510              9         0.2062
1511              9        0.23295
1512              9        0.25984
1513              9        0.28655
1514              9        0.31211
1515              9        0.33893
1516              9        0.36657
1517              9        0.39301
1518              9        0.41772
1519              9        0.44474
1520              9        0.47231
1521              9        0.49992
1522              9        0.52742
1523              9        0.55506
1524              9        0.58062
1525              9        0.60641
1526              9        0.63404
1527              9        0.66168
1528              9        0.68763
1529              9        0.71326
1530              9        0.73888
1531              9        0.76482
1532              9        0.79154
1533              9        0.81651
1534              9         0.8431
1535              9         0.8696
1536              9        0.89541
1537              9        0.92183
1538              9        0.94885
1539              9         0.9743
1540     9     1
1345    10     0
1541    10     1
1541    11     0
1542             11        0.06227
1543             11        0.13209
1544             11        0.20053
1545             11        0.27006
1546             11        0.33403
1547             11        0.40263
1548             11        0.47214
1549             11        0.54169
1550             11        0.60779
1551             11        0.67161
1552             11        0.73635
1553             11        0.80053
1554             11        0.86851
1555             11        0.93734
1556    11     1
1556    12     0
1557             12        0.01532
1558             12        0.02949
1559             12        0.04362
1560             12        0.05643
1561             12        0.07015
1562             12        0.08409
1563             12        0.09806
1564             12        0.11209
1565             12        0.12637
1566             12        0.14069
1567             12        0.15476
1568             12        0.16898
1569             12        0.18327
1570             12        0.19762
1571             12        0.21136
1572             12         0.2254
1573             12        0.23947
1574             12        0.25383
1575             12        0.26816
1576             12        0.28214
1577             12        0.29644
1578             12        0.31068
1579             12        0.32477
1580             12        0.33898
1581             12        0.35221
1582             12        0.36633
1583             12        0.38035
1584             12         0.3936
1585             12        0.40689
1586             12        0.42121
1587             12        0.43526
1588             12        0.44885
1589             12        0.46224
1590             12        0.47622
1591             12        0.49025
1592             12        0.50442
1593             12        0.51867
1594             12        0.53275
1595             12        0.54615
1596             12        0.55994
1597             12        0.57407
1598             12        0.58686
1599             12        0.60086
1600             12        0.61172
1601             12        0.62507
1602             12        0.63888
1603             12        0.65269
1604             12        0.66586
1605             12        0.67975
1606             12        0.69037
1607             12        0.70432
1608             12        0.71847
1609             12        0.73266
1610             12        0.74693
1611             12        0.76129
1612             12        0.77545
1613             12        0.78979
1614             12        0.80382
1615             12        0.81792
1616             12        0.83204
1617             12        0.84615
1618             12        0.86036
1619             12        0.87426
1620             12        0.88844
1621             12        0.90251
1622             12        0.91576
1623             12        0.92945
1624             12        0.94315
1625             12         0.9574
1626             12        0.97147
1627             12        0.98574
1628    12     1
1556    13     0
1629             13        0.01696
1630             13        0.03125
1631             13        0.04664
1632             13        0.06111
1633             13        0.07623
1634             13        0.09087
1635             13        0.10582
1636             13        0.12026
1637             13        0.13555
1638             13        0.15084
1639             13        0.16589
1640             13        0.18031
1641             13        0.19561
1642             13         0.2094
1643             13        0.22369
1644             13         0.2377
1645             13        0.25308
1646             13        0.26813
1647             13        0.28305
1648             13        0.29817
1649             13        0.31343
1650             13        0.32791
1651             13        0.34274
1652             13        0.35775
1653             13        0.37264
1654             13        0.38595
1655             13        0.40117
1656             13        0.41619
1657             13        0.43132
1658             13        0.44479
1659             13        0.45707
1660             13        0.46713
1661             13        0.48247
1662             13        0.49762
1663             13        0.51277
1664             13        0.52794
1665             13         0.5432
1666             13         0.5576
1667             13        0.57122
1668             13        0.58587
1669             13        0.60123
1670             13        0.61491
1671             13        0.62972
1672             13        0.64511
1673             13        0.66041
1674             13        0.67557
1675             13        0.69049
1676             13        0.70466
1677             13        0.72001
1678             13         0.7348
1679             13        0.75004
1680             13          0.764
1681             13        0.77882
1682             13        0.79268
1683             13        0.80707
1684             13        0.82178
1685             13        0.83675
1686             13        0.85181
1687             13        0.86635
1688             13        0.88135
1689             13        0.89568
1690             13        0.90994
1691             13        0.92527
1692             13        0.93971
1693             13        0.95456
1694             13        0.96961
1695             13        0.98481
1696    13     1
1541    14     0
1697             14        0.01612
1698             14        0.03271
1699             14        0.04824
1700             14        0.06323
1701             14        0.07975
1702             14        0.09597
1703             14        0.11192
1704             14        0.12851
1705             14        0.14476
1706             14        0.16078
1707             14        0.17686
1708             14        0.19219
1709             14        0.20802
1710             14        0.22416
1711             14        0.24073
1712             14         0.2559
1713             14        0.27165
1714             14        0.28806
1715             14        0.30411
1716             14         0.3201
1717             14        0.33661
1718             14        0.35321
1719             14        0.36991
1720             14        0.38662
1721             14        0.40325
1722             14        0.41985
1723             14        0.43644
1724             14        0.45277
1725             14        0.46948
1726             14        0.48564
1727             14        0.50231
1728             14        0.51837
1729             14        0.53461
1730             14         0.5508
1731             14        0.56747
1732             14        0.58374
1733             14        0.59933
1734             14        0.61552
1735             14        0.63219
1736             14        0.64744
1737             14        0.66276
1738             14        0.67878
1739             14        0.69449
1740             14        0.71053
1741             14        0.72691
1742             14        0.74339
1743             14        0.75842
1744             14        0.77485
1745             14         0.7895
1746             14        0.80624
1747             14        0.82295
1748             14        0.83906
1749             14        0.85526
1750             14        0.87173
1751             14        0.88679
1752             14        0.90283
1753             14        0.91856
1754             14         0.9349
1755             14        0.95099
1756             14        0.96745
1757             14        0.98342
1758    14     1
1334    15     0
1759    15     1
1759    16     0
1760             16        0.04246
1761             16        0.08488
1762             16         0.1273
1763             16        0.16807
1764             16        0.21048
1765             16        0.25255
1766             16        0.29497
1767             16        0.33617
1768             16        0.37803
1769             16        0.42029
1770             16        0.46253
1771             16        0.50465
1772             16        0.54701
1773             16        0.58872
1774             16        0.63084
1775             16         0.6726
1776             16        0.71501
1777             16        0.74978
1778             16        0.79137
1779             16        0.83295
1780             16        0.87514
1781             16        0.91697
1782             16        0.95894
1783    16     1
1783    17     0
1784             17          0.207
1785             17        0.40389
1786             17        0.60174
1787             17        0.80105
1788    17     1
1788    18     0
1789             18        0.01195
1790             18        0.02368
1791             18        0.03475
1792             18         0.0463
1793             18        0.05699
1794             18        0.06871
1795             18        0.08044
1796             18        0.09213
1797             18        0.10423
1798             18        0.11617
1799             18        0.12821
1800             18        0.14015
1801             18        0.15206
1802             18        0.16362
1803             18        0.17555
1804             18        0.18758
1805             18        0.19961
1806             18        0.21129
1807             18        0.22339
1808             18        0.23527
1809             18        0.24718
1810             18        0.25908
1811             18        0.27068
1812             18        0.28264
1813             18        0.29445
1814             18        0.30575
1815             18        0.31751
1816             18        0.32928
1817             18        0.34063
1818             18        0.35267
1819             18        0.36466
1820             18        0.37676
1821             18        0.38849
1822             18        0.40053
1823             18        0.41261
1824             18        0.42438
1825             18        0.43641
1826             18        0.44693
1827             18        0.45813
1828             18        0.47016
1829             18        0.48204
1830             18         0.4936
1831             18        0.50544
1832             18        0.51733
1833             18         0.5293
1834             18        0.54139
1835             18         0.5534
1836             18        0.56489
1837             18        0.57683
1838             18        0.58787
1839             18        0.59981
1840             18        0.61186
1841             18         0.6239
1842             18        0.63564
1843             18        0.64736
1844             18        0.65933
1845             18        0.67128
1846             18        0.68312
1847             18         0.6946
1848             18        0.70641
1849             18        0.71836
1850             18        0.73036
1851             18         0.7423
1852             18        0.75409
1853             18        0.76584
1854             18        0.77723
1855             18        0.78914
1856             18        0.80071
1857             18        0.81278
1858             18        0.82415
1859             18        0.83464
1860             18        0.84632
1861             18        0.85786
1862             18        0.86974
1863             18         0.8818
1864             18        0.89361
1865             18        0.90538
1866             18        0.91745
1867             18        0.92946
1868             18        0.94145
1869             18        0.95345
1870             18        0.96542
1871             18         0.9767
1872             18        0.98848
1873    18     1
1788    19     0
1874             19        0.08452
1875             19        0.18563
1876             19        0.31161
1877             19        0.42587
1878             19        0.54639
1879             19        0.64998
1880             19         0.7595
1881             19        0.88378
1882    19     1
1783    20     0
1883             20         0.0129
1884             20        0.02503
1885             20        0.03721
1886             20        0.04926
1887             20        0.06134
1888             20        0.07344
1889             20        0.08565
1890             20        0.09769
1891             20        0.10982
1892             20        0.12189
1893             20         0.1339
1894             20        0.14607
1895             20        0.15802
1896             20        0.16996
1897             20        0.18217
1898             20        0.19437
1899             20        0.20643
1900             20        0.21862
1901             20        0.23067
1902             20         0.2426
1903             20        0.25482
1904             20         0.2667
1905             20        0.27888
1906             20        0.29095
1907             20        0.30306
1908             20        0.31524
1909             20        0.32733
1910             20        0.33944
1911             20         0.3516
1912             20        0.36375
1913             20        0.37593
1914             20        0.38754
1915             20        0.39926
1916             20        0.41142
1917             20         0.4233
1918             20        0.43523
1919             20        0.44744
1920             20        0.45965
1921             20        0.47108
1922             20        0.48105
1923             20        0.49316
1924             20        0.50512
1925             20        0.51686
1926             20        0.52865
1927             20        0.54073
1928             20        0.55241
1929             20        0.56421
1930             20        0.57627
1931             20        0.58838
1932             20        0.59998
1933             20        0.61179
1934             20        0.62262
1935             20        0.63407
1936             20        0.64563
1937             20        0.65753
1938             20        0.66918
1939             20        0.68072
1940             20        0.69217
1941             20        0.70436
1942             20        0.71657
1943             20        0.72878
1944             20          0.741
1945             20        0.75318
1946             20        0.76525
1947             20        0.77738
1948             20         0.7896
1949             20        0.80103
1950             20         0.8109
1951             20        0.82312
1952             20        0.83502
1953             20        0.84693
1954             20        0.85716
1955             20        0.86726
1956             20        0.87937
1957             20        0.89146
1958             20        0.90358
1959             20        0.91576
1960             20        0.92798
1961             20        0.94003
1962             20        0.95208
1963             20        0.96426
1964             20        0.97638
1965             20        0.98859
1966    20     1
1759     3     0
1967              3        0.50025
1968     3     1
4  21   0
1969             21        0.06437
1970             21        0.15161
1971             21        0.23886
1972             21         0.3261
1973             21        0.41335
1974             21        0.50059
1975             21        0.58775
1976             21         0.6743
1977             21        0.76058
1978             21        0.84414
1979             21        0.92408
1980    21     1
1980    22     0
1981             22        0.11601
1982             22        0.24719
1983             22        0.37027
1984             22        0.49849
1985             22        0.62833
1986             22        0.75902
1987             22        0.88518
1988    22     1
1988    23     0
1989             23        0.03555
1990             23         0.0693
1991             23        0.10304
1992             23        0.13692
1993             23        0.17084
1994             23        0.20327
1995             23        0.23658
1996             23        0.27008
1997             23        0.30376
1998             23        0.33704
1999             23        0.36753
2000             23        0.39913
2001             23        0.43211
2002             23        0.46543
2003             23        0.49748
2004             23        0.53082
2005             23        0.56456
2006             23        0.59788
2007             23        0.63181
2008             23        0.66579
2009             23        0.69952
2010             23        0.73192
2011             23        0.76535
2012             23        0.79883
2013             23        0.83231
2014             23        0.86616
2015             23        0.89994
2016             23        0.93327
2017             23        0.96706
2018    23     1
2018    24     0
2019             24        0.02288
2020             24        0.04644
2021             24        0.07024
2022             24        0.09355
2023             24        0.11634
2024             24        0.13932
2025             24        0.15999
2026             24         0.1816
2027             24        0.20524
2028             24        0.22801
2029             24        0.25097
2030             24        0.27422
2031             24        0.29731
2032             24        0.32018
2033             24        0.34301
2034             24        0.36661
2035             24        0.39019
2036             24        0.41383
2037             24        0.43763
2038             24        0.46058
2039             24        0.48458
2040             24        0.50774
2041             24        0.53165
2042             24        0.55549
2043             24        0.57949
2044             24        0.60316
2045             24        0.62704
2046             24        0.65082
2047             24         0.6736
2048             24         0.6968
2049             24        0.72057
2050             24          0.743
2051             24        0.76661
2052             24        0.78955
2053             24        0.81334
2054             24        0.83707
2055             24         0.8608
2056             24        0.88461
2057             24        0.90857
2058             24        0.93204
2059             24        0.95438
2060             24        0.97594
2061    24     1
2018    25     0
2062             25        0.02543
2063             25         0.0494
2064             25        0.07447
2065             25        0.09465
2066             25        0.12015
2067             25        0.14601
2068             25        0.17089
2069             25         0.1966
2070             25         0.2202
2071             25        0.24476
2072             25        0.26912
2073             25        0.29428
2074             25        0.31926
2075             25        0.34224
2076             25        0.36576
2077             25        0.39119
2078             25        0.41647
2079             25        0.44152
2080             25        0.46457
2081             25         0.4887
2082             25         0.5088
2083             25        0.53216
2084             25        0.55775
2085             25        0.58339
2086             25         0.6084
2087             25        0.63296
2088             25         0.6586
2089             25          0.682
2090             25        0.70755
2091             25        0.73202
2092             25        0.75607
2093             25        0.78012
2094             25        0.80517
2095             25        0.83073
2096             25        0.85439
2097             25        0.87891
2098             25        0.90183
2099             25        0.92642
2100             25        0.95226
2101             25        0.97579
2102    25     1
1988    26     0
2103             26        0.01112
2104             26        0.02291
2105             26        0.03472
2106             26        0.04659
2107             26        0.05776
2108             26        0.06929
2109             26        0.08116
2110             26        0.09249
2111             26        0.10392
2112             26        0.11567
2113             26        0.12732
2114             26        0.13872
2115             26         0.1504
2116             26        0.16206
2117             26        0.17348
2118             26        0.18479
2119             26        0.19649
2120             26        0.20839
2121             26        0.22026
2122             26        0.23209
2123             26        0.24398
2124             26        0.25585
2125             26        0.26767
2126             26        0.27922
2127             26        0.29062
2128             26        0.30166
2129             26        0.31352
2130             26        0.32523
2131             26        0.33672
2132             26        0.34848
2133             26        0.36016
2134             26        0.37187
2135             26        0.38346
2136             26        0.39297
2137             26         0.4044
2138             26         0.4162
2139             26        0.42803
2140             26        0.43976
2141             26        0.45158
2142             26        0.46343
2143             26        0.47532
2144             26        0.48708
2145             26        0.49894
2146             26        0.51074
2147             26        0.52197
2148             26        0.53375
2149             26        0.54531
2150             26        0.55696
2151             26        0.56885
2152             26        0.58071
2153             26         0.5925
2154             26        0.60435
2155             26        0.61588
2156             26        0.62736
2157             26        0.63921
2158             26        0.65089
2159             26        0.66211
2160             26        0.67365
2161             26        0.68535
2162             26        0.69718
2163             26        0.70897
2164             26        0.72085
2165             26        0.73257
2166             26        0.74426
2167             26        0.75616
2168             26        0.76785
2169             26        0.77886
2170             26        0.79069
2171             26        0.80246
2172             26        0.81415
2173             26        0.82596
2174             26        0.83771
2175             26        0.84944
2176             26        0.86131
2177             26        0.87316
2178             26        0.88467
2179             26        0.89637
2180             26         0.9081
2181             26        0.91988
2182             26        0.93063
2183             26        0.94217
2184             26        0.95384
2185             26        0.96556
2186             26        0.97742
2187             26        0.98908
2188    26     1
1980    27     0
2189             27         0.2423
2190             27        0.49783
2191             27        0.74242
2192    27     1
3  28   0
2193             28        0.17193
2194             28        0.34385
2195             28        0.51578
2196             28         0.6868
2197             28        0.84946
2198    28     1
2198    29     0
2199             29        0.29465
2200             29        0.52616
2201             29        0.76632
2202    29     1
2202    30     0
2203             30        0.26016
2204             30        0.63108
2205    30     1
2205    31     0
2206             31        0.07158
2207             31        0.14471
2208             31        0.21498
2209             31        0.28763
2210             31        0.35915
2211             31        0.43127
2212             31        0.50258
2213             31        0.57467
2214             31        0.64566
2215             31        0.71532
2216             31        0.78372
2217             31        0.85505
2218             31         0.9274
2219    31     1
2219    32     0
2220             32        0.01409
2221             32        0.02931
2222             32        0.04456
2223             32        0.06017
2224             32        0.07575
2225             32        0.09144
2226             32        0.10682
2227             32        0.12168
2228             32        0.13711
2229             32        0.15247
2230             32        0.16777
2231             32        0.18352
2232             32        0.19929
2233             32        0.21437
2234             32        0.22911
2235             32        0.24487
2236             32        0.26001
2237             32        0.27466
2238             32        0.29007
2239             32        0.30556
2240             32        0.32083
2241             32        0.33569
2242             32        0.35152
2243             32        0.36689
2244             32        0.38174
2245             32        0.39752
2246             32        0.41289
2247             32        0.42856
2248             32        0.44387
2249             32        0.45934
2250             32        0.47506
2251             32        0.49072
2252             32        0.50461
2253             32        0.52003
2254             32        0.53587
2255             32        0.55107
2256             32        0.56652
2257             32        0.58191
2258             32        0.59745
2259             32        0.61301
2260             32         0.6274
2261             32        0.64315
2262             32        0.65881
2263             32        0.67352
2264             32        0.68765
2265             32        0.70188
2266             32        0.71755
2267             32        0.73333
2268             32        0.74895
2269             32        0.76376
2270             32        0.77521
2271             32        0.79044
2272             32         0.8055
2273             32        0.82107
2274             32        0.83684
2275             32        0.85136
2276             32        0.86715
2277             32        0.88293
2278             32        0.89434
2279             32        0.90872
2280             32        0.92454
2281             32        0.94029
2282             32        0.95598
2283             32        0.97169
2284             32        0.98561
2285    32     1
2219    33     0
2286             33        0.01597
2287             33        0.03496
2288             33        0.05386
2289             33         0.0727
2290             33        0.09138
2291             33        0.10677
2292             33        0.12495
2293             33        0.14312
2294             33        0.16185
2295             33         0.1803
2296             33        0.19928
2297             33        0.21798
2298             33        0.23646
2299             33        0.25537
2300             33        0.27433
2301             33        0.29301
2302             33        0.30821
2303             33        0.32643
2304             33        0.34421
2305             33        0.36285
2306             33        0.38142
2307             33         0.4003
2308             33         0.4172
2309             33        0.43531
2310             33        0.45213
2311             33        0.46988
2312             33        0.48813
2313             33        0.50674
2314             33        0.52529
2315             33        0.54366
2316             33        0.56197
2317             33        0.58048
2318             33         0.5987
2319             33        0.61629
2320             33        0.63512
2321             33        0.65397
2322             33         0.6729
2323             33        0.69148
2324             33        0.71021
2325             33        0.72555
2326             33        0.74417
2327             33        0.76162
2328             33        0.77885
2329             33        0.79639
2330             33        0.81463
2331             33         0.8336
2332             33         0.8521
2333             33        0.87063
2334             33        0.88918
2335             33         0.9076
2336             33        0.92586
2337             33        0.94469
2338             33        0.96296
2339             33        0.98145
2340    33     1
2205    34     0
2341             34        0.06356
2342             34        0.12471
2343             34        0.18742
2344             34        0.25031
2345             34        0.31271
2346             34        0.37628
2347             34        0.43917
2348             34        0.50269
2349             34        0.56622
2350             34        0.62697
2351             34         0.6898
2352             34        0.75174
2353             34        0.81325
2354             34        0.87391
2355             34        0.93652
2356    34     1
2356    35     0
2357             35        0.01404
2358             35         0.0281
2359             35        0.04192
2360             35        0.05574
2361             35        0.06976
2362             35        0.08385
2363             35         0.0972
2364             35        0.10975
2365             35        0.12328
2366             35         0.1374
2367             35        0.15107
2368             35        0.16509
2369             35        0.17923
2370             35        0.19329
2371             35        0.20716
2372             35        0.22085
2373             35        0.23457
2374             35        0.24863
2375             35        0.26223
2376             35        0.27564
2377             35        0.28911
2378             35        0.30288
2379             35        0.31612
2380             35        0.32991
2381             35        0.34398
2382             35        0.35607
2383             35         0.3695
2384             35        0.38312
2385             35        0.39677
2386             35        0.41086
2387             35        0.42327
2388             35        0.43591
2389             35        0.44993
2390             35        0.46393
2391             35        0.47784
2392             35        0.49119
2393             35        0.50501
2394             35        0.51828
2395             35        0.53175
2396             35        0.54509
2397             35        0.55916
2398             35        0.57318
2399             35        0.58711
2400             35        0.60101
2401             35        0.61492
2402             35        0.62894
2403             35        0.64305
2404             35        0.65696
2405             35        0.67018
2406             35        0.68413
2407             35        0.69825
2408             35         0.7121
2409             35        0.72586
2410             35        0.73999
2411             35        0.75406
2412             35        0.76785
2413             35        0.78177
2414             35        0.79581
2415             35        0.80966
2416             35        0.82336
2417             35        0.83742
2418             35        0.85151
2419             35         0.8651
2420             35        0.87855
2421             35        0.89076
2422             35        0.90418
2423             35        0.91811
2424             35        0.93179
2425             35        0.94581
2426             35        0.95901
2427             35        0.97311
2428             35        0.98702
2429    35     1
2356    36     0
2430             36        0.03014
2431             36         0.0669
2432             36        0.10472
2433             36        0.14251
2434             36        0.17979
2435             36        0.21743
2436             36        0.25554
2437             36        0.29362
2438             36        0.33145
2439             36        0.36943
2440             36        0.40665
2441             36        0.44436
2442             36        0.48245
2443             36        0.52028
2444             36        0.55811
2445             36        0.59618
2446             36         0.6341
2447             36        0.67183
2448             36        0.70957
2449             36        0.74704
2450             36        0.78505
2451             36        0.82314
2452             36        0.85794
2453             36        0.89551
2454             36         0.9323
2455             36        0.97031
2456    36     1
2202    37     0
2457             37         0.1684
2458             37        0.34326
2459             37        0.51142
2460             37        0.66726
2461             37        0.83915
2462    37     1
2462    38     0
2463             38        0.27202
2464             38        0.51373
2465             38        0.78409
2466    38     1
2466    39     0
2467             39        0.01966
2468             39         0.0359
2469             39        0.05168
2470             39        0.06748
2471             39        0.08365
2472             39        0.09969
2473             39        0.11576
2474             39        0.13198
2475             39        0.14799
2476             39         0.1637
2477             39        0.17992
2478             39        0.19512
2479             39        0.21081
2480             39        0.22623
2481             39        0.24188
2482             39        0.25763
2483             39        0.27388
2484             39        0.28971
2485             39        0.30484
2486             39        0.32076
2487             39        0.33631
2488             39        0.35173
2489             39        0.36717
2490             39        0.38305
2491             39        0.39841
2492             39        0.41438
2493             39        0.42978
2494             39        0.44572
2495             39        0.46106
2496             39          0.477
2497             39        0.49315
2498             39        0.50912
2499             39        0.52533
2500             39        0.54139
2501             39        0.55659
2502             39        0.57283
2503             39         0.5886
2504             39        0.60456
2505             39        0.62077
2506             39        0.63696
2507             39        0.65284
2508             39        0.66887
2509             39        0.68502
2510             39        0.70123
2511             39        0.71684
2512             39        0.73277
2513             39        0.74877
2514             39        0.76499
2515             39        0.78113
2516             39        0.79694
2517             39        0.81242
2518             39        0.82792
2519             39         0.8434
2520             39        0.85954
2521             39        0.87551
2522             39        0.89157
2523             39        0.90631
2524             39        0.92177
2525             39        0.93773
2526             39        0.95314
2527             39        0.96911
2528             39        0.98449
2529    39     1
2466    40     0
2530             40        0.02073
2531             40        0.03717
2532             40        0.05406
2533             40        0.07051
2534             40        0.08567
2535             40        0.10169
2536             40        0.11789
2537             40        0.13238
2538             40        0.14925
2539             40          0.166
2540             40         0.1828
2541             40        0.19883
2542             40        0.21513
2543             40        0.23073
2544             40        0.24757
2545             40        0.26401
2546             40        0.28082
2547             40        0.29736
2548             40        0.31399
2549             40        0.32858
2550             40         0.3454
2551             40        0.36212
2552             40        0.37839
2553             40        0.39528
2554             40        0.41217
2555             40        0.42887
2556             40        0.44496
2557             40         0.4618
2558             40        0.47789
2559             40         0.4944
2560             40        0.51043
2561             40        0.52708
2562             40        0.54298
2563             40        0.55892
2564             40        0.57543
2565             40        0.59204
2566             40        0.60854
2567             40        0.62454
2568             40        0.64097
2569             40         0.6571
2570             40        0.67381
2571             40        0.69041
2572             40        0.70691
2573             40         0.7237
2574             40        0.74053
2575             40        0.75713
2576             40        0.77385
2577             40        0.78964
2578             40         0.8059
2579             40        0.82239
2580             40        0.83904
2581             40        0.85489
2582             40        0.87106
2583             40         0.8879
2584             40         0.9045
2585             40        0.92131
2586             40        0.93777
2587             40        0.95438
2588             40        0.97115
2589             40        0.98587
2590    40     1
2462    41     0
2591             41        0.01302
2592             41        0.02528
2593             41        0.03695
2594             41        0.04997
2595             41        0.06251
2596             41        0.07549
2597             41        0.08846
2598             41         0.1013
2599             41        0.11386
2600             41        0.12646
2601             41        0.13916
2602             41        0.15215
2603             41        0.16505
2604             41        0.17798
2605             41        0.19032
2606             41        0.20224
2607             41        0.21484
2608             41        0.22782
2609             41        0.24044
2610             41        0.25335
2611             41        0.26598
2612             41        0.27873
2613             41        0.29073
2614             41        0.30361
2615             41        0.31637
2616             41        0.32869
2617             41        0.34139
2618             41        0.35399
2619             41        0.36688
2620             41        0.37951
2621             41        0.39236
2622             41        0.40518
2623             41        0.41748
2624             41        0.42996
2625             41         0.4413
2626             41        0.45383
2627             41        0.46666
2628             41        0.47924
2629             41        0.49209
2630             41        0.50486
2631             41        0.51774
2632             41        0.53055
2633             41        0.54306
2634             41        0.55574
2635             41        0.56858
2636             41        0.58096
2637             41        0.59369
2638             41        0.60659
2639             41        0.61862
2640             41        0.63162
2641             41         0.6445
2642             41        0.65722
2643             41         0.6692
2644             41         0.6818
2645             41         0.6946
2646             41        0.70758
2647             41        0.72045
2648             41        0.73338
2649             41        0.74604
2650             41        0.75886
2651             41        0.77173
2652             41        0.78471
2653             41        0.79773
2654             41        0.81019
2655             41        0.82257
2656             41        0.83553
2657             41        0.84816
2658             41        0.86101
2659             41        0.87386
2660             41        0.88671
2661             41         0.8992
2662             41        0.91219
2663             41        0.92507
2664             41        0.93729
2665             41        0.95007
2666             41        0.96269
2667             41        0.97546
2668             41        0.98846
2669    41     1
2198    42     0
2670             42        0.17277
2671             42        0.31573
2672             42        0.45662
2673             42        0.59906
2674             42        0.74035
2675             42        0.86606
2676    42     1
