0  0  0
1           0       5e-05
2  0  1
2  25   0
3           25      0.06935
4           25       0.1387
5           25      0.20805
6           25      0.27317
7           25      0.34041
8           25       0.4093
9           25      0.47832
10           25      0.54554
11           25      0.61427
12           25      0.66885
13           25      0.72842
14           25      0.79383
15           25      0.86192
16           25      0.93072
17  25   1
17  71   0
18           71      0.50474
19  71   1
19  72   0
20           72      0.31303
21           72      0.66145
22  72   1
22  73   0
23           73      0.33163
24           73      0.66143
25  73   1
25  74   0
26           74      0.10349
27           74      0.21947
28           74      0.33453
29           74      0.44946
30           74      0.56605
31           74      0.68308
32           74      0.79945
33           74      0.91586
34  74   1
34  75   0
35  75   1
35  76   0
36           76      0.18737
37           76       0.3878
38           76      0.59774
39           76      0.80611
40  76   1
40  77   0
41           77      0.29822
42           77      0.65355
43  77   1
43  78   0
44           78      0.49813
45  78   1
45  79   0
46           79       0.5532
47  79   1
47  80   0
48           80      0.47669
49  80   1
49  81   0
50           81      0.19531
51           81      0.40529
52           81      0.60106
53           81      0.81092
54  81   1
54  82   0
55  82   1
55  83   0
56           83      0.32876
57           83      0.58603
58           83      0.84833
59  83   1
59  84   0
60           84      0.25201
61           84      0.44236
62           84      0.63211
63           84      0.81914
64  84   1
64  85   0
65           85      0.19783
66           85      0.40094
67           85      0.60501
68           85      0.80915
69  85   1
69  86   0
70           86      0.14545
71           86      0.29218
72           86      0.43924
73           86      0.58732
74           86      0.73144
75           86      0.87727
76  86   1
76  87   0
77           87      0.29088
78           87       0.5248
79           87      0.77074
80  87   1
80  88   0
81  88   1
81  89   0
82           89      0.08895
83           89      0.18216
84           89      0.27365
85           89      0.36516
86           89      0.45712
87           89      0.54772
88           89       0.6409
89           89      0.73096
90           89      0.82356
91           89      0.91431
92  89   1
92  90   0
93  90   1
93  91   0
94           91      0.08317
95           91      0.17419
96           91      0.26765
97           91      0.36149
98           91       0.4507
99           91      0.53745
100            91       0.63239
101            91       0.72607
102            91       0.82061
103            91       0.91581
104   91    1
104   92    0
105            92       0.06911
106            92       0.14267
107            92       0.20336
108            92       0.27449
109            92        0.3483
110            92       0.42243
111            92       0.49581
112            92       0.56867
113            92       0.64266
114            92       0.71664
115            92       0.78935
116            92        0.8631
117            92       0.93486
118   92    1
118   93    0
119            93       0.12748
120            93       0.25434
121            93       0.38509
122            93       0.51037
123            93        0.6381
124            93       0.76219
125            93       0.89111
126   93    1
126   94    0
127   94    1
127   26    0
128            26       0.04435
129            26        0.0988
130            26       0.15295
131            26        0.2056
132            26       0.26053
133            26       0.31472
134            26       0.36761
135            26       0.42157
136            26       0.47526
137            26       0.52814
138            26        0.5816
139            26       0.63268
140            26       0.68616
141            26       0.73963
142            26       0.79264
143            26       0.84306
144            26       0.89304
145            26       0.94568
146   26    1
146   95    0
147            95         0.025
148            95       0.05051
149            95       0.07569
150            95       0.10089
151            95       0.12525
152            95       0.15116
153            95       0.17475
154            95       0.20028
155            95       0.22546
156            95        0.2508
157            95       0.27665
158            95        0.3018
159            95       0.32752
160            95       0.35012
161            95       0.37531
162            95       0.39906
163            95       0.42334
164            95       0.44809
165            95       0.47198
166            95       0.49772
167            95       0.52351
168            95       0.54858
169            95       0.57401
170            95       0.59843
171            95       0.62389
172            95       0.64906
173            95       0.67441
174            95       0.69977
175            95       0.72363
176            95       0.74949
177            95       0.77519
178            95       0.80044
179            95       0.82616
180            95       0.85149
181            95       0.87574
182            95       0.89995
183            95       0.92431
184            95        0.9501
185            95       0.97589
186   95    1
186   96    0
187            96       0.32085
188            96       0.65273
189   96    1
189   97    0
190            97       0.05257
191            97       0.09686
192            97       0.13811
193            97       0.18292
194            97       0.23382
195            97       0.28593
196            97       0.33625
197            97       0.38855
198            97       0.43688
199            97       0.48649
200            97       0.53276
201            97       0.58458
202            97       0.63544
203            97       0.68903
204            97       0.73548
205            97       0.78821
206            97       0.84208
207            97        0.8953
208            97        0.9467
209   97    1
209   98    0
210            98       0.01511
211            98       0.02912
212            98       0.04458
213            98       0.05916
214            98       0.07324
215            98       0.08898
216            98        0.1048
217            98       0.12042
218            98       0.13467
219            98       0.14985
220            98       0.16537
221            98       0.18087
222            98       0.19656
223            98       0.21202
224            98       0.22727
225            98       0.24161
226            98       0.25706
227            98       0.27255
228            98       0.28768
229            98       0.30302
230            98        0.3179
231            98       0.33349
232            98       0.34853
233            98       0.36327
234            98       0.37842
235            98        0.3938
236            98         0.409
237            98       0.42349
238            98        0.4385
239            98       0.45392
240            98       0.46939
241            98       0.48409
242            98       0.49926
243            98       0.51403
244            98       0.52985
245            98       0.54293
246            98       0.55714
247            98       0.57212
248            98       0.58766
249            98       0.60308
250            98       0.61842
251            98       0.63405
252            98       0.64976
253            98       0.66526
254            98       0.68101
255            98       0.69606
256            98       0.71105
257            98       0.72661
258            98       0.74227
259            98       0.75792
260            98       0.77365
261            98       0.78916
262            98       0.80465
263            98       0.81948
264            98       0.83437
265            98       0.84946
266            98       0.86454
267            98       0.88016
268            98       0.89565
269            98       0.91078
270            98       0.92592
271            98       0.94048
272            98       0.95481
273            98       0.96885
274            98       0.98453
275   98    1
275   99    0
276            99       0.02828
277            99       0.06048
278            99       0.09127
279            99       0.12294
280            99       0.15477
281            99       0.18621
282            99       0.21833
283            99       0.24942
284            99       0.27995
285            99       0.31093
286            99       0.34167
287            99       0.37359
288            99       0.40478
289            99       0.43565
290            99       0.46547
291            99        0.4962
292            99       0.52829
293            99       0.55943
294            99       0.58812
295            99       0.62001
296            99       0.64985
297            99       0.68177
298            99       0.71355
299            99       0.74534
300            99       0.77731
301            99       0.80952
302            99       0.84161
303            99       0.87354
304            99        0.9056
305            99       0.93674
306            99       0.96894
307   99    1
275  100    0
308           100       0.17376
309           100       0.37875
310           100       0.58734
311           100       0.79664
312  100    1
209  101    0
313           101       0.03467
314           101       0.06718
315           101       0.10177
316           101       0.13772
317           101        0.1706
318           101        0.2062
319           101       0.24152
320           101       0.27768
321           101       0.31231
322           101       0.34844
323           101       0.38308
324           101       0.41887
325           101       0.45473
326           101       0.48988
327           101       0.52391
328           101       0.56001
329           101       0.59629
330           101       0.63102
331           101       0.66512
332           101       0.69884
333           101       0.73357
334           101       0.76523
335           101       0.79756
336           101       0.83221
337           101       0.86762
338           101       0.90093
339           101        0.9344
340           101       0.96514
341  101    1
189  102    0
342  102    1
186  103    0
343           103       0.03676
344           103       0.07616
345           103       0.11462
346           103       0.15442
347           103       0.19326
348           103       0.23206
349           103       0.27043
350           103       0.30845
351           103       0.34805
352           103       0.38721
353           103        0.4254
354           103       0.46444
355           103       0.50366
356           103       0.54245
357           103        0.5809
358           103       0.61932
359           103       0.65847
360           103       0.69722
361           103       0.73495
362           103       0.77328
363           103       0.81054
364           103       0.84872
365           103       0.88718
366           103       0.92511
367           103       0.96091
368  103    1
368  104    0
369           104       0.01926
370           104        0.0394
371           104       0.05892
372           104        0.0796
373           104       0.10117
374           104       0.12242
375           104       0.14361
376           104       0.16494
377           104       0.18613
378           104       0.20722
379           104       0.22783
380           104       0.24607
381           104       0.26564
382           104       0.28653
383           104       0.30823
384           104       0.32958
385           104       0.34967
386           104       0.37055
387           104       0.39166
388           104       0.41236
389           104       0.43441
390           104       0.45444
391           104       0.47357
392           104       0.49507
393           104       0.51524
394           104       0.53584
395           104       0.55678
396           104       0.57896
397           104       0.60069
398           104       0.62056
399           104       0.64198
400           104       0.66261
401           104       0.68432
402           104       0.70502
403           104       0.72461
404           104       0.74644
405           104       0.76803
406           104       0.78992
407           104        0.8121
408           104        0.8342
409           104       0.85524
410           104       0.87469
411           104       0.89676
412           104         0.918
413           104       0.93633
414           104       0.95772
415           104       0.97872
416  104    1
368  105    0
417           105       0.03196
418           105       0.06606
419           105       0.09471
420           105       0.12827
421           105       0.15969
422           105       0.19431
423           105       0.22798
424           105       0.26235
425           105       0.29526
426           105       0.32985
427           105       0.36387
428           105       0.39761
429           105       0.43205
430           105       0.46648
431           105       0.49895
432           105       0.53144
433           105       0.56442
434           105       0.59678
435           105       0.63064
436           105       0.66342
437           105       0.69741
438           105       0.73213
439           105       0.76649
440           105       0.80011
441           105        0.8345
442           105       0.86768
443           105         0.899
444           105       0.93239
445           105       0.96577
446  105    1
126   27    0
447            27       0.08873
448            27        0.1724
449            27       0.25755
450            27       0.34043
451            27       0.42399
452            27       0.50384
453            27       0.58675
454            27       0.66845
455            27       0.75255
456            27       0.83113
457            27       0.91448
458   27    1
118   28    0
459            28       0.04459
460            28       0.08874
461            28        0.1336
462            28       0.17667
463            28       0.21682
464            28        0.2594
465            28       0.30312
466            28       0.34853
467            28       0.39042
468            28       0.42778
469            28       0.47337
470            28       0.51738
471            28       0.55475
472            28       0.59935
473            28        0.6448
474            28       0.68817
475            28       0.73418
476            28       0.77772
477            28       0.82151
478            28       0.86726
479            28       0.91159
480            28       0.95477
481   28    1
104   29    0
482            29       0.03087
483            29       0.05932
484            29        0.0886
485            29       0.11408
486            29       0.14367
487            29       0.17192
488            29       0.20097
489            29       0.22919
490            29       0.25865
491            29       0.28775
492            29       0.31658
493            29       0.34448
494            29        0.3733
495            29       0.40275
496            29       0.43099
497            29        0.4601
498            29       0.48874
499            29       0.51792
500            29       0.54562
501            29       0.57276
502            29       0.60023
503            29       0.62856
504            29       0.65535
505            29       0.68388
506            29       0.71333
507            29       0.74276
508            29        0.7718
509            29       0.80014
510            29       0.82885
511            29       0.85644
512            29       0.88501
513            29       0.91264
514            29       0.94231
515            29       0.97072
516   29    1
93  106    0
517           106       0.06906
518           106       0.13358
519           106       0.20885
520           106         0.279
521           106       0.35154
522           106       0.42409
523           106       0.49902
524           106       0.57219
525           106       0.64672
526           106        0.7208
527           106       0.78544
528           106        0.8607
529           106       0.93481
530  106    1
530  107    0
531           107       0.12153
532           107       0.23171
533           107       0.34265
534           107       0.45474
535           107       0.55934
536           107       0.67119
537           107       0.78138
538           107       0.88928
539  107    1
539  108    0
540  108    1
540  109    0
541           109       0.34803
542           109       0.67588
543  109    1
543  110    0
544           110       0.12934
545           110       0.27781
546           110       0.42528
547           110       0.56364
548           110        0.7138
549           110       0.85204
550  110    1
550   30    0
551            30       0.06293
552            30       0.12661
553            30       0.18835
554            30       0.24918
555            30       0.31043
556            30        0.3735
557            30       0.43687
558            30       0.49579
559            30       0.55804
560            30       0.62161
561            30       0.68513
562            30       0.74658
563            30        0.8099
564            30       0.87316
565            30       0.93692
566   30    1
566  111    0
567           111       0.17243
568           111       0.35149
569           111       0.53484
570           111       0.72013
571           111       0.89273
572  111    1
572  112    0
573           112       0.03254
574           112       0.05724
575           112       0.08178
576           112         0.105
577           112       0.12844
578           112       0.15299
579           112       0.17278
580           112       0.19781
581           112        0.2226
582           112       0.24751
583           112        0.2711
584           112       0.29603
585           112       0.32024
586           112       0.34419
587           112       0.36759
588           112       0.38862
589           112       0.41287
590           112        0.4376
591           112       0.46072
592           112       0.48547
593           112        0.5102
594           112       0.53505
595           112       0.55848
596           112       0.58342
597           112       0.60771
598           112       0.63186
599           112       0.65685
600           112       0.68176
601           112       0.70562
602           112       0.72938
603           112        0.7525
604           112       0.77731
605           112       0.80232
606           112       0.82731
607           112       0.85203
608           112       0.87646
609           112       0.90124
610           112       0.92575
611           112        0.9506
612           112       0.97506
613  112    1
613  113    0
614           113       0.01843
615           113        0.0376
616           113       0.05711
617           113       0.07568
618           113       0.09441
619           113        0.1136
620           113       0.13291
621           113       0.15236
622           113       0.17174
623           113       0.19064
624           113       0.20945
625           113       0.22893
626           113       0.24788
627           113       0.26624
628           113       0.28463
629           113       0.30381
630           113       0.32286
631           113       0.34155
632           113       0.36023
633           113       0.37806
634           113       0.39704
635           113       0.41615
636           113       0.43499
637           113       0.45432
638           113       0.47389
639           113       0.49232
640           113       0.51136
641           113       0.52994
642           113       0.54918
643           113       0.56798
644           113       0.58625
645           113       0.60501
646           113       0.62414
647           113        0.6423
648           113       0.66174
649           113       0.68082
650           113       0.69978
651           113        0.7188
652           113       0.73738
653           113       0.75652
654           113       0.77507
655           113       0.79393
656           113       0.81335
657           113       0.83171
658           113       0.85087
659           113       0.87028
660           113       0.88817
661           113       0.90715
662           113       0.92556
663           113       0.94197
664           113       0.96087
665           113       0.98043
666  113    1
613  114    0
667           114       0.04084
668           114       0.09403
669           114       0.14902
670           114       0.20203
671           114       0.25459
672           114       0.29995
673           114       0.35369
674           114       0.40985
675           114       0.46022
676           114       0.51333
677           114       0.56733
678           114       0.62058
679           114       0.67513
680           114        0.7308
681           114       0.78549
682           114       0.83991
683           114       0.89211
684           114       0.94407
685  114    1
572  115    0
686           115       0.04828
687           115       0.08436
688           115       0.12028
689           115       0.15543
690           115       0.19153
691           115       0.22769
692           115       0.26296
693           115         0.299
694           115       0.33409
695           115       0.36898
696           115        0.4041
697           115       0.43773
698           115       0.47229
699           115       0.50717
700           115       0.54339
701           115       0.57913
702           115       0.61537
703           115       0.65085
704           115       0.68595
705           115       0.72189
706           115       0.75794
707           115       0.79314
708           115        0.8281
709           115       0.86341
710           115        0.8993
711           115       0.93506
712           115       0.97076
713  115    1
713  116    0
714           116       0.02658
715           116        0.0477
716           116       0.06873
717           116       0.08976
718           116       0.11054
719           116       0.13025
720           116       0.14887
721           116       0.16902
722           116       0.18976
723           116       0.20972
724           116       0.23065
725           116       0.25105
726           116       0.27135
727           116       0.29172
728           116       0.31274
729           116        0.3338
730           116       0.35463
731           116       0.37576
732           116       0.39585
733           116       0.41681
734           116       0.43707
735           116       0.45626
736           116       0.47665
737           116       0.49742
738           116       0.51833
739           116       0.53803
740           116       0.55838
741           116       0.57763
742           116       0.59692
743           116       0.61736
744           116       0.63778
745           116       0.65843
746           116       0.67829
747           116       0.69863
748           116       0.71846
749           116       0.73854
750           116       0.75733
751           116       0.77698
752           116       0.79714
753           116       0.81803
754           116        0.8383
755           116       0.85799
756           116       0.87752
757           116       0.89679
758           116       0.91768
759           116       0.93868
760           116       0.95913
761           116       0.97919
762  116    1
713  117    0
763           117       0.12273
764           117        0.2229
765           117       0.32295
766           117       0.42083
767           117       0.51902
768           117        0.6195
769           117       0.71918
770           117       0.81312
771           117        0.9024
772  117    1
543   31    0
773            31       0.04042
774            31       0.08345
775            31       0.12653
776            31       0.16674
777            31       0.20946
778            31       0.25224
779            31       0.29293
780            31       0.33327
781            31       0.37477
782            31       0.41632
783            31       0.45875
784            31       0.50189
785            31       0.54492
786            31       0.58707
787            31       0.62909
788            31       0.67142
789            31       0.71235
790            31       0.75458
791            31       0.79624
792            31       0.83765
793            31       0.87533
794            31       0.91559
795            31       0.95766
796   31    1
540   32    0
797            32       0.05423
798            32       0.10426
799            32       0.15534
800            32       0.20389
801            32       0.25417
802            32       0.30428
803            32       0.35578
804            32         0.407
805            32       0.45372
806            32       0.50408
807            32       0.55176
808            32       0.60135
809            32        0.6514
810            32       0.70365
811            32       0.75504
812            32       0.80466
813            32       0.85337
814            32       0.90264
815            32       0.95328
816   32    1
539   33    0
817            33       0.03376
818            33       0.06743
819            33       0.09978
820            33       0.12982
821            33       0.16276
822            33       0.19513
823            33       0.22755
824            33        0.2598
825            33        0.2914
826            33        0.3204
827            33       0.35392
828            33       0.38725
829            33       0.41444
830            33       0.44725
831            33        0.4804
832            33       0.51319
833            33       0.54601
834            33       0.57937
835            33       0.61269
836            33       0.64431
837            33       0.67667
838            33       0.70752
839            33       0.73997
840            33       0.77212
841            33       0.80385
842            33       0.83597
843            33       0.86768
844            33       0.90118
845            33       0.93437
846            33       0.96696
847   33    1
847  118    0
848           118       0.47962
849  118    1
530   34    0
850            34       0.04184
851            34       0.08144
852            34       0.12212
853            34       0.16326
854            34       0.20289
855            34        0.2432
856            34       0.28147
857            34       0.32054
858            34       0.35949
859            34       0.40022
860            34        0.4389
861            34       0.47491
862            34       0.51336
863            34       0.55492
864            34       0.59652
865            34       0.63504
866            34        0.6752
867            34       0.71581
868            34       0.75616
869            34       0.79777
870            34       0.83655
871            34        0.8769
872            34       0.91723
873            34       0.95868
874   34    1
92  35   0
875            35       0.03033
876            35       0.06033
877            35        0.0891
878            35        0.1191
879            35       0.14916
880            35       0.17858
881            35       0.20816
882            35        0.2378
883            35       0.26795
884            35       0.29758
885            35       0.32732
886            35       0.35726
887            35         0.387
888            35        0.4151
889            35       0.44374
890            35       0.47172
891            35       0.50122
892            35       0.53049
893            35       0.56041
894            35       0.58966
895            35       0.61956
896            35       0.64897
897            35       0.67792
898            35       0.70759
899            35       0.73748
900            35       0.76629
901            35       0.79617
902            35       0.82517
903            35       0.85285
904            35       0.88295
905            35       0.91122
906            35       0.94041
907            35       0.97041
908   35    1
81  36   0
909            36       0.02416
910            36       0.04982
911            36       0.07454
912            36       0.10038
913            36       0.12531
914            36        0.1514
915            36        0.1768
916            36       0.19951
917            36       0.22448
918            36       0.24836
919            36       0.27259
920            36       0.29617
921            36       0.32027
922            36       0.34544
923            36       0.37049
924            36       0.39516
925            36       0.42087
926            36       0.44425
927            36       0.47008
928            36       0.49563
929            36       0.52172
930            36       0.54781
931            36       0.57291
932            36       0.59789
933            36       0.62242
934            36       0.64835
935            36       0.67378
936            36       0.69937
937            36       0.72418
938            36       0.75024
939            36       0.77628
940            36       0.80212
941            36       0.82806
942            36       0.85371
943            36       0.87942
944            36       0.90464
945            36        0.9305
946            36       0.95587
947            36       0.98184
948   36    1
80  37   0
949            37       0.02664
950            37       0.05196
951            37       0.07554
952            37       0.10191
953            37       0.12853
954            37        0.1549
955            37        0.1776
956            37       0.20318
957            37       0.22964
958            37       0.25574
959            37       0.28205
960            37       0.30741
961            37       0.33161
962            37        0.3581
963            37       0.38303
964            37       0.40857
965            37        0.4326
966            37       0.45917
967            37       0.48559
968            37       0.51048
969            37       0.53601
970            37        0.5616
971            37       0.58799
972            37       0.61268
973            37       0.63839
974            37       0.66384
975            37        0.6898
976            37       0.71362
977            37       0.73954
978            37       0.76576
979            37        0.7919
980            37        0.8183
981            37       0.84426
982            37       0.87045
983            37       0.89601
984            37       0.92268
985            37       0.94838
986            37       0.97476
987   37    1
76  38   0
988            38       0.02421
989            38       0.04688
990            38       0.06848
991            38       0.09076
992            38       0.11335
993            38       0.13506
994            38       0.15747
995            38       0.17973
996            38       0.20243
997            38         0.222
998            38       0.24496
999            38       0.26651
1000             38         0.2885
1001             38        0.31102
1002             38        0.33318
1003             38         0.3547
1004             38        0.37637
1005             38        0.39885
1006             38        0.42178
1007             38        0.44435
1008             38        0.46647
1009             38        0.48862
1010             38        0.51024
1011             38        0.53253
1012             38        0.55494
1013             38        0.57756
1014             38        0.59954
1015             38        0.62166
1016             38        0.64382
1017             38        0.66662
1018             38        0.68881
1019             38        0.71086
1020             38        0.73329
1021             38        0.75611
1022             38        0.77753
1023             38        0.80049
1024             38        0.82201
1025             38        0.84407
1026             38        0.86661
1027             38        0.88727
1028             38         0.9102
1029             38        0.93255
1030             38        0.95542
1031             38        0.97728
1032    38     1
69  39   0
1033             39        0.01946
1034             39        0.03942
1035             39        0.05906
1036             39        0.07886
1037             39         0.0981
1038             39        0.11786
1039             39        0.13804
1040             39        0.15671
1041             39         0.1758
1042             39        0.19587
1043             39        0.21496
1044             39        0.23435
1045             39        0.25454
1046             39        0.27458
1047             39        0.29326
1048             39        0.31321
1049             39        0.33276
1050             39        0.35251
1051             39        0.37253
1052             39        0.39196
1053             39        0.41126
1054             39         0.4312
1055             39        0.45075
1056             39        0.47005
1057             39        0.48888
1058             39        0.50837
1059             39        0.52815
1060             39        0.54786
1061             39        0.56717
1062             39        0.58563
1063             39        0.60575
1064             39        0.62574
1065             39        0.64572
1066             39        0.66546
1067             39        0.68542
1068             39        0.70551
1069             39        0.72535
1070             39        0.74474
1071             39        0.76451
1072             39        0.78326
1073             39        0.80321
1074             39        0.82329
1075             39        0.84133
1076             39        0.86083
1077             39        0.88074
1078             39        0.90094
1079             39        0.92074
1080             39        0.94008
1081             39        0.96022
1082             39        0.98046
1083    39     1
64  40   0
1084             40        0.01754
1085             40        0.03995
1086             40        0.06294
1087             40        0.08576
1088             40        0.10863
1089             40        0.13197
1090             40        0.15457
1091             40        0.17775
1092             40         0.1996
1093             40        0.22113
1094             40        0.24335
1095             40        0.26537
1096             40         0.2882
1097             40        0.31112
1098             40        0.33426
1099             40        0.35652
1100             40        0.37811
1101             40        0.40077
1102             40        0.42363
1103             40        0.44624
1104             40        0.46919
1105             40        0.49242
1106             40        0.51557
1107             40        0.53909
1108             40        0.56194
1109             40        0.57593
1110             40        0.59876
1111             40        0.62155
1112             40        0.64472
1113             40        0.66684
1114             40        0.68826
1115             40        0.70952
1116             40         0.7326
1117             40        0.75514
1118             40        0.77827
1119             40        0.80151
1120             40        0.82399
1121             40         0.8462
1122             40        0.86656
1123             40        0.88823
1124             40        0.90993
1125             40        0.93147
1126             40        0.95429
1127             40        0.97713
1128    40     1
59  41   0
1129             41        0.02874
1130             41        0.05219
1131             41        0.07477
1132             41        0.09806
1133             41        0.12178
1134             41        0.14432
1135             41        0.16785
1136             41        0.19163
1137             41        0.21412
1138             41        0.23776
1139             41        0.26121
1140             41        0.28443
1141             41        0.30712
1142             41        0.33056
1143             41         0.3539
1144             41        0.37749
1145             41        0.40115
1146             41        0.42491
1147             41        0.44806
1148             41        0.47164
1149             41        0.49387
1150             41        0.51642
1151             41        0.53898
1152             41        0.56164
1153             41        0.58522
1154             41        0.60795
1155             41        0.63104
1156             41         0.6538
1157             41        0.67715
1158             41        0.70026
1159             41        0.72362
1160             41        0.74594
1161             41        0.76926
1162             41        0.79207
1163             41        0.81492
1164             41         0.8385
1165             41        0.86156
1166             41        0.88442
1167             41        0.90745
1168             41        0.93051
1169             41        0.95353
1170             41        0.97714
1171    41     1
55  42   0
1172             42        0.03906
1173             42        0.06687
1174             42        0.09724
1175             42        0.12688
1176             42        0.15734
1177             42        0.18763
1178             42        0.21695
1179             42        0.24647
1180             42        0.27744
1181             42        0.30801
1182             42        0.33892
1183             42        0.36958
1184             42        0.40062
1185             42        0.43172
1186             42        0.46159
1187             42        0.48971
1188             42        0.51803
1189             42        0.54905
1190             42         0.5799
1191             42        0.60993
1192             42        0.64005
1193             42        0.67106
1194             42        0.70158
1195             42         0.7326
1196             42        0.75659
1197             42        0.78735
1198             42        0.81827
1199             42        0.84908
1200             42        0.87926
1201             42           0.91
1202             42        0.93828
1203             42         0.9694
1204    42     1
54  43   0
1205             43        0.02044
1206             43        0.03572
1207             43        0.05396
1208             43        0.07189
1209             43        0.09047
1210             43        0.10845
1211             43        0.12671
1212             43        0.14487
1213             43        0.16304
1214             43         0.1816
1215             43        0.20013
1216             43        0.21783
1217             43         0.2359
1218             43        0.25277
1219             43        0.27111
1220             43        0.28934
1221             43        0.30779
1222             43        0.32559
1223             43        0.34356
1224             43        0.36144
1225             43        0.37871
1226             43        0.39668
1227             43        0.41503
1228             43        0.43299
1229             43         0.4507
1230             43        0.46918
1231             43        0.48649
1232             43        0.50394
1233             43        0.52181
1234             43        0.53965
1235             43        0.55463
1236             43        0.57271
1237             43        0.59091
1238             43        0.60723
1239             43        0.62462
1240             43         0.6412
1241             43        0.65904
1242             43        0.67711
1243             43         0.6956
1244             43        0.71354
1245             43        0.73226
1246             43        0.75044
1247             43        0.76835
1248             43        0.78662
1249             43        0.80472
1250             43        0.82217
1251             43        0.83976
1252             43        0.85778
1253             43        0.87581
1254             43        0.89363
1255             43        0.91212
1256             43        0.92978
1257             43        0.94698
1258             43         0.9645
1259             43        0.98267
1260    43     1
49  44   0
1261             44        0.01331
1262             44        0.02746
1263             44        0.04223
1264             44        0.05828
1265             44        0.07448
1266             44        0.08988
1267             44        0.10502
1268             44        0.12044
1269             44        0.13578
1270             44        0.15151
1271             44        0.16756
1272             44        0.18372
1273             44        0.19937
1274             44        0.21525
1275             44        0.23136
1276             44         0.2473
1277             44        0.26332
1278             44        0.27906
1279             44        0.29462
1280             44        0.31058
1281             44        0.32625
1282             44        0.34137
1283             44        0.35579
1284             44         0.3716
1285             44        0.38682
1286             44         0.4028
1287             44        0.41898
1288             44        0.43459
1289             44         0.4508
1290             44        0.46571
1291             44        0.48171
1292             44        0.49708
1293             44        0.51314
1294             44        0.52925
1295             44        0.54521
1296             44        0.56047
1297             44        0.57669
1298             44        0.59255
1299             44        0.60818
1300             44         0.6243
1301             44        0.64031
1302             44        0.65544
1303             44        0.67107
1304             44        0.68668
1305             44        0.70271
1306             44         0.7186
1307             44        0.73429
1308             44         0.7501
1309             44        0.76621
1310             44         0.7813
1311             44        0.79638
1312             44        0.81167
1313             44        0.82726
1314             44        0.84277
1315             44        0.85798
1316             44        0.87363
1317             44        0.88931
1318             44        0.90521
1319             44        0.92104
1320             44        0.93652
1321             44        0.95208
1322             44        0.96795
1323             44         0.9837
1324    44     1
47  45   0
1325             45        0.01425
1326             45        0.03046
1327             45        0.04683
1328             45        0.06291
1329             45        0.07791
1330             45        0.09387
1331             45        0.11022
1332             45        0.12621
1333             45        0.14213
1334             45        0.15711
1335             45        0.17298
1336             45          0.189
1337             45        0.20519
1338             45        0.22123
1339             45        0.23706
1340             45         0.2533
1341             45        0.26871
1342             45        0.28353
1343             45        0.29977
1344             45        0.31492
1345             45         0.3308
1346             45         0.3467
1347             45        0.36271
1348             45        0.37895
1349             45        0.39509
1350             45        0.41113
1351             45        0.42658
1352             45        0.44251
1353             45        0.45851
1354             45        0.47473
1355             45        0.49091
1356             45         0.5065
1357             45        0.52239
1358             45        0.53835
1359             45        0.55454
1360             45        0.57044
1361             45        0.58625
1362             45        0.60208
1363             45        0.61738
1364             45        0.63151
1365             45        0.64731
1366             45        0.66349
1367             45         0.6775
1368             45        0.69256
1369             45        0.70661
1370             45         0.7222
1371             45        0.73564
1372             45        0.75124
1373             45        0.76729
1374             45        0.78235
1375             45        0.79644
1376             45        0.81267
1377             45        0.82866
1378             45        0.84397
1379             45        0.85975
1380             45        0.87554
1381             45        0.89136
1382             45        0.90576
1383             45         0.9203
1384             45        0.93609
1385             45        0.95241
1386             45        0.96847
1387             45        0.98459
1388    45     1
45  46   0
1389             46        0.03164
1390             46         0.0611
1391             46        0.09366
1392             46        0.12556
1393             46        0.15745
1394             46        0.18874
1395             46        0.22124
1396             46        0.25362
1397             46        0.28603
1398             46        0.31791
1399             46        0.34991
1400             46        0.38082
1401             46        0.41106
1402             46        0.44086
1403             46        0.47252
1404             46        0.50299
1405             46         0.5322
1406             46        0.56347
1407             46        0.59488
1408             46        0.62369
1409             46        0.65464
1410             46        0.68665
1411             46        0.71892
1412             46        0.74889
1413             46        0.78035
1414             46        0.81189
1415             46        0.84411
1416             46        0.87597
1417             46        0.90752
1418             46        0.93782
1419             46        0.96861
1420    46     1
43  47   0
1421             47        0.01223
1422             47        0.02703
1423             47        0.04182
1424             47        0.05486
1425             47        0.06924
1426             47        0.08245
1427             47        0.09703
1428             47        0.11083
1429             47         0.1249
1430             47        0.13948
1431             47        0.15411
1432             47        0.16851
1433             47        0.18259
1434             47        0.19731
1435             47        0.21107
1436             47        0.22563
1437             47        0.24028
1438             47        0.25491
1439             47        0.26954
1440             47        0.28333
1441             47         0.2978
1442             47        0.31189
1443             47        0.32639
1444             47        0.34015
1445             47        0.35425
1446             47        0.36859
1447             47        0.38313
1448             47        0.39768
1449             47         0.4124
1450             47        0.42711
1451             47        0.44187
1452             47        0.45623
1453             47        0.47061
1454             47        0.48528
1455             47        0.49966
1456             47        0.51436
1457             47        0.52901
1458             47        0.54356
1459             47        0.55754
1460             47        0.57211
1461             47        0.58662
1462             47        0.60123
1463             47         0.6157
1464             47        0.62911
1465             47        0.64319
1466             47        0.65731
1467             47        0.67204
1468             47        0.68675
1469             47        0.70076
1470             47         0.7154
1471             47        0.72924
1472             47        0.74324
1473             47          0.758
1474             47        0.77239
1475             47        0.78712
1476             47        0.80184
1477             47        0.81598
1478             47        0.83027
1479             47        0.84442
1480             47        0.85874
1481             47        0.87297
1482             47        0.88693
1483             47        0.90158
1484             47        0.91482
1485             47        0.92913
1486             47        0.94336
1487             47        0.95808
1488             47        0.97231
1489             47        0.98664
1490    47     1
40  48   0
1491             48        0.21262
1492             48        0.41102
1493             48        0.60678
1494             48        0.79374
1495    48     1
1495    49     0
1496             49        0.02122
1497             49         0.0423
1498             49        0.06292
1499             49        0.08382
1500             49        0.10517
1501             49        0.12534
1502             49        0.14634
1503             49        0.16758
1504             49        0.18793
1505             49        0.20783
1506             49        0.22883
1507             49        0.25011
1508             49        0.26976
1509             49        0.29056
1510             49        0.31125
1511             49         0.3323
1512             49        0.35395
1513             49        0.37396
1514             49        0.39523
1515             49        0.41655
1516             49        0.43765
1517             49        0.45838
1518             49         0.4792
1519             49        0.49982
1520             49        0.52079
1521             49        0.54161
1522             49        0.56242
1523             49        0.58316
1524             49        0.60371
1525             49        0.62523
1526             49        0.64488
1527             49        0.66579
1528             49        0.68632
1529             49         0.7067
1530             49         0.7264
1531             49        0.74783
1532             49        0.76871
1533             49        0.78945
1534             49        0.81067
1535             49        0.83176
1536             49        0.85265
1537             49        0.87394
1538             49        0.89545
1539             49        0.91547
1540             49        0.93701
1541             49         0.9582
1542             49         0.9789
1543    49     1
1495    50     0
1544             50        0.04058
1545             50        0.07747
1546             50        0.11814
1547             50        0.15668
1548             50        0.19531
1549             50        0.23596
1550             50        0.27547
1551             50        0.31672
1552             50        0.35699
1553             50        0.39732
1554             50        0.43718
1555             50        0.47716
1556             50        0.51738
1557             50        0.55751
1558             50        0.59747
1559             50        0.63782
1560             50        0.67832
1561             50        0.71682
1562             50        0.75738
1563             50        0.79696
1564             50        0.83809
1565             50        0.87735
1566             50        0.91772
1567             50        0.95884
1568    50     1
35  51   0
1569             51        0.16092
1570             51        0.39348
1571             51        0.58085
1572             51        0.78481
1573    51     1
1573    52     0
1574             52        0.06888
1575             52        0.15366
1576             52        0.23721
1577             52         0.3236
1578             52        0.40977
1579             52        0.49497
1580             52        0.58004
1581             52         0.6665
1582             52         0.7513
1583             52        0.83178
1584             52         0.9162
1585    52     1
1585    53     0
1586             53        0.03317
1587             53        0.06964
1588             53        0.10552
1589             53        0.14164
1590             53        0.17685
1591             53        0.21335
1592             53         0.2498
1593             53        0.28615
1594             53        0.32273
1595             53        0.35922
1596             53        0.39524
1597             53        0.42987
1598             53        0.46589
1599             53        0.50147
1600             53        0.53775
1601             53        0.57418
1602             53        0.60982
1603             53        0.64469
1604             53         0.6811
1605             53        0.71626
1606             53        0.75259
1607             53        0.78666
1608             53         0.8219
1609             53        0.85593
1610             53        0.89065
1611             53        0.92713
1612             53        0.96361
1613    53     1
1585    54     0
1614             54        0.05044
1615             54        0.10735
1616             54        0.16485
1617             54        0.22245
1618             54        0.27997
1619             54        0.33731
1620             54        0.39502
1621             54        0.45064
1622             54        0.50815
1623             54        0.55682
1624             54        0.61283
1625             54        0.66921
1626             54        0.72415
1627             54        0.77147
1628             54        0.82884
1629             54        0.88397
1630             54        0.94192
1631    54     1
1573    55     0
1632             55        0.02792
1633             55        0.05455
1634             55        0.08124
1635             55        0.10784
1636             55        0.13525
1637             55        0.16293
1638             55        0.18905
1639             55        0.21695
1640             55        0.24375
1641             55        0.27087
1642             55        0.29887
1643             55        0.32649
1644             55        0.35447
1645             55        0.38083
1646             55        0.40843
1647             55        0.43335
1648             55        0.45975
1649             55        0.48741
1650             55        0.51549
1651             55        0.54272
1652             55        0.56984
1653             55        0.59627
1654             55        0.62401
1655             55        0.65197
1656             55        0.67926
1657             55        0.70691
1658             55        0.73293
1659             55        0.75926
1660             55        0.78654
1661             55        0.81358
1662             55        0.84162
1663             55        0.86689
1664             55        0.89301
1665             55        0.92055
1666             55        0.94873
1667             55        0.97632
1668    55     1
34  56   0
1669             56        0.04166
1670             56          0.074
1671             56        0.10166
1672             56        0.13411
1673             56        0.16657
1674             56        0.19849
1675             56           0.23
1676             56        0.26194
1677             56        0.29446
1678             56        0.32728
1679             56        0.35699
1680             56        0.38888
1681             56        0.42132
1682             56        0.45428
1683             56        0.48504
1684             56        0.51787
1685             56        0.55075
1686             56        0.58035
1687             56        0.61281
1688             56        0.64549
1689             56        0.67841
1690             56        0.71116
1691             56        0.74262
1692             56         0.7743
1693             56        0.80676
1694             56        0.83912
1695             56        0.87137
1696             56        0.90346
1697             56        0.93526
1698             56        0.96741
1699    56     1
25  57   0
1700             57        0.01564
1701             57        0.03224
1702             57        0.04639
1703             57        0.06298
1704             57        0.07934
1705             57        0.09581
1706             57        0.11221
1707             57        0.12853
1708             57        0.14461
1709             57        0.15962
1710             57        0.17565
1711             57        0.19222
1712             57        0.20868
1713             57        0.22459
1714             57        0.24112
1715             57        0.25739
1716             57        0.27361
1717             57        0.28994
1718             57        0.30632
1719             57         0.3227
1720             57        0.33911
1721             57        0.35557
1722             57        0.37189
1723             57        0.38788
1724             57        0.40413
1725             57        0.42035
1726             57         0.4367
1727             57        0.45296
1728             57        0.46818
1729             57        0.48432
1730             57        0.50071
1731             57        0.51613
1732             57         0.5318
1733             57        0.54804
1734             57        0.56424
1735             57        0.57957
1736             57        0.59609
1737             57        0.61243
1738             57        0.62769
1739             57        0.64325
1740             57        0.65835
1741             57        0.67417
1742             57        0.68993
1743             57        0.70546
1744             57        0.72159
1745             57        0.73756
1746             57        0.75378
1747             57        0.76995
1748             57        0.78644
1749             57        0.80287
1750             57        0.81911
1751             57        0.83449
1752             57        0.85062
1753             57        0.86684
1754             57        0.88298
1755             57        0.89866
1756             57        0.91428
1757             57        0.92984
1758             57         0.9463
1759             57        0.96208
1760             57        0.97758
1761             57        0.99084
1762    57     1
22  58   0
1763             58        0.07966
1764             58        0.16761
1765             58        0.23893
1766             58        0.32636
1767             58         0.4128
1768             58        0.50054
1769             58        0.58723
1770             58        0.67009
1771             58        0.75684
1772             58        0.84443
1773             58        0.93178
1774    58     1
1774    59     0
1775             59        0.02371
1776             59        0.04681
1777             59        0.06995
1778             59        0.09319
1779             59        0.11692
1780             59        0.14055
1781             59        0.16348
1782             59        0.18703
1783             59        0.21102
1784             59        0.23397
1785             59        0.25722
1786             59        0.28071
1787             59        0.30462
1788             59        0.32866
1789             59        0.35213
1790             59        0.37477
1791             59        0.39813
1792             59        0.42174
1793             59         0.4453
1794             59        0.46864
1795             59         0.4925
1796             59        0.51637
1797             59        0.54002
1798             59        0.56236
1799             59        0.58537
1800             59        0.60837
1801             59         0.6307
1802             59        0.65424
1803             59        0.67648
1804             59        0.69976
1805             59        0.72285
1806             59         0.7463
1807             59        0.77024
1808             59        0.79303
1809             59        0.81484
1810             59         0.8377
1811             59        0.86022
1812             59        0.88382
1813             59        0.90712
1814             59        0.93042
1815             59        0.95361
1816             59        0.97687
1817    59     1
1774    60     0
1818             60        0.03311
1819             60        0.06478
1820             60        0.09568
1821             60        0.12747
1822             60        0.15769
1823             60        0.18907
1824             60        0.21984
1825             60        0.25119
1826             60        0.28228
1827             60        0.31351
1828             60        0.34609
1829             60        0.37569
1830             60        0.40678
1831             60        0.43856
1832             60        0.46839
1833             60        0.49974
1834             60          0.532
1835             60         0.5628
1836             60        0.59189
1837             60        0.62367
1838             60        0.65592
1839             60        0.68832
1840             60        0.71987
1841             60         0.7501
1842             60        0.78192
1843             60        0.81412
1844             60        0.84382
1845             60        0.87495
1846             60        0.90623
1847             60        0.93815
1848             60        0.96933
1849    60     1
19  61   0
1850             61        0.07637
1851             61        0.17214
1852             61        0.29222
1853             61        0.41163
1854             61        0.52862
1855             61        0.64554
1856             61        0.76526
1857             61        0.88051
1858    61     1
1858    62     0
1859             62         0.1882
1860             62         0.3989
1861             62        0.59718
1862             62        0.80379
1863    62     1
1863    63     0
1864             63        0.02786
1865             63        0.05541
1866             63        0.08342
1867             63        0.11191
1868             63        0.13925
1869             63        0.16578
1870             63        0.19369
1871             63        0.22191
1872             63        0.24934
1873             63        0.27701
1874             63        0.30512
1875             63        0.32917
1876             63        0.35287
1877             63         0.3792
1878             63        0.40705
1879             63        0.43453
1880             63        0.45627
1881             63        0.48369
1882             63         0.5121
1883             63        0.54051
1884             63        0.56879
1885             63        0.59707
1886             63        0.62444
1887             63         0.6526
1888             63        0.67958
1889             63        0.70392
1890             63        0.72824
1891             63          0.756
1892             63        0.78332
1893             63        0.80957
1894             63        0.83755
1895             63        0.86412
1896             63        0.88992
1897             63         0.9177
1898             63        0.94549
1899             63         0.9731
1900    63     1
1863    64     0
1901             64        0.03103
1902             64        0.05896
1903             64        0.08787
1904             64        0.11741
1905             64        0.14682
1906             64        0.17564
1907             64        0.20473
1908             64        0.23263
1909             64        0.26158
1910             64         0.2903
1911             64        0.31825
1912             64        0.34577
1913             64        0.37371
1914             64        0.40125
1915             64        0.43008
1916             64        0.45845
1917             64        0.48741
1918             64          0.514
1919             64         0.5411
1920             64        0.57045
1921             64        0.59985
1922             64        0.62863
1923             64        0.65622
1924             64         0.6852
1925             64        0.71342
1926             64        0.74218
1927             64         0.7714
1928             64        0.79968
1929             64        0.82712
1930             64        0.85647
1931             64        0.88592
1932             64        0.91546
1933             64        0.94441
1934             64        0.97344
1935    64     1
1858    65     0
1936             65        0.08749
1937             65        0.17835
1938             65        0.27192
1939             65        0.36525
1940             65        0.45585
1941             65        0.54475
1942             65        0.63507
1943             65        0.72663
1944             65        0.81755
1945             65        0.90815
1946    65     1
17  66   0
1947             66        0.16871
1948             66        0.33585
1949             66        0.50512
1950             66        0.67161
1951             66         0.8362
1952    66     1
1952    67     0
1953    67     1
1953    68     0
1954             68        0.02024
1955             68        0.03877
1956             68        0.05505
1957             68        0.07457
1958             68        0.09505
1959             68        0.11579
1960             68        0.13513
1961             68        0.15521
1962             68        0.17573
1963             68        0.19572
1964             68        0.21562
1965             68         0.2354
1966             68         0.2554
1967             68        0.27503
1968             68        0.29568
1969             68        0.31641
1970             68         0.3371
1971             68        0.35776
1972             68        0.37836
1973             68        0.39824
1974             68        0.41825
1975             68        0.43859
1976             68        0.45834
1977             68        0.47898
1978             68        0.49956
1979             68        0.51985
1980             68        0.53982
1981             68        0.56071
1982             68        0.58159
1983             68        0.60149
1984             68        0.62147
1985             68        0.64188
1986             68        0.66257
1987             68        0.68059
1988             68          0.701
1989             68        0.72051
1990             68        0.74099
1991             68         0.7614
1992             68        0.78153
1993             68        0.80167
1994             68        0.82129
1995             68         0.8414
1996             68        0.86216
1997             68        0.88289
1998             68        0.90317
1999             68         0.9238
2000             68        0.94434
2001             68        0.96094
2002             68        0.97913
2003    68     1
1953    69     0
2004             69        0.01982
2005             69        0.03926
2006             69        0.05998
2007             69        0.08114
2008             69        0.10178
2009             69        0.12238
2010             69        0.14278
2011             69        0.16359
2012             69        0.18102
2013             69        0.20062
2014             69          0.221
2015             69        0.24164
2016             69        0.26141
2017             69        0.28143
2018             69        0.30222
2019             69        0.32316
2020             69        0.34423
2021             69        0.36469
2022             69        0.38516
2023             69        0.40613
2024             69        0.42628
2025             69        0.44669
2026             69        0.46737
2027             69        0.48853
2028             69        0.50925
2029             69        0.52935
2030             69         0.5504
2031             69        0.57144
2032             69        0.59217
2033             69        0.61299
2034             69        0.63406
2035             69        0.65459
2036             69        0.67466
2037             69        0.69556
2038             69        0.71583
2039             69        0.73639
2040             69        0.75708
2041             69        0.77721
2042             69        0.79764
2043             69         0.8183
2044             69        0.83924
2045             69        0.85845
2046             69         0.8794
2047             69        0.89931
2048             69         0.9193
2049             69        0.93926
2050             69        0.95901
2051             69        0.97962
2052    69     1
1952    70     0
2053             70         0.0184
2054             70        0.03676
2055             70        0.05488
2056             70        0.07308
2057             70        0.09101
2058             70        0.10832
2059             70        0.12652
2060             70        0.14404
2061             70        0.16233
2062             70        0.17996
2063             70        0.19806
2064             70        0.21605
2065             70         0.2328
2066             70        0.25017
2067             70        0.26757
2068             70        0.28527
2069             70        0.30328
2070             70        0.32121
2071             70        0.33951
2072             70        0.35725
2073             70        0.37493
2074             70        0.39246
2075             70        0.41042
2076             70        0.42854
2077             70        0.44562
2078             70          0.463
2079             70        0.48128
2080             70        0.49915
2081             70        0.51673
2082             70         0.5343
2083             70        0.55186
2084             70        0.57025
2085             70        0.58805
2086             70        0.60619
2087             70         0.6244
2088             70        0.64194
2089             70        0.66014
2090             70        0.67819
2091             70        0.69596
2092             70        0.71369
2093             70        0.73111
2094             70        0.74887
2095             70        0.76685
2096             70        0.78457
2097             70        0.80282
2098             70        0.82105
2099             70        0.83933
2100             70        0.85712
2101             70          0.875
2102             70        0.89299
2103             70        0.91113
2104             70        0.92858
2105             70        0.94554
2106             70        0.96372
2107             70        0.98161
2108    70     1
2  1  0
2109     1     1
2109     2     0
2110     2     1
2110     4     0
2111     4     1
2111     5     0
2112              5        0.10924
2113              5        0.19417
2114              5        0.28735
2115              5        0.37658
2116              5        0.47124
2117              5        0.56393
2118              5        0.65606
2119              5        0.74677
2120              5        0.84059
2121              5        0.92397
2122     5     1
2122   119     0
2123            119         0.0252
2124            119        0.04967
2125            119        0.07478
2126            119        0.10034
2127            119        0.12549
2128            119         0.1496
2129            119        0.17482
2130            119         0.1998
2131            119        0.22433
2132            119        0.24851
2133            119        0.27399
2134            119        0.29937
2135            119        0.32471
2136            119        0.34986
2137            119        0.37527
2138            119         0.4008
2139            119        0.42639
2140            119        0.45135
2141            119        0.47572
2142            119        0.50117
2143            119        0.52554
2144            119        0.55059
2145            119        0.57553
2146            119        0.60047
2147            119        0.62478
2148            119        0.65032
2149            119        0.67533
2150            119        0.70036
2151            119        0.72541
2152            119        0.75069
2153            119        0.77406
2154            119        0.79939
2155            119        0.82391
2156            119        0.84892
2157            119        0.87304
2158            119        0.89866
2159            119        0.92397
2160            119        0.94962
2161            119        0.97525
2162   119     1
2162   120     0
2163            120        0.18816
2164            120        0.39044
2165            120        0.59224
2166            120        0.79477
2167   120     1
2167   121     0
2168            121        0.07626
2169            121        0.15553
2170            121        0.23466
2171            121        0.31376
2172            121        0.39355
2173            121        0.47271
2174            121        0.55121
2175            121        0.62758
2176            121        0.70655
2177            121        0.78635
2178            121        0.86209
2179            121        0.93762
2180   121     1
2180   122     0
2181            122        0.02151
2182            122        0.04079
2183            122        0.06002
2184            122        0.07926
2185            122        0.09717
2186            122        0.11625
2187            122        0.13539
2188            122        0.15462
2189            122        0.17387
2190            122        0.19306
2191            122        0.21228
2192            122        0.23156
2193            122        0.25063
2194            122        0.26976
2195            122        0.28758
2196            122        0.30563
2197            122        0.32482
2198            122        0.34409
2199            122        0.36324
2200            122        0.38212
2201            122        0.40103
2202            122        0.41893
2203            122        0.43609
2204            122        0.45493
2205            122        0.47414
2206            122         0.4925
2207            122        0.51163
2208            122        0.53066
2209            122        0.54959
2210            122        0.56832
2211            122        0.58719
2212            122        0.60645
2213            122        0.62568
2214            122         0.6449
2215            122        0.66412
2216            122        0.68316
2217            122        0.70241
2218            122        0.72165
2219            122         0.7409
2220            122        0.76004
2221            122        0.77928
2222            122        0.79851
2223            122        0.81733
2224            122        0.83554
2225            122        0.85468
2226            122        0.87392
2227            122        0.89315
2228            122        0.91203
2229            122         0.9304
2230            122        0.94848
2231            122        0.96751
2232            122        0.98502
2233   122     1
2180   123     0
2234            123        0.55036
2235   123     1
2235   124     0
2236            124        0.02674
2237            124        0.05167
2238            124        0.07838
2239            124        0.10518
2240            124        0.13209
2241            124        0.15899
2242            124        0.18595
2243            124        0.21282
2244            124        0.23924
2245            124        0.26605
2246            124        0.29269
2247            124        0.31952
2248            124        0.34615
2249            124        0.37282
2250            124        0.39979
2251            124        0.42669
2252            124        0.45342
2253            124        0.48022
2254            124        0.50705
2255            124        0.53355
2256            124        0.56002
2257            124        0.58671
2258            124        0.61331
2259            124        0.64001
2260            124        0.66643
2261            124        0.69214
2262            124        0.71861
2263            124        0.74558
2264            124        0.77053
2265            124        0.79631
2266            124        0.82316
2267            124        0.84972
2268            124         0.8764
2269            124        0.90334
2270            124        0.93033
2271            124        0.95684
2272            124        0.98365
2273   124     1
2235   125     0
2274            125        0.07383
2275            125        0.14967
2276            125        0.22718
2277            125        0.30208
2278            125        0.37824
2279            125        0.45822
2280            125        0.53077
2281            125         0.6079
2282            125        0.68542
2283            125        0.75947
2284            125        0.83947
2285            125        0.91962
2286   125     1
2167   126     0
2287            126        0.02474
2288            126        0.06146
2289            126        0.09849
2290            126        0.13536
2291            126        0.17241
2292            126        0.20905
2293            126         0.2458
2294            126        0.28227
2295            126        0.31914
2296            126        0.35605
2297            126        0.39159
2298            126        0.42488
2299            126        0.46173
2300            126        0.49796
2301            126        0.53474
2302            126        0.57156
2303            126        0.60727
2304            126        0.64274
2305            126        0.67884
2306            126        0.71565
2307            126        0.75223
2308            126        0.78699
2309            126        0.82239
2310            126        0.85837
2311            126        0.89482
2312            126        0.92681
2313            126        0.96384
2314   126     1
2162   127     0
2315            127        0.02328
2316            127        0.05504
2317            127        0.08668
2318            127        0.11843
2319            127        0.15014
2320            127        0.18185
2321            127        0.21361
2322            127        0.24539
2323            127        0.27705
2324            127        0.30871
2325            127        0.34044
2326            127        0.37153
2327            127        0.40197
2328            127        0.43357
2329            127        0.46526
2330            127        0.49692
2331            127        0.52846
2332            127         0.5596
2333            127        0.59116
2334            127        0.62176
2335            127        0.65332
2336            127        0.68445
2337            127        0.71559
2338            127        0.74738
2339            127        0.77916
2340            127        0.81043
2341            127        0.84203
2342            127        0.87371
2343            127        0.90532
2344            127          0.937
2345            127        0.96841
2346   127     1
2111     6     0
2347              6        0.08396
2348              6        0.15338
2349              6        0.20364
2350              6        0.26567
2351              6        0.33159
2352              6        0.39828
2353              6        0.46365
2354              6        0.52995
2355              6        0.59615
2356              6        0.66191
2357              6        0.73078
2358              6        0.79873
2359              6        0.86465
2360              6        0.93263
2361     6     1
2111     3     0
2362     3     1
2110     7     0
2363              7        0.20207
2364              7        0.37143
2365              7         0.5408
2366              7        0.67263
2367              7        0.83878
2368     7     1
2368     8     0
2369              8        0.22392
2370              8          0.488
2371              8        0.73601
2372     8     1
2368     9     0
2373              9        0.33617
2374              9        0.65905
2375     9     1
2109    10     0
2376             10        0.07922
2377             10        0.15845
2378             10        0.23124
2379             10        0.30891
2380             10        0.38532
2381             10         0.4562
2382             10        0.53446
2383             10        0.61157
2384             10        0.68803
2385             10         0.7655
2386             10        0.84395
2387             10        0.92223
2388    10     1
2388    11     0
2389             11        0.25419
2390             11        0.49859
2391             11        0.75504
2392    11     1
2392    12     0
2393             12        0.32965
2394             12        0.68254
2395    12     1
2395    13     0
2396             13        0.09449
2397             13        0.17954
2398             13        0.27239
2399             13        0.36865
2400             13        0.46195
2401             13        0.55624
2402             13         0.6454
2403             13        0.73538
2404             13        0.82504
2405             13        0.91697
2406    13     1
2406    14     0
2407             14        0.02166
2408             14         0.0418
2409             14        0.06196
2410             14        0.08206
2411             14        0.10256
2412             14         0.1222
2413             14        0.14041
2414             14        0.16018
2415             14        0.17983
2416             14        0.20045
2417             14        0.22056
2418             14        0.24052
2419             14        0.26031
2420             14        0.27999
2421             14         0.3002
2422             14        0.32003
2423             14        0.34039
2424             14        0.36091
2425             14        0.37962
2426             14        0.39966
2427             14        0.42041
2428             14         0.4402
2429             14        0.46097
2430             14        0.48094
2431             14        0.50161
2432             14        0.52189
2433             14         0.5425
2434             14        0.56225
2435             14        0.58265
2436             14        0.60274
2437             14        0.62309
2438             14        0.64255
2439             14        0.66239
2440             14        0.68292
2441             14        0.70279
2442             14        0.72269
2443             14        0.74203
2444             14        0.76147
2445             14        0.78082
2446             14         0.7997
2447             14        0.81972
2448             14         0.8397
2449             14        0.86003
2450             14        0.88029
2451             14        0.90058
2452             14        0.92094
2453             14        0.94068
2454             14         0.9611
2455             14        0.97974
2456    14     1
2406    15     0
2457             15        0.01588
2458             15        0.03677
2459             15         0.0567
2460             15         0.0787
2461             15        0.10005
2462             15         0.1216
2463             15        0.14317
2464             15        0.16489
2465             15        0.18587
2466             15        0.20576
2467             15        0.22728
2468             15        0.24861
2469             15        0.27073
2470             15        0.29264
2471             15         0.3138
2472             15        0.33588
2473             15        0.35796
2474             15        0.38006
2475             15        0.40194
2476             15        0.42342
2477             15        0.44521
2478             15        0.46674
2479             15        0.48838
2480             15        0.50944
2481             15        0.52912
2482             15        0.55076
2483             15        0.57266
2484             15        0.59401
2485             15        0.61618
2486             15        0.63624
2487             15         0.6573
2488             15        0.67896
2489             15        0.69893
2490             15        0.72117
2491             15          0.743
2492             15         0.7641
2493             15        0.78562
2494             15        0.80671
2495             15        0.82871
2496             15        0.85048
2497             15        0.87232
2498             15        0.89398
2499             15        0.91455
2500             15        0.93605
2501             15        0.95634
2502             15        0.97805
2503    15     1
2395    16     0
2504             16        0.11878
2505             16        0.20584
2506             16        0.30426
2507             16        0.39959
2508             16         0.5012
2509             16        0.60102
2510             16        0.70359
2511             16        0.80629
2512             16        0.90696
2513    16     1
2513    17     0
2514             17         0.0253
2515             17        0.04801
2516             17        0.07046
2517             17        0.09402
2518             17        0.11727
2519             17        0.13969
2520             17        0.16235
2521             17        0.18545
2522             17        0.20873
2523             17        0.23236
2524             17        0.25599
2525             17        0.27837
2526             17        0.30192
2527             17        0.32306
2528             17        0.34651
2529             17         0.3702
2530             17        0.39227
2531             17        0.41387
2532             17        0.43624
2533             17        0.45916
2534             17        0.48256
2535             17        0.50602
2536             17        0.52851
2537             17        0.55084
2538             17         0.5718
2539             17        0.59502
2540             17        0.61808
2541             17        0.64129
2542             17          0.663
2543             17        0.68624
2544             17        0.70876
2545             17        0.73236
2546             17        0.75437
2547             17        0.77633
2548             17        0.79922
2549             17        0.82175
2550             17        0.84249
2551             17         0.8658
2552             17        0.88837
2553             17        0.90739
2554             17        0.93116
2555             17        0.95316
2556             17         0.9766
2557    17     1
2513    18     0
2558             18        0.03159
2559             18        0.05681
2560             18        0.08501
2561             18        0.11367
2562             18        0.14257
2563             18        0.17116
2564             18        0.19777
2565             18        0.22574
2566             18        0.25391
2567             18        0.28002
2568             18        0.30785
2569             18         0.3344
2570             18        0.36312
2571             18        0.39132
2572             18        0.41936
2573             18        0.44676
2574             18        0.47538
2575             18        0.50328
2576             18        0.53251
2577             18        0.56086
2578             18        0.58771
2579             18        0.61503
2580             18         0.6431
2581             18        0.67136
2582             18        0.69685
2583             18        0.72545
2584             18        0.75253
2585             18        0.78156
2586             18        0.81039
2587             18        0.83886
2588             18        0.86608
2589             18        0.89383
2590             18         0.9219
2591             18        0.94588
2592             18        0.97344
2593    18     1
2392    19     0
2594             19        0.03084
2595             19        0.05931
2596             19        0.08774
2597             19        0.11548
2598             19        0.14371
2599             19        0.17225
2600             19        0.20031
2601             19        0.22869
2602             19        0.25636
2603             19        0.28413
2604             19        0.31179
2605             19        0.33939
2606             19        0.36726
2607             19        0.39542
2608             19        0.42083
2609             19        0.44792
2610             19        0.47514
2611             19        0.50368
2612             19        0.53086
2613             19        0.55925
2614             19        0.58715
2615             19        0.61502
2616             19        0.64326
2617             19        0.67143
2618             19        0.69994
2619             19        0.72505
2620             19        0.75306
2621             19        0.78066
2622             19        0.80838
2623             19        0.83444
2624             19        0.86237
2625             19        0.88813
2626             19        0.91608
2627             19        0.94441
2628             19        0.97237
2629    19     1
2388    20     0
2630             20        0.24366
2631             20        0.49444
2632             20        0.74961
2633    20     1
2633    21     0
2634             21        0.35306
2635             21        0.70465
2636    21     1
2636    22     0
2637             22        0.02251
2638             22         0.0402
2639             22        0.05945
2640             22         0.0783
2641             22        0.09807
2642             22        0.11701
2643             22        0.13403
2644             22        0.15293
2645             22        0.17236
2646             22        0.19065
2647             22         0.2093
2648             22        0.22882
2649             22        0.24775
2650             22        0.26667
2651             22        0.28596
2652             22        0.30517
2653             22        0.32319
2654             22        0.34274
2655             22        0.36157
2656             22         0.3794
2657             22        0.39869
2658             22        0.41825
2659             22        0.43741
2660             22        0.45581
2661             22        0.47445
2662             22        0.49374
2663             22        0.51328
2664             22        0.53246
2665             22        0.55174
2666             22        0.57118
2667             22        0.59082
2668             22        0.60893
2669             22        0.62821
2670             22        0.64742
2671             22        0.66687
2672             22        0.68578
2673             22        0.70417
2674             22         0.7193
2675             22        0.73896
2676             22        0.75838
2677             22        0.77595
2678             22        0.79551
2679             22        0.81505
2680             22        0.83436
2681             22        0.84989
2682             22        0.86877
2683             22        0.88791
2684             22        0.90637
2685             22        0.92601
2686             22        0.94526
2687             22        0.96435
2688             22        0.98345
2689    22     1
2636    23     0
2690             23        0.05723
2691             23        0.10322
2692             23        0.15084
2693             23        0.19626
2694             23        0.24305
2695             23        0.29207
2696             23        0.34003
2697             23        0.38815
2698             23        0.43281
2699             23        0.47895
2700             23        0.52758
2701             23        0.57613
2702             23        0.62363
2703             23        0.66987
2704             23        0.71845
2705             23        0.76706
2706             23        0.81333
2707             23        0.86132
2708             23        0.90924
2709             23        0.95226
2710    23     1
2633    24     0
2711             24        0.04553
2712             24        0.09465
2713             24        0.14399
2714             24        0.19275
2715             24        0.24243
2716             24        0.29041
2717             24        0.33751
2718             24          0.387
2719             24         0.4371
2720             24        0.48479
2721             24        0.53259
2722             24        0.57775
2723             24        0.62182
2724             24         0.6701
2725             24        0.71594
2726             24        0.76553
2727             24        0.81482
2728             24        0.86512
2729             24        0.91481
2730             24        0.96443
2731    24     1
