0  0  0
1           0       2e-05
2           0     0.50001
3  0  1
3  35   0
4           35      0.04857
5           35      0.12273
6           35       0.1969
7           35      0.26978
8           35      0.33884
9           35      0.41255
10           35      0.48659
11           35      0.55999
12           35      0.63354
13           35      0.70756
14           35      0.78094
15           35      0.85501
16           35      0.92732
17  35   1
17  36   0
18  36   1
18  95   0
19           95      0.48287
20  95   1
20  96   0
21           96       0.4005
22  96   1
22  97   0
23  97   1
23  98   0
24           98      0.44162
25  98   1
25  99   0
26           99      0.22995
27           99      0.43386
28           99      0.60077
29           99      0.80949
30  99   1
30  100    0
31           100       0.16352
32           100       0.33842
33           100       0.50596
34           100       0.66196
35           100       0.83617
36  100    1
36  101    0
37           101       0.24998
38           101       0.50585
39           101       0.75915
40  101    1
40  102    0
41           102       0.11079
42           102       0.20856
43           102       0.32244
44           102       0.43736
45           102       0.55214
46           102       0.66809
47           102         0.778
48           102       0.89176
49  102    1
49  103    0
50           103       0.17755
51           103       0.38347
52           103       0.59108
53           103       0.79173
54  103    1
54  104    0
55  104    1
55  105    0
56           105       0.18492
57           105       0.34896
58           105       0.51282
59           105       0.67638
60           105       0.83963
61  105    1
61  106    0
62           106       0.30087
63           106       0.64932
64  106    1
64  107    0
65           107        0.5076
66  107    1
66  108    0
67           108       0.20775
68           108       0.41203
69           108       0.61617
70           108       0.81886
71  108    1
71  109    0
72           109       0.23992
73           109       0.49446
74           109       0.74794
75  109    1
75  110    0
76           110       0.15193
77           110        0.3195
78           110       0.49185
79           110       0.65947
80           110       0.82988
81  110    1
81  111    0
82           111       0.18592
83           111       0.35005
84           111       0.52682
85           111       0.69868
86           111         0.848
87  111    1
87  112    0
88           112       0.12482
89           112       0.23555
90           112       0.34698
91           112       0.45873
92           112       0.56338
93           112       0.67436
94           112       0.78559
95           112        0.8907
96  112    1
96  113    0
97           113       0.10189
98           113       0.20079
99           113       0.30315
100           113        0.4066
101           113       0.50112
102           113       0.59932
103           113       0.70398
104           113       0.80466
105           113       0.90557
106  113    1
106  114    0
107           114       0.22555
108           114       0.48634
109           114       0.74698
110  114    1
110  115    0
111  115    1
111  116    0
112           116       0.24443
113           116       0.43561
114           116       0.61182
115           116       0.80533
116  116    1
116  117    0
117           117        0.1648
118           117       0.33465
119           117       0.49423
120           117       0.66373
121           117       0.83007
122  117    1
122   37    0
123            37        0.1339
124            37       0.26664
125            37       0.39823
126            37       0.52931
127            37       0.66194
128            37       0.79136
129            37        0.9217
130   37    1
130   38    0
131            38       0.26521
132            38       0.45871
133            38       0.64598
134            38       0.82781
135   38    1
135   39    0
136            39       0.54085
137   39    1
137  118    0
138           118       0.05366
139           118       0.10458
140           118       0.15661
141           118       0.20939
142           118       0.26157
143           118       0.31549
144           118       0.36898
145           118       0.42032
146           118        0.4718
147           118         0.523
148           118       0.57577
149           118        0.6264
150           118       0.67894
151           118       0.73343
152           118       0.78541
153           118       0.83814
154           118       0.89181
155           118       0.94563
156  118    1
156  119    0
157           119       0.05652
158           119       0.11099
159           119        0.1676
160           119       0.22536
161           119       0.27953
162           119       0.33719
163           119       0.39269
164           119       0.44665
165           119       0.50477
166           119       0.55413
167           119       0.60872
168           119       0.66675
169           119       0.72195
170           119       0.77834
171           119       0.83258
172           119       0.88865
173           119       0.94263
174  119    1
174  120    0
175           120       0.22294
176           120        0.4905
177           120       0.74796
178  120    1
178  121    0
179           121       0.18599
180           121       0.39627
181           121       0.61113
182           121       0.80696
183  121    1
183  122    0
184           122       0.01586
185           122       0.03125
186           122       0.04722
187           122       0.06478
188           122       0.08222
189           122       0.10002
190           122       0.11658
191           122       0.13328
192           122        0.1486
193           122        0.1645
194           122       0.18022
195           122       0.19732
196           122        0.2148
197           122       0.23171
198           122       0.24953
199           122       0.26522
200           122       0.27905
201           122       0.29458
202           122       0.30718
203           122       0.32477
204           122       0.34227
205           122       0.36005
206           122       0.37781
207           122        0.3947
208           122       0.41187
209           122       0.42938
210           122       0.44591
211           122       0.46267
212           122       0.47713
213           122       0.49457
214           122       0.51124
215           122       0.52878
216           122       0.54404
217           122       0.56167
218           122       0.57734
219           122       0.59414
220           122       0.61051
221           122       0.62544
222           122       0.64293
223           122       0.66073
224           122       0.67849
225           122       0.69603
226           122       0.71349
227           122       0.72984
228           122        0.7471
229           122       0.76294
230           122       0.78017
231           122       0.79766
232           122       0.81122
233           122       0.82425
234           122       0.84134
235           122       0.85467
236           122        0.8725
237           122       0.87664
238           122       0.89453
239           122       0.91231
240           122       0.92942
241           122       0.94397
242           122        0.9575
243           122       0.97459
244           122        0.9892
245  122    1
183  123    0
246           123       0.02063
247           123       0.02856
248           123       0.05011
249           123        0.0733
250           123       0.09662
251           123       0.11599
252           123       0.13595
253           123       0.15988
254           123       0.18325
255           123       0.20626
256           123       0.22845
257           123       0.25017
258           123       0.27364
259           123       0.29744
260           123       0.30859
261           123       0.33197
262           123        0.3552
263           123       0.37843
264           123       0.40123
265           123       0.42467
266           123       0.44401
267           123       0.46736
268           123       0.48278
269           123       0.49851
270           123       0.51996
271           123       0.54344
272           123       0.56723
273           123       0.58896
274           123       0.61223
275           123       0.63467
276           123       0.65817
277           123       0.68074
278           123       0.70333
279           123       0.72637
280           123       0.74897
281           123        0.7705
282           123       0.79424
283           123       0.81591
284           123       0.83946
285           123       0.85627
286           123       0.87873
287           123       0.90031
288           123       0.92427
289           123       0.94789
290           123       0.97084
291           123       0.99264
292  123    1
178  124    0
293           124       0.02699
294           124       0.06134
295           124       0.09455
296           124       0.12869
297           124       0.16245
298           124       0.19662
299           124       0.23104
300           124       0.26502
301           124       0.29803
302           124       0.33128
303           124       0.36458
304           124       0.39614
305           124       0.42999
306           124       0.46342
307           124       0.49797
308           124       0.53248
309           124        0.5657
310           124       0.59914
311           124       0.62988
312           124       0.66061
313           124       0.69507
314           124       0.72936
315           124        0.7638
316           124       0.79714
317           124       0.83093
318           124       0.86491
319           124       0.89791
320           124       0.93186
321           124       0.96558
322  124    1
174  125    0
323           125       0.03147
324           125       0.07127
325           125       0.11431
326           125       0.15689
327           125       0.19672
328           125       0.23763
329           125       0.27999
330           125       0.32238
331           125       0.36533
332           125       0.40783
333           125       0.44991
334           125       0.49209
335           125       0.53479
336           125       0.57669
337           125       0.61807
338           125       0.65852
339           125       0.70103
340           125       0.74372
341           125       0.78475
342           125       0.82647
343           125       0.86977
344           125       0.91316
345           125       0.95658
346  125    1
156  126    0
347           126       0.01094
348           126       0.02473
349           126       0.03764
350           126       0.05152
351           126       0.06487
352           126       0.07805
353           126       0.09185
354           126       0.10461
355           126        0.1175
356           126        0.1286
357           126       0.14113
358           126       0.15463
359           126       0.16866
360           126       0.18233
361           126        0.1947
362           126        0.2078
363           126       0.22166
364           126       0.23505
365           126       0.24892
366           126       0.26252
367           126       0.27556
368           126       0.28887
369           126       0.30238
370           126       0.31617
371           126       0.32924
372           126       0.34279
373           126       0.35605
374           126        0.3696
375           126       0.38342
376           126        0.3971
377           126        0.4107
378           126       0.42461
379           126       0.43793
380           126       0.45131
381           126        0.4638
382           126       0.47492
383           126       0.48868
384           126       0.50173
385           126       0.51568
386           126        0.5288
387           126       0.54256
388           126       0.55654
389           126       0.56921
390           126       0.58306
391           126       0.59698
392           126       0.61061
393           126       0.62396
394           126       0.63757
395           126       0.65024
396           126        0.6637
397           126       0.67632
398           126        0.6891
399           126       0.69493
400           126       0.70113
401           126       0.71352
402           126       0.72416
403           126       0.73585
404           126       0.74903
405           126       0.76245
406           126       0.77572
407           126       0.78269
408           126       0.79595
409           126        0.8099
410           126       0.82342
411           126       0.83685
412           126       0.84927
413           126       0.85855
414           126       0.87124
415           126       0.88394
416           126        0.8965
417           126       0.90801
418           126       0.92113
419           126       0.93405
420           126       0.94752
421           126       0.96103
422           126       0.97395
423           126       0.98725
424  126    1
424  127    0
425           127       0.01707
426           127       0.03828
427           127       0.05874
428           127       0.07939
429           127        0.0992
430           127       0.11936
431           127       0.14026
432           127       0.16146
433           127       0.18268
434           127       0.20393
435           127       0.22515
436           127       0.24611
437           127       0.26677
438           127       0.28303
439           127       0.30394
440           127       0.32474
441           127       0.34585
442           127       0.36438
443           127       0.38238
444           127       0.40162
445           127       0.42189
446           127       0.44278
447           127       0.46391
448           127       0.48388
449           127       0.50479
450           127       0.52521
451           127       0.54546
452           127       0.56451
453           127       0.58529
454           127       0.60591
455           127       0.62578
456           127       0.63761
457           127       0.65797
458           127       0.67904
459           127       0.69782
460           127       0.71687
461           127       0.73673
462           127       0.75774
463           127       0.77827
464           127       0.79893
465           127        0.8199
466           127       0.84113
467           127       0.86226
468           127       0.88283
469           127       0.90288
470           127       0.92289
471           127        0.9379
472           127       0.95862
473           127       0.97982
474  127    1
424  128    0
475           128       0.17439
476           128       0.34625
477           128       0.49434
478           128       0.65864
479           128       0.83018
480  128    1
135   40    0
481   40    1
481  129    0
482           129       0.08276
483           129         0.166
484           129       0.25157
485           129       0.33405
486           129       0.41928
487           129       0.50556
488           129       0.58792
489           129       0.67345
490           129       0.75486
491           129       0.83918
492           129        0.9257
493  129    1
493  130    0
494           130       0.07899
495           130       0.14595
496           130       0.21242
497           130       0.27744
498           130       0.34456
499           130       0.41158
500           130       0.47853
501           130       0.54568
502           130       0.61149
503           130       0.67687
504           130       0.74263
505           130       0.80763
506           130       0.87217
507           130       0.93744
508  130    1
493  131    0
509           131       0.11545
510           131       0.22369
511           131       0.33671
512           131       0.44673
513           131       0.55848
514           131       0.67072
515           131       0.78092
516           131       0.88737
517  131    1
130   41    0
518            41       0.14634
519            41        0.2683
520            41        0.3934
521            41       0.51659
522            41       0.64228
523            41       0.76386
524            41       0.87697
525   41    1
525  132    0
526           132       0.01734
527           132         0.035
528           132       0.05282
529           132       0.06996
530           132       0.08699
531           132       0.10462
532           132        0.1221
533           132       0.13833
534           132        0.1558
535           132        0.1733
536           132       0.19097
537           132       0.20575
538           132       0.22345
539           132       0.23803
540           132        0.2551
541           132         0.272
542           132       0.28966
543           132       0.30732
544           132       0.32506
545           132       0.34072
546           132       0.35731
547           132       0.37473
548           132        0.3917
549           132       0.40953
550           132        0.4274
551           132       0.44522
552           132       0.46182
553           132       0.47894
554           132       0.49646
555           132       0.51418
556           132       0.53106
557           132       0.54866
558           132       0.56515
559           132       0.58158
560           132       0.59843
561           132        0.6159
562           132       0.63288
563           132       0.64998
564           132       0.66505
565           132       0.68222
566           132        0.6989
567           132       0.71645
568           132       0.73346
569           132       0.74998
570           132       0.76711
571           132       0.78384
572           132       0.80141
573           132       0.81898
574           132       0.83667
575           132       0.85443
576           132        0.8677
577           132       0.88399
578           132       0.89841
579           132       0.91571
580           132        0.9322
581           132       0.94784
582           132       0.96446
583           132       0.98204
584  132    1
116   42    0
585            42       0.03231
586            42        0.0691
587            42       0.10649
588            42       0.14256
589            42       0.17973
590            42       0.21601
591            42       0.25231
592            42       0.28913
593            42       0.32576
594            42       0.36126
595            42       0.39886
596            42       0.43452
597            42       0.47087
598            42       0.50809
599            42       0.54479
600            42       0.58003
601            42       0.61628
602            42       0.65204
603            42       0.68747
604            42       0.72279
605            42       0.76035
606            42        0.7925
607            42       0.81918
608            42       0.85692
609            42       0.89312
610            42       0.92994
611            42       0.96514
612   42    1
612  133    0
613           133       0.07272
614           133        0.1448
615           133       0.21842
616           133        0.2896
617           133       0.36297
618           133       0.42876
619           133       0.50103
620           133       0.57394
621           133       0.64419
622           133       0.71439
623           133       0.78949
624           133       0.85313
625           133       0.92481
626  133    1
111   43    0
627            43        0.0437
628            43       0.07559
629            43       0.10895
630            43       0.13783
631            43       0.16846
632            43       0.20112
633            43        0.2293
634            43        0.2606
635            43       0.29278
636            43       0.32562
637            43       0.35816
638            43       0.39155
639            43       0.42505
640            43       0.45787
641            43       0.49165
642            43       0.52561
643            43       0.55836
644            43        0.5903
645            43       0.62269
646            43       0.65641
647            43       0.68942
648            43       0.72108
649            43        0.7468
650            43       0.78052
651            43       0.81303
652            43       0.84351
653            43       0.87547
654            43       0.90903
655            43       0.94272
656            43       0.97549
657   43    1
110   44    0
658            44       0.02698
659            44       0.05919
660            44       0.09132
661            44        0.1204
662            44       0.15142
663            44       0.18354
664            44       0.21565
665            44       0.24547
666            44       0.27497
667            44       0.30504
668            44       0.33503
669            44        0.3655
670            44       0.39642
671            44       0.42187
672            44       0.45335
673            44       0.48338
674            44       0.51477
675            44       0.54557
676            44       0.57735
677            44       0.60721
678            44       0.63882
679            44       0.66828
680            44       0.69983
681            44       0.73175
682            44        0.7618
683            44       0.79168
684            44       0.82116
685            44       0.85092
686            44       0.88205
687            44       0.91144
688            44       0.94089
689            44       0.96967
690   44    1
106   45    0
691            45       0.02013
692            45       0.04577
693            45       0.07055
694            45       0.09537
695            45       0.11939
696            45       0.14502
697            45        0.1703
698            45       0.19332
699            45       0.21807
700            45        0.2432
701            45       0.26834
702            45       0.29359
703            45         0.319
704            45        0.3443
705            45       0.36987
706            45       0.39536
707            45       0.41909
708            45         0.444
709            45       0.46959
710            45       0.49522
711            45       0.52016
712            45       0.54444
713            45       0.56866
714            45       0.59238
715            45       0.61772
716            45       0.64208
717            45       0.66678
718            45        0.6868
719            45       0.70922
720            45       0.73423
721            45       0.75904
722            45       0.78316
723            45       0.80791
724            45       0.83217
725            45       0.85605
726            45       0.88073
727            45       0.90503
728            45       0.92884
729            45       0.95333
730            45       0.97436
731   45    1
96  46   0
732            46       0.02242
733            46       0.04668
734            46       0.07086
735            46       0.09281
736            46       0.11658
737            46       0.13285
738            46       0.15742
739            46       0.18192
740            46        0.2047
741            46       0.22837
742            46       0.25283
743            46       0.27629
744            46       0.29988
745            46       0.32392
746            46       0.34693
747            46       0.36712
748            46       0.39126
749            46       0.41458
750            46       0.43849
751            46       0.46252
752            46       0.48633
753            46       0.51032
754            46       0.53441
755            46       0.55868
756            46       0.57966
757            46       0.60378
758            46       0.62736
759            46       0.64904
760            46       0.67294
761            46       0.69744
762            46       0.71863
763            46       0.74321
764            46       0.76723
765            46       0.79033
766            46       0.81401
767            46       0.83854
768            46       0.86243
769            46       0.88579
770            46       0.90989
771            46       0.93131
772            46       0.95494
773            46       0.97868
774   46    1
87  47   0
775            47       0.02377
776            47       0.04244
777            47       0.06333
778            47       0.08406
779            47       0.10464
780            47       0.12588
781            47       0.14655
782            47       0.16753
783            47        0.1882
784            47       0.20625
785            47       0.22713
786            47       0.24842
787            47        0.2688
788            47        0.2901
789            47       0.30978
790            47       0.32994
791            47       0.35083
792            47       0.37055
793            47       0.39152
794            47       0.41153
795            47       0.43227
796            47       0.45195
797            47       0.47158
798            47       0.49224
799            47       0.51314
800            47       0.53333
801            47       0.55319
802            47       0.57453
803            47       0.59597
804            47       0.61661
805            47       0.63654
806            47       0.65717
807            47       0.67698
808            47       0.69286
809            47       0.70899
810            47       0.72004
811            47       0.73745
812            47       0.75479
813            47         0.776
814            47       0.79615
815            47       0.81719
816            47       0.83738
817            47       0.85775
818            47       0.87737
819            47       0.89779
820            47       0.91796
821            47       0.93872
822            47       0.95956
823            47        0.9795
824   47    1
81  48   0
825            48       0.02397
826            48       0.04956
827            48       0.07308
828            48       0.09803
829            48       0.12169
830            48        0.1458
831            48       0.17065
832            48       0.19602
833            48       0.22151
834            48        0.2463
835            48       0.27156
836            48         0.297
837            48       0.32111
838            48       0.34286
839            48        0.3672
840            48       0.39121
841            48       0.41559
842            48       0.44107
843            48       0.46464
844            48       0.49005
845            48       0.51481
846            48       0.54038
847            48       0.56477
848            48       0.58948
849            48        0.6131
850            48        0.6379
851            48       0.66338
852            48       0.68729
853            48       0.71162
854            48       0.73681
855            48       0.76078
856            48       0.78548
857            48       0.80949
858            48       0.82617
859            48       0.85183
860            48       0.87754
861            48       0.90259
862            48       0.92654
863            48       0.95191
864            48       0.97511
865   48    1
75  49   0
866            49       0.01579
867            49       0.03181
868            49       0.04802
869            49       0.06453
870            49       0.08069
871            49        0.0968
872            49       0.11281
873            49       0.12879
874            49       0.14403
875            49        0.1589
876            49        0.1749
877            49       0.19115
878            49       0.20762
879            49       0.22434
880            49       0.24042
881            49       0.25712
882            49       0.27279
883            49       0.28946
884            49       0.29909
885            49       0.31545
886            49       0.33108
887            49       0.34578
888            49       0.35967
889            49       0.36784
890            49       0.38118
891            49       0.39713
892            49       0.41268
893            49       0.42929
894            49       0.44562
895            49       0.46027
896            49       0.47646
897            49       0.49196
898            49       0.50742
899            49       0.52384
900            49       0.53943
901            49       0.55594
902            49       0.57265
903            49        0.5888
904            49       0.60527
905            49        0.6217
906            49       0.63698
907            49       0.65247
908            49       0.66795
909            49       0.68426
910            49       0.70015
911            49       0.71666
912            49       0.73296
913            49       0.74899
914            49       0.76563
915            49       0.77924
916            49       0.79515
917            49       0.81153
918            49       0.82775
919            49       0.84375
920            49       0.85658
921            49       0.87294
922            49       0.88929
923            49        0.9057
924            49       0.92199
925            49       0.93767
926            49       0.95422
927            49       0.96933
928            49       0.98321
929   49    1
71  50   0
930   50    1
930   51    0
931            51       0.02185
932            51       0.04468
933            51       0.06703
934            51       0.08885
935            51       0.10467
936            51       0.12804
937            51        0.1514
938            51        0.1748
939            51       0.19724
940            51       0.22066
941            51        0.2443
942            51       0.26697
943            51        0.2901
944            51       0.30689
945            51       0.33073
946            51        0.3532
947            51       0.37139
948            51       0.39363
949            51       0.41539
950            51       0.43634
951            51       0.45843
952            51        0.4784
953            51       0.50168
954            51       0.52511
955            51       0.54765
956            51       0.57062
957            51       0.59255
958            51       0.61587
959            51        0.6389
960            51       0.66203
961            51       0.68474
962            51       0.70723
963            51       0.72965
964            51       0.75131
965            51       0.77509
966            51        0.7968
967            51       0.81865
968            51       0.84179
969            51       0.86553
970            51       0.88932
971            51       0.91222
972            51       0.93545
973            51       0.95449
974            51       0.97783
975   51    1
930   52    0
976            52       0.02433
977            52       0.04954
978            52        0.0749
979            52           0.1
980            52        0.1233
981            52       0.14808
982            52        0.1729
983            52       0.19798
984            52        0.2209
985            52        0.2462
986            52       0.27171
987            52       0.29675
988            52       0.32198
989            52       0.34536
990            52       0.36961
991            52       0.39422
992            52       0.41556
993            52       0.44121
994            52       0.46533
995            52       0.49104
996            52       0.51459
997            52        0.5393
998            52        0.5618
999            52       0.58711
1000             52        0.60824
1001             52        0.63147
1002             52        0.65716
1003             52        0.67981
1004             52        0.70545
1005             52        0.73004
1006             52        0.75514
1007             52        0.77996
1008             52        0.80427
1009             52        0.82916
1010             52        0.85493
1011             52        0.87876
1012             52        0.90294
1013             52        0.92667
1014             52        0.95049
1015             52        0.97499
1016    52     1
66  53   0
1017    53     1
1017    54     0
1018             54        0.01888
1019             54         0.0392
1020             54        0.05983
1021             54        0.07964
1022             54        0.10047
1023             54        0.12117
1024             54         0.1413
1025             54        0.16012
1026             54        0.18079
1027             54        0.20022
1028             54        0.22094
1029             54        0.24119
1030             54        0.26219
1031             54        0.28243
1032             54        0.30208
1033             54        0.32181
1034             54        0.34207
1035             54         0.3623
1036             54        0.38092
1037             54         0.4013
1038             54        0.42132
1039             54        0.44206
1040             54        0.46128
1041             54        0.48066
1042             54        0.50146
1043             54         0.5224
1044             54        0.54202
1045             54        0.56221
1046             54        0.58276
1047             54        0.60304
1048             54        0.62375
1049             54        0.64414
1050             54        0.66475
1051             54        0.68392
1052             54        0.70403
1053             54        0.72444
1054             54        0.74502
1055             54        0.76532
1056             54        0.78193
1057             54         0.7999
1058             54        0.82007
1059             54        0.83992
1060             54        0.86069
1061             54        0.87982
1062             54         0.9005
1063             54        0.92165
1064             54        0.94106
1065             54        0.96201
1066             54        0.98203
1067    54     1
1017    55     0
1068             55        0.02508
1069             55        0.04865
1070             55        0.07159
1071             55        0.09575
1072             55        0.11979
1073             55        0.14394
1074             55        0.16692
1075             55        0.19023
1076             55         0.2118
1077             55        0.23346
1078             55        0.25795
1079             55        0.27992
1080             55        0.30344
1081             55        0.32793
1082             55        0.35215
1083             55         0.3763
1084             55        0.39911
1085             55        0.42327
1086             55        0.44528
1087             55        0.46919
1088             55        0.49202
1089             55         0.5157
1090             55        0.53931
1091             55        0.56196
1092             55        0.58559
1093             55        0.60908
1094             55        0.63225
1095             55        0.65556
1096             55        0.67892
1097             55        0.70311
1098             55        0.72588
1099             55        0.75003
1100             55         0.7744
1101             55        0.79861
1102             55        0.82275
1103             55        0.84586
1104             55        0.86921
1105             55        0.89222
1106             55         0.9148
1107             55        0.93371
1108             55        0.95811
1109             55        0.97919
1110    55     1
1017    56     0
1111             56        0.03664
1112             56        0.06764
1113             56        0.09276
1114             56         0.1238
1115             56        0.15588
1116             56        0.18668
1117             56        0.22168
1118             56        0.25194
1119             56        0.28265
1120             56        0.31754
1121             56        0.34596
1122             56        0.37638
1123             56        0.40977
1124             56        0.44492
1125             56        0.47968
1126             56        0.49628
1127             56        0.52244
1128             56        0.55557
1129             56        0.58959
1130             56        0.62247
1131             56         0.6576
1132             56        0.68849
1133             56        0.72166
1134             56        0.75318
1135             56        0.77397
1136             56        0.80709
1137             56        0.84186
1138             56         0.8745
1139             56        0.90907
1140             56        0.94157
1141             56        0.96963
1142    56     1
64  57   0
1143             57        0.01816
1144             57        0.03668
1145             57        0.05172
1146             57        0.07485
1147             57        0.08379
1148             57        0.10642
1149             57        0.12852
1150             57        0.15013
1151             57        0.17166
1152             57        0.19468
1153             57        0.21782
1154             57        0.24016
1155             57        0.26217
1156             57        0.28427
1157             57        0.30716
1158             57        0.32992
1159             57        0.34935
1160             57        0.37103
1161             57         0.3929
1162             57        0.41554
1163             57        0.43784
1164             57        0.45975
1165             57        0.48281
1166             57         0.5053
1167             57        0.52848
1168             57        0.55161
1169             57        0.57444
1170             57        0.59703
1171             57        0.61957
1172             57        0.64252
1173             57        0.66498
1174             57        0.68774
1175             57        0.70961
1176             57        0.73268
1177             57        0.75455
1178             57        0.77713
1179             57        0.80008
1180             57         0.8227
1181             57        0.84347
1182             57        0.86529
1183             57        0.88755
1184             57         0.9103
1185             57        0.93184
1186             57        0.95379
1187             57        0.97681
1188    57     1
61  58   0
1189             58        0.24317
1190             58        0.49768
1191             58        0.76252
1192    58     1
1192    59     0
1193             59        0.02934
1194             59        0.05372
1195             59        0.07893
1196             59        0.10338
1197             59        0.12439
1198             59        0.14692
1199             59        0.17121
1200             59        0.19481
1201             59        0.21968
1202             59        0.24365
1203             59        0.26833
1204             59        0.29288
1205             59        0.31575
1206             59         0.3383
1207             59        0.36302
1208             59        0.38514
1209             59        0.40956
1210             59        0.43296
1211             59        0.45393
1212             59        0.47803
1213             59        0.50211
1214             59        0.52644
1215             59        0.55108
1216             59        0.57538
1217             59        0.60009
1218             59        0.62391
1219             59        0.64692
1220             59        0.67137
1221             59         0.6959
1222             59        0.71889
1223             59        0.73914
1224             59        0.75837
1225             59        0.78215
1226             59        0.80154
1227             59        0.82098
1228             59        0.84576
1229             59        0.87011
1230             59        0.89396
1231             59        0.91751
1232             59        0.94176
1233             59        0.96671
1234             59        0.99166
1235    59     1
1192    60     0
1236             60        0.03066
1237             60        0.06027
1238             60        0.08978
1239             60        0.12026
1240             60         0.1495
1241             60        0.17702
1242             60        0.20243
1243             60        0.22653
1244             60        0.25652
1245             60        0.27927
1246             60        0.30426
1247             60        0.33288
1248             60        0.36293
1249             60        0.39257
1250             60        0.42163
1251             60        0.45206
1252             60        0.48136
1253             60        0.50871
1254             60        0.53696
1255             60        0.56647
1256             60        0.59542
1257             60        0.62563
1258             60        0.65596
1259             60        0.68621
1260             60        0.71663
1261             60         0.7397
1262             60        0.76819
1263             60        0.79807
1264             60         0.8264
1265             60        0.85478
1266             60        0.88393
1267             60        0.91054
1268             60        0.93975
1269             60        0.96967
1270    60     1
55  61   0
1271             61        0.28122
1272             61        0.52782
1273             61        0.78236
1274    61     1
1274    62     0
1275             62        0.05331
1276             62        0.11079
1277             62        0.16717
1278             62        0.22307
1279             62        0.28078
1280             62        0.33465
1281             62        0.38893
1282             62         0.4418
1283             62        0.49887
1284             62        0.55711
1285             62        0.61533
1286             62        0.67472
1287             62        0.72951
1288             62         0.7842
1289             62         0.8334
1290             62         0.8914
1291             62        0.94861
1292    62     1
1292    63     0
1293             63        0.07399
1294             63        0.15357
1295             63        0.23151
1296             63        0.31055
1297             63        0.38837
1298             63        0.46128
1299             63        0.54239
1300             63        0.62215
1301             63        0.70035
1302             63        0.78152
1303             63        0.85318
1304             63        0.93286
1305    63     1
1292    64     0
1306             64        0.10933
1307             64        0.20688
1308             64        0.31044
1309             64        0.41242
1310             64        0.51515
1311             64         0.6175
1312             64        0.71975
1313             64        0.81684
1314             64        0.91331
1315    64     1
1274    65     0
1316             65        0.06009
1317             65        0.11823
1318             65        0.17681
1319             65        0.22727
1320             65        0.26627
1321             65        0.32625
1322             65        0.38365
1323             65        0.44142
1324             65        0.50003
1325             65        0.55524
1326             65        0.60238
1327             65        0.66232
1328             65        0.71722
1329             65        0.76575
1330             65        0.82543
1331             65        0.88414
1332             65         0.9428
1333    65     1
54  66   0
1334             66         0.0654
1335             66         0.1064
1336             66        0.14659
1337             66        0.18562
1338             66        0.22531
1339             66        0.25967
1340             66         0.2979
1341             66        0.33857
1342             66         0.3684
1343             66        0.40677
1344             66        0.44732
1345             66        0.48751
1346             66        0.52661
1347             66        0.56643
1348             66        0.60571
1349             66        0.64463
1350             66        0.68397
1351             66        0.72422
1352             66        0.76494
1353             66        0.80437
1354             66        0.84518
1355             66        0.88493
1356             66        0.92373
1357             66         0.9623
1358    66     1
49  67   0
1359             67        0.05971
1360             67        0.13878
1361             67        0.21505
1362             67        0.29335
1363             67          0.368
1364             67        0.44764
1365             67        0.52788
1366             67        0.60045
1367             67        0.67759
1368             67        0.75782
1369             67        0.83979
1370             67        0.91942
1371    67     1
1371    68     0
1372             68          0.024
1373             68        0.04885
1374             68        0.07229
1375             68        0.08825
1376             68        0.11275
1377             68        0.13825
1378             68        0.16296
1379             68        0.18597
1380             68        0.21041
1381             68        0.23252
1382             68        0.25732
1383             68        0.28168
1384             68        0.30581
1385             68        0.32903
1386             68        0.35013
1387             68        0.37136
1388             68        0.39548
1389             68        0.41895
1390             68        0.44374
1391             68        0.46909
1392             68        0.49451
1393             68        0.51966
1394             68        0.54466
1395             68        0.56882
1396             68        0.59303
1397             68         0.6158
1398             68        0.64087
1399             68        0.66569
1400             68        0.68903
1401             68        0.71334
1402             68        0.73692
1403             68         0.7605
1404             68        0.77465
1405             68        0.79981
1406             68        0.82447
1407             68         0.8497
1408             68        0.87489
1409             68        0.89823
1410             68        0.92319
1411             68        0.94747
1412             68        0.97256
1413             68        0.98489
1414    68     1
1371    69     0
1415             69        0.04895
1416             69        0.09932
1417             69        0.14784
1418             69        0.19459
1419             69        0.24509
1420             69        0.29581
1421             69        0.33989
1422             69         0.3912
1423             69        0.44267
1424             69        0.49165
1425             69        0.53802
1426             69        0.58799
1427             69        0.63182
1428             69        0.68306
1429             69        0.73269
1430             69        0.77791
1431             69        0.82799
1432             69        0.87816
1433             69         0.9228
1434             69        0.97122
1435    69     1
40  70   0
1436             70        0.12695
1437             70        0.26032
1438             70         0.3866
1439             70        0.51997
1440             70         0.6511
1441             70        0.77652
1442             70        0.88589
1443    70     1
1443    71     0
1444             71        0.24925
1445             71        0.50977
1446             71        0.75202
1447    71     1
1447    72     0
1448             72        0.02355
1449             72        0.04713
1450             72        0.07191
1451             72        0.09618
1452             72        0.11834
1453             72         0.1412
1454             72        0.15978
1455             72          0.184
1456             72        0.20771
1457             72        0.23265
1458             72        0.25741
1459             72        0.28199
1460             72        0.30515
1461             72        0.32961
1462             72        0.35282
1463             72        0.37668
1464             72         0.3941
1465             72        0.41827
1466             72        0.44273
1467             72        0.46754
1468             72         0.4916
1469             72        0.51611
1470             72         0.5412
1471             72        0.56463
1472             72          0.588
1473             72          0.611
1474             72        0.63502
1475             72        0.65928
1476             72         0.6757
1477             72        0.69834
1478             72        0.72173
1479             72        0.74465
1480             72        0.76469
1481             72        0.78836
1482             72        0.81274
1483             72        0.83759
1484             72        0.86198
1485             72        0.88519
1486             72        0.90761
1487             72        0.92904
1488             72        0.95034
1489             72        0.97486
1490    72     1
1447    73     0
1491    73     1
1443    74     0
1492             74        0.10385
1493             74        0.16155
1494             74        0.27792
1495             74        0.39292
1496             74        0.51474
1497             74         0.6358
1498             74        0.75735
1499             74        0.87913
1500    74     1
40  75   0
1501             75        0.01506
1502             75        0.03114
1503             75         0.0479
1504             75        0.06547
1505             75        0.08334
1506             75         0.1009
1507             75        0.11874
1508             75          0.135
1509             75        0.15265
1510             75        0.17017
1511             75         0.1879
1512             75        0.20497
1513             75        0.22123
1514             75        0.23863
1515             75        0.25665
1516             75        0.27367
1517             75        0.29123
1518             75        0.30777
1519             75        0.32555
1520             75        0.34212
1521             75        0.35901
1522             75        0.37622
1523             75         0.3931
1524             75        0.41058
1525             75        0.42867
1526             75         0.4463
1527             75        0.46344
1528             75        0.47874
1529             75        0.49636
1530             75        0.51367
1531             75        0.53083
1532             75         0.5483
1533             75        0.56595
1534             75        0.58385
1535             75         0.6015
1536             75        0.61868
1537             75        0.63647
1538             75        0.65434
1539             75        0.67211
1540             75        0.68961
1541             75        0.70731
1542             75        0.72421
1543             75        0.74154
1544             75        0.75964
1545             75        0.77729
1546             75        0.79413
1547             75        0.81083
1548             75        0.82886
1549             75        0.84687
1550             75        0.86407
1551             75        0.88121
1552             75        0.89837
1553             75        0.91521
1554             75        0.93197
1555             75        0.94915
1556             75        0.96672
1557             75        0.98364
1558    75     1
36  76   0
1559             76        0.07123
1560             76        0.14881
1561             76        0.22566
1562             76        0.30025
1563             76        0.37692
1564             76        0.41655
1565             76        0.45409
1566             76        0.53214
1567             76        0.61095
1568             76        0.68868
1569             76        0.76496
1570             76        0.84347
1571             76        0.92195
1572    76     1
30  77   0
1573             77        0.06959
1574             77        0.15519
1575             77        0.23631
1576             77        0.30817
1577             77        0.39206
1578             77        0.48161
1579             77        0.57269
1580             77        0.64421
1581             77        0.73195
1582             77        0.82105
1583             77        0.91099
1584    77     1
1584    78     0
1585             78        0.02202
1586             78        0.04347
1587             78        0.06575
1588             78        0.08624
1589             78        0.10662
1590             78        0.12847
1591             78        0.15006
1592             78        0.17077
1593             78        0.19063
1594             78        0.20965
1595             78        0.23106
1596             78         0.2529
1597             78        0.27472
1598             78        0.29415
1599             78        0.31449
1600             78        0.33421
1601             78        0.35589
1602             78         0.3763
1603             78        0.39726
1604             78        0.41783
1605             78        0.44038
1606             78        0.45926
1607             78        0.47679
1608             78        0.49778
1609             78        0.51723
1610             78        0.53945
1611             78        0.56122
1612             78        0.58307
1613             78        0.60531
1614             78         0.6254
1615             78        0.63021
1616             78        0.65248
1617             78        0.67331
1618             78        0.69444
1619             78        0.71647
1620             78        0.73856
1621             78         0.7584
1622             78        0.78104
1623             78        0.79328
1624             78        0.81457
1625             78        0.83608
1626             78        0.85788
1627             78        0.88013
1628             78        0.90236
1629             78        0.92457
1630             78        0.94031
1631             78        0.95628
1632             78        0.97768
1633    78     1
1584    79     0
1634             79        0.06138
1635             79        0.13295
1636             79        0.20024
1637             79        0.27182
1638             79        0.33626
1639             79            0.4
1640             79        0.47152
1641             79        0.54099
1642             79        0.60596
1643             79        0.67675
1644             79        0.74055
1645             79        0.79259
1646             79         0.8613
1647             79        0.93193
1648    79     1
25  80   0
1649             80        0.02254
1650             80        0.04355
1651             80        0.06149
1652             80        0.08102
1653             80        0.10171
1654             80        0.12129
1655             80        0.14089
1656             80        0.16148
1657             80        0.18294
1658             80        0.20436
1659             80         0.2254
1660             80        0.24646
1661             80        0.26689
1662             80         0.2876
1663             80        0.30851
1664             80        0.32826
1665             80        0.34921
1666             80        0.36861
1667             80         0.3896
1668             80        0.40931
1669             80        0.43023
1670             80         0.4505
1671             80        0.46742
1672             80        0.48888
1673             80        0.50937
1674             80        0.53042
1675             80        0.55169
1676             80        0.57187
1677             80        0.59193
1678             80        0.61326
1679             80        0.63384
1680             80        0.65457
1681             80        0.67451
1682             80        0.69495
1683             80        0.71594
1684             80        0.73664
1685             80        0.75654
1686             80        0.77653
1687             80        0.79778
1688             80        0.81886
1689             80        0.83988
1690             80        0.86078
1691             80        0.88211
1692             80        0.90314
1693             80        0.92436
1694             80        0.94551
1695             80        0.96545
1696             80        0.98357
1697    80     1
23  81   0
1698             81        0.10856
1699             81        0.20575
1700             81        0.30813
1701             81         0.4076
1702             81        0.50672
1703             81        0.60849
1704             81         0.7074
1705             81        0.80335
1706             81        0.90017
1707    81     1
1707    82     0
1708             82        0.02037
1709             82        0.04114
1710             82        0.06134
1711             82        0.08388
1712             82        0.10574
1713             82        0.12682
1714             82         0.1488
1715             82        0.17107
1716             82        0.19284
1717             82        0.21479
1718             82         0.2367
1719             82        0.25649
1720             82         0.2789
1721             82        0.30038
1722             82        0.32234
1723             82        0.34389
1724             82        0.36594
1725             82        0.38845
1726             82        0.41116
1727             82         0.4339
1728             82        0.45583
1729             82        0.47765
1730             82        0.49979
1731             82        0.52088
1732             82        0.54238
1733             82        0.56408
1734             82        0.58604
1735             82        0.60802
1736             82        0.62881
1737             82        0.65034
1738             82        0.67202
1739             82        0.69432
1740             82        0.71578
1741             82        0.73847
1742             82        0.76062
1743             82        0.78308
1744             82        0.80589
1745             82         0.8281
1746             82        0.84763
1747             82        0.86998
1748             82         0.8924
1749             82        0.91222
1750             82        0.93358
1751             82        0.95618
1752             82         0.9785
1753    82     1
1707    83     0
1754             83        0.03541
1755             83        0.06997
1756             83        0.10725
1757             83        0.14207
1758             83         0.1793
1759             83         0.2151
1760             83        0.25066
1761             83        0.28686
1762             83        0.32315
1763             83        0.35589
1764             83        0.39179
1765             83        0.42862
1766             83        0.46419
1767             83        0.50124
1768             83        0.53757
1769             83        0.57298
1770             83        0.60885
1771             83          0.645
1772             83        0.68101
1773             83        0.71662
1774             83        0.74926
1775             83        0.78249
1776             83        0.81911
1777             83        0.85479
1778             83         0.8912
1779             83        0.92654
1780             83        0.96274
1781    83     1
22  84   0
1782             84        0.05286
1783             84        0.10389
1784             84        0.15332
1785             84        0.20333
1786             84        0.25449
1787             84        0.29329
1788             84        0.34336
1789             84        0.39347
1790             84        0.44413
1791             84        0.49331
1792             84        0.54412
1793             84        0.59241
1794             84        0.63931
1795             84        0.68702
1796             84        0.73162
1797             84        0.77678
1798             84        0.81179
1799             84        0.86194
1800             84        0.90935
1801             84        0.95621
1802    84     1
1802    85     0
1803             85        0.03118
1804             85        0.05807
1805             85        0.08569
1806             85        0.11372
1807             85        0.14185
1808             85        0.16943
1809             85        0.19792
1810             85        0.22335
1811             85        0.25074
1812             85        0.27944
1813             85        0.30667
1814             85        0.33521
1815             85        0.36321
1816             85        0.39151
1817             85        0.42014
1818             85        0.44463
1819             85        0.47312
1820             85        0.50124
1821             85        0.52869
1822             85        0.55747
1823             85        0.58553
1824             85        0.61314
1825             85        0.64065
1826             85        0.66878
1827             85        0.69008
1828             85        0.71744
1829             85        0.74582
1830             85        0.77411
1831             85        0.80213
1832             85        0.82999
1833             85        0.85759
1834             85        0.88649
1835             85        0.91539
1836             85        0.94431
1837             85        0.97323
1838    85     1
1802    86     0
1839             86        0.05237
1840             86         0.1046
1841             86        0.15862
1842             86        0.21141
1843             86        0.26225
1844             86        0.31281
1845             86        0.36553
1846             86        0.42032
1847             86        0.47536
1848             86        0.52815
1849             86        0.58136
1850             86        0.63356
1851             86        0.68603
1852             86        0.73782
1853             86        0.79142
1854             86        0.84595
1855             86        0.90041
1856             86        0.95543
1857    86     1
20  87   0
1858    87     1
1858    88     0
1859             88        0.02514
1860             88        0.05377
1861             88         0.0808
1862             88        0.10846
1863             88        0.13548
1864             88        0.16091
1865             88        0.18995
1866             88        0.21801
1867             88        0.24612
1868             88        0.27557
1869             88        0.30464
1870             88        0.32959
1871             88        0.35654
1872             88        0.38362
1873             88        0.41293
1874             88        0.44075
1875             88        0.47021
1876             88         0.4991
1877             88        0.52789
1878             88        0.55758
1879             88        0.58453
1880             88        0.61374
1881             88        0.64264
1882             88         0.6692
1883             88        0.69816
1884             88        0.72529
1885             88        0.75462
1886             88        0.78193
1887             88        0.81119
1888             88        0.83958
1889             88        0.86781
1890             88        0.89534
1891             88        0.92357
1892             88        0.95224
1893             88        0.98007
1894    88     1
1858    89     0
1895             89        0.02532
1896             89        0.05387
1897             89        0.08246
1898             89        0.11146
1899             89        0.14034
1900             89        0.16888
1901             89        0.19802
1902             89        0.22268
1903             89        0.25035
1904             89        0.27923
1905             89        0.30705
1906             89        0.33499
1907             89         0.3619
1908             89         0.3882
1909             89        0.41477
1910             89          0.444
1911             89        0.47026
1912             89        0.49683
1913             89        0.52583
1914             89        0.55469
1915             89        0.58362
1916             89         0.6039
1917             89        0.63257
1918             89        0.66198
1919             89        0.69082
1920             89        0.71926
1921             89        0.74791
1922             89        0.77613
1923             89        0.80441
1924             89        0.83319
1925             89        0.86144
1926             89         0.8889
1927             89        0.91721
1928             89        0.94423
1929             89        0.97223
1930    89     1
17  90   0
1931             90        0.19995
1932             90         0.4048
1933             90        0.59986
1934             90        0.79678
1935    90     1
1935    91     0
1936             91        0.04808
1937             91          0.097
1938             91        0.14516
1939             91        0.19375
1940             91        0.23905
1941             91        0.28814
1942             91        0.33468
1943             91        0.38428
1944             91        0.43289
1945             91        0.48162
1946             91        0.52984
1947             91        0.57831
1948             91         0.6277
1949             91        0.67642
1950             91        0.72398
1951             91        0.77304
1952             91        0.82084
1953             91        0.86961
1954             91        0.91459
1955             91        0.95155
1956    91     1
1956    92     0
1957             92        0.05677
1958             92        0.10986
1959             92        0.16676
1960             92        0.21857
1961             92        0.27481
1962             92        0.32862
1963             92        0.38262
1964             92        0.42241
1965             92         0.4765
1966             92        0.52477
1967             92        0.57309
1968             92        0.62389
1969             92         0.6746
1970             92        0.73069
1971             92        0.78193
1972             92        0.83929
1973             92        0.89393
1974             92        0.93475
1975             92        0.95931
1976    92     1
1956    93     0
1977             93        0.07704
1978             93        0.15102
1979             93        0.22387
1980             93        0.31501
1981             93         0.4031
1982             93        0.48462
1983             93        0.56742
1984             93        0.65658
1985             93         0.7408
1986             93        0.82868
1987             93        0.91288
1988    93     1
1935    94     0
1989             94        0.02311
1990             94         0.0448
1991             94        0.06771
1992             94        0.09093
1993             94        0.11454
1994             94        0.13699
1995             94        0.16071
1996             94         0.1839
1997             94        0.20576
1998             94        0.22863
1999             94        0.25109
2000             94        0.27422
2001             94        0.29748
2002             94        0.32027
2003             94        0.34156
2004             94        0.36322
2005             94        0.38634
2006             94        0.40848
2007             94        0.43199
2008             94         0.4552
2009             94        0.47881
2010             94        0.49961
2011             94        0.51877
2012             94        0.53806
2013             94        0.56138
2014             94        0.58354
2015             94        0.59914
2016             94        0.61929
2017             94        0.64133
2018             94        0.66433
2019             94        0.68729
2020             94         0.7097
2021             94        0.73323
2022             94        0.75243
2023             94        0.77398
2024             94        0.79484
2025             94        0.81809
2026             94        0.84152
2027             94        0.86434
2028             94        0.88758
2029             94        0.91034
2030             94        0.93306
2031             94        0.95624
2032             94        0.97831
2033    94     1
3  1  0
2034     1     1
2034     3     0
2035     3     1
2035     4     0
2036              4        0.19312
2037              4        0.36264
2038              4        0.53036
2039              4        0.68954
2040              4        0.85334
2041     4     1
2041     5     0
2042     5     1
2042     6     0
2043              6         0.1132
2044              6        0.22604
2045              6        0.32588
2046              6        0.43915
2047              6        0.54741
2048              6        0.66097
2049              6        0.77478
2050              6        0.88625
2051     6     1
2051     7     0
2052              7        0.20599
2053              7        0.41276
2054              7        0.61924
2055              7        0.81454
2056     7     1
2056     8     0
2057              8        0.01621
2058              8        0.03146
2059              8        0.04605
2060              8        0.06268
2061              8        0.07839
2062              8         0.0947
2063              8        0.10972
2064              8        0.12612
2065              8        0.14213
2066              8        0.15656
2067              8        0.17304
2068              8        0.18752
2069              8        0.20373
2070              8        0.22007
2071              8        0.23665
2072              8        0.25259
2073              8        0.26862
2074              8         0.2847
2075              8        0.30099
2076              8        0.31719
2077              8        0.33261
2078              8        0.34937
2079              8        0.36498
2080              8        0.38146
2081              8        0.39742
2082              8        0.41396
2083              8        0.42986
2084              8        0.44516
2085              8        0.46175
2086              8         0.4773
2087              8        0.49276
2088              8        0.50783
2089              8        0.52424
2090              8        0.54025
2091              8        0.55585
2092              8        0.57164
2093              8        0.58756
2094              8        0.60217
2095              8        0.61815
2096              8        0.63426
2097              8        0.64938
2098              8        0.66521
2099              8        0.68112
2100              8        0.69767
2101              8        0.71239
2102              8        0.72781
2103              8        0.74369
2104              8        0.75593
2105              8        0.76972
2106              8        0.78378
2107              8        0.80001
2108              8        0.80987
2109              8        0.82566
2110              8        0.84205
2111              8        0.85848
2112              8        0.87227
2113              8        0.88813
2114              8        0.90337
2115              8        0.91986
2116              8        0.93605
2117              8        0.95264
2118              8        0.96887
2119              8        0.98529
2120     8     1
2056     9     0
2121              9        0.07877
2122              9        0.16788
2123              9        0.25577
2124              9          0.342
2125              9        0.43133
2126              9        0.52147
2127              9        0.57085
2128              9        0.65745
2129              9        0.73931
2130              9         0.8262
2131              9        0.91675
2132     9     1
2051    10     0
2133             10        0.01693
2134             10        0.03402
2135             10        0.04734
2136             10         0.0644
2137             10         0.0816
2138             10        0.09901
2139             10        0.11615
2140             10        0.13285
2141             10         0.1498
2142             10        0.16681
2143             10        0.18396
2144             10        0.20125
2145             10        0.21779
2146             10        0.23501
2147             10        0.25197
2148             10        0.26913
2149             10         0.2861
2150             10        0.30304
2151             10        0.32028
2152             10        0.33739
2153             10        0.35436
2154             10        0.37097
2155             10        0.38827
2156             10        0.40574
2157             10        0.42311
2158             10        0.44058
2159             10        0.45801
2160             10        0.47542
2161             10        0.49288
2162             10        0.51012
2163             10        0.52722
2164             10        0.54456
2165             10        0.56198
2166             10        0.57938
2167             10        0.59678
2168             10        0.61412
2169             10        0.63148
2170             10        0.64879
2171             10        0.66583
2172             10        0.68238
2173             10        0.69977
2174             10        0.71568
2175             10        0.73293
2176             10        0.74982
2177             10        0.76679
2178             10        0.78363
2179             10        0.80017
2180             10        0.81763
2181             10         0.8345
2182             10        0.85177
2183             10        0.86922
2184             10        0.88639
2185             10        0.90316
2186             10        0.91839
2187             10         0.9342
2188             10         0.9514
2189             10        0.96839
2190             10        0.98498
2191    10     1
2042    11     0
2192             11        0.51413
2193    11     1
2193    12     0
2194             12         0.1468
2195             12        0.32014
2196             12        0.49175
2197             12        0.66578
2198             12        0.84014
2199    12     1
2199    13     0
2200             13        0.22703
2201             13        0.48765
2202             13        0.74068
2203    13     1
2203    14     0
2204             14          0.024
2205             14        0.04519
2206             14        0.06447
2207             14        0.08868
2208             14        0.11261
2209             14        0.13691
2210             14        0.16123
2211             14        0.18506
2212             14        0.21003
2213             14        0.23315
2214             14        0.25805
2215             14        0.28111
2216             14        0.30363
2217             14        0.32792
2218             14        0.35151
2219             14        0.37595
2220             14        0.40023
2221             14        0.42297
2222             14        0.44811
2223             14        0.47305
2224             14        0.49755
2225             14        0.52092
2226             14        0.54495
2227             14        0.56952
2228             14        0.59423
2229             14        0.61778
2230             14        0.64136
2231             14        0.66531
2232             14        0.68756
2233             14        0.71218
2234             14        0.73718
2235             14        0.76038
2236             14        0.78535
2237             14        0.81062
2238             14        0.83445
2239             14        0.85651
2240             14        0.88148
2241             14         0.9055
2242             14        0.92638
2243             14        0.95154
2244             14        0.97499
2245    14     1
2203    15     0
2246             15        0.02324
2247             15        0.04998
2248             15        0.07719
2249             15        0.10327
2250             15        0.13022
2251             15        0.15732
2252             15        0.18412
2253             15         0.2079
2254             15        0.23513
2255             15        0.26113
2256             15        0.28535
2257             15        0.31202
2258             15        0.33942
2259             15        0.36664
2260             15        0.39365
2261             15        0.41939
2262             15        0.44561
2263             15        0.47249
2264             15        0.49976
2265             15        0.52464
2266             15        0.54926
2267             15        0.57685
2268             15        0.60325
2269             15        0.62996
2270             15        0.65553
2271             15         0.6829
2272             15         0.7094
2273             15        0.73624
2274             15         0.7626
2275             15        0.78851
2276             15        0.81344
2277             15        0.84071
2278             15        0.86782
2279             15        0.89444
2280             15        0.92174
2281             15        0.94824
2282             15        0.97335
2283    15     1
2199    16     0
2284             16        0.08373
2285             16        0.16288
2286             16        0.24443
2287             16        0.31362
2288             16        0.37319
2289             16        0.44716
2290             16        0.52489
2291             16        0.60322
2292             16        0.67467
2293             16        0.75484
2294             16        0.83635
2295             16        0.91813
2296    16     1
2193    17     0
2297             17        0.06682
2298             17        0.13579
2299             17        0.20853
2300             17        0.28005
2301             17        0.35365
2302             17        0.42637
2303             17        0.49788
2304             17        0.57091
2305             17        0.64388
2306             17         0.7165
2307             17        0.78955
2308             17        0.86304
2309             17        0.93309
2310    17     1
2041    18     0
2311             18        0.48794
2312    18     1
2312    19     0
2313             19        0.01382
2314             19        0.02894
2315             19        0.04349
2316             19        0.05794
2317             19         0.0671
2318             19        0.08087
2319             19        0.09564
2320             19         0.1099
2321             19        0.12497
2322             19        0.13977
2323             19        0.15469
2324             19        0.16958
2325             19        0.18424
2326             19        0.19911
2327             19        0.21379
2328             19        0.22798
2329             19        0.24293
2330             19        0.25779
2331             19        0.27233
2332             19        0.28703
2333             19        0.30084
2334             19        0.31546
2335             19        0.33028
2336             19        0.34449
2337             19         0.3587
2338             19        0.37368
2339             19        0.38878
2340             19        0.40367
2341             19         0.4182
2342             19        0.43316
2343             19        0.44773
2344             19        0.46276
2345             19        0.47739
2346             19        0.49149
2347             19         0.5063
2348             19        0.52105
2349             19        0.53559
2350             19        0.55017
2351             19        0.56493
2352             19        0.57864
2353             19        0.59326
2354             19        0.60768
2355             19        0.62133
2356             19        0.63491
2357             19        0.64931
2358             19        0.66382
2359             19         0.6786
2360             19        0.69247
2361             19        0.70741
2362             19        0.72212
2363             19         0.7367
2364             19        0.75071
2365             19         0.7652
2366             19        0.77998
2367             19        0.79401
2368             19        0.80901
2369             19        0.82381
2370             19        0.83857
2371             19        0.85338
2372             19        0.86731
2373             19        0.88229
2374             19        0.89733
2375             19        0.91215
2376             19        0.92711
2377             19        0.94197
2378             19        0.95701
2379             19        0.97024
2380             19        0.98505
2381    19     1
2312    20     0
2382             20        0.06669
2383             20        0.13466
2384             20        0.20338
2385             20        0.27096
2386             20        0.33766
2387             20         0.4048
2388             20         0.4734
2389             20        0.54162
2390             20         0.6098
2391             20        0.67812
2392             20        0.74635
2393             20        0.80877
2394             20        0.87513
2395             20        0.93689
2396    20     1
2035     2     0
2397     2     1
2034    21     0
2398             21        0.09316
2399             21        0.16555
2400             21        0.23404
2401             21        0.30157
2402             21        0.37293
2403             21        0.44404
2404             21        0.50871
2405             21        0.57883
2406             21        0.64686
2407             21        0.71766
2408             21        0.78777
2409             21        0.85916
2410             21         0.9292
2411    21     1
2411   134     0
2412            134         0.0461
2413            134        0.09262
2414            134        0.13923
2415            134        0.18536
2416            134        0.22984
2417            134        0.27483
2418            134        0.32081
2419            134        0.36704
2420            134        0.41148
2421            134        0.45682
2422            134        0.50361
2423            134        0.54946
2424            134        0.59528
2425            134        0.63982
2426            134        0.68472
2427            134        0.73015
2428            134        0.77359
2429            134        0.82005
2430            134         0.8652
2431            134        0.91131
2432            134        0.95739
2433   134     1
3  22   0
2434             22        0.20134
2435             22        0.40268
2436             22        0.60402
2437             22        0.80506
2438    22     1
2438    23     0
2439    23     1
2439    24     0
2440             24        0.25139
2441             24        0.50458
2442             24        0.74973
2443    24     1
2443    25     0
2444             25        0.50714
2445    25     1
2445    26     0
2446             26        0.13241
2447             26         0.2763
2448             26        0.42424
2449             26         0.5674
2450             26        0.71301
2451             26        0.86043
2452    26     1
2452    27     0
2453             27        0.27394
2454             27        0.51636
2455             27         0.7561
2456    27     1
2456    28     0
2457             28        0.01935
2458             28        0.03829
2459             28        0.05688
2460             28        0.07662
2461             28        0.09578
2462             28        0.11477
2463             28        0.13324
2464             28        0.15228
2465             28        0.17183
2466             28        0.19023
2467             28         0.2093
2468             28        0.22905
2469             28        0.24869
2470             28        0.26847
2471             28        0.28721
2472             28        0.30635
2473             28        0.32383
2474             28        0.34188
2475             28        0.36137
2476             28        0.37989
2477             28        0.39904
2478             28        0.41839
2479             28        0.43544
2480             28        0.45248
2481             28        0.46876
2482             28        0.48557
2483             28        0.50491
2484             28         0.5218
2485             28        0.53925
2486             28        0.55869
2487             28        0.57835
2488             28        0.59793
2489             28        0.61753
2490             28        0.63627
2491             28        0.65557
2492             28        0.67521
2493             28        0.69434
2494             28         0.7132
2495             28        0.73037
2496             28        0.74927
2497             28        0.76506
2498             28        0.78483
2499             28        0.80237
2500             28         0.8208
2501             28        0.83694
2502             28        0.85558
2503             28        0.87529
2504             28        0.89392
2505             28        0.91082
2506             28        0.93048
2507             28        0.94966
2508             28        0.96324
2509             28        0.98209
2510    28     1
2456    29     0
2511             29        0.02074
2512             29        0.04044
2513             29         0.0617
2514             29        0.07909
2515             29        0.10018
2516             29        0.12035
2517             29         0.1417
2518             29        0.16347
2519             29        0.18499
2520             29        0.20689
2521             29        0.22818
2522             29        0.24919
2523             29        0.27106
2524             29        0.29234
2525             29         0.3136
2526             29        0.33481
2527             29        0.35384
2528             29        0.37406
2529             29        0.39598
2530             29        0.41688
2531             29        0.43582
2532             29        0.45664
2533             29        0.47631
2534             29        0.49722
2535             29        0.51767
2536             29        0.53951
2537             29        0.56091
2538             29        0.58261
2539             29        0.60382
2540             29        0.62565
2541             29        0.64702
2542             29        0.66763
2543             29        0.68765
2544             29        0.70759
2545             29        0.72861
2546             29        0.74884
2547             29         0.7697
2548             29        0.79122
2549             29        0.81259
2550             29        0.83204
2551             29        0.85339
2552             29        0.87499
2553             29        0.89666
2554             29        0.91836
2555             29        0.93974
2556             29        0.96135
2557             29        0.98117
2558    29     1
2452    30     0
2559             30        0.25825
2560             30        0.51853
2561             30        0.78515
2562    30     1
2445    31     0
2563             31        0.03725
2564             31        0.07228
2565             31        0.10771
2566             31         0.1435
2567             31        0.17377
2568             31        0.20545
2569             31        0.24199
2570             31        0.27699
2571             31         0.3138
2572             31        0.34985
2573             31        0.38612
2574             31        0.42242
2575             31        0.45825
2576             31        0.49271
2577             31        0.52929
2578             31        0.56589
2579             31        0.60248
2580             31        0.63919
2581             31        0.67461
2582             31        0.71031
2583             31        0.74649
2584             31        0.78242
2585             31        0.81889
2586             31        0.85475
2587             31        0.89194
2588             31        0.92843
2589             31        0.96325
2590    31     1
2443    32     0
2591             32        0.02413
2592             32        0.04412
2593             32        0.06518
2594             32        0.08689
2595             32        0.10953
2596             32        0.13138
2597             32        0.15462
2598             32        0.17788
2599             32        0.20088
2600             32        0.22361
2601             32        0.24635
2602             32        0.26975
2603             32        0.29285
2604             32        0.31545
2605             32        0.33672
2606             32        0.35866
2607             32        0.38117
2608             32        0.40373
2609             32        0.42705
2610             32         0.4499
2611             32        0.47227
2612             32        0.49485
2613             32        0.51748
2614             32        0.53972
2615             32        0.56267
2616             32        0.58574
2617             32        0.60852
2618             32        0.63099
2619             32        0.65333
2620             32        0.67603
2621             32        0.69259
2622             32         0.7141
2623             32        0.73441
2624             32        0.75678
2625             32        0.77862
2626             32        0.79986
2627             32        0.82186
2628             32        0.84492
2629             32        0.86713
2630             32        0.88906
2631             32        0.91207
2632             32        0.93399
2633             32        0.95427
2634             32        0.97666
2635    32     1
2439    33     0
2636             33        0.02015
2637             33        0.04532
2638             33        0.07118
2639             33        0.10189
2640             33        0.13175
2641             33        0.16197
2642             33        0.19329
2643             33        0.22331
2644             33         0.2549
2645             33        0.28612
2646             33        0.31524
2647             33        0.34517
2648             33        0.37688
2649             33        0.40719
2650             33        0.43852
2651             33        0.46991
2652             33        0.50079
2653             33        0.53228
2654             33         0.5633
2655             33        0.59384
2656             33        0.62575
2657             33        0.65626
2658             33        0.68783
2659             33        0.71845
2660             33        0.74909
2661             33        0.78002
2662             33        0.81193
2663             33        0.84337
2664             33        0.87517
2665             33        0.90638
2666             33        0.93677
2667             33        0.96834
2668    33     1
2438    34     0
2669             34        0.34741
2670             34        0.68803
2671    34     1
