0  0  0
1           0       2e-05
2           0     0.50001
3  0  1
3  75   0
4  75   1
4  76   0
5           76      0.15201
6           76      0.27658
7           76      0.40114
8           76      0.52571
9           76      0.65028
10           76      0.77125
11           76      0.89369
12  76   1
12  77   0
13           77      0.11951
14           77      0.24688
15           77       0.3786
16           77      0.50553
17           77      0.63514
18           77      0.76139
19           77      0.89297
20  77   1
20  78   0
21  78   1
21  79   0
22           79      0.27236
23           79      0.53311
24           79      0.75642
25  79   1
25  80   0
26           80      0.13684
27           80      0.27367
28           80      0.41794
29           80      0.56005
30           80      0.70769
31           80      0.85253
32  80   1
32  81   0
33           81      0.17608
34           81      0.31477
35           81       0.4801
36           81       0.6535
37           81      0.82739
38  81   1
38  82   0
39  82   1
39  83   0
40           83      0.51013
41  83   1
41  84   0
42  84   1
42  85   0
43           85      0.32414
44           85      0.66216
45  85   1
45  86   0
46           86      0.49123
47  86   1
47  87   0
48           87      0.05837
49           87      0.12417
50           87      0.19088
51           87       0.2582
52           87      0.32614
53           87        0.394
54           87       0.4606
55           87      0.52784
56           87      0.59584
57           87      0.66315
58           87      0.73084
59           87      0.79863
60           87      0.86621
61           87      0.93366
62  87   1
62  88   0
63           88      0.24176
64           88      0.49822
65           88      0.74709
66  88   1
66  89   0
67           89      0.08919
68           89      0.19105
69           89      0.29487
70           89      0.39825
71           89      0.50163
72           89       0.5964
73           89      0.69863
74           89      0.80118
75           89      0.90532
76  89   1
76  90   0
77           90      0.47882
78  90   1
78  91   0
79           91      0.05771
80           91      0.12325
81           91      0.18739
82           91      0.25569
83           91      0.32403
84           91      0.39174
85           91      0.45941
86           91      0.52714
87           91      0.59507
88           91      0.66331
89           91      0.73084
90           91      0.79834
91           91      0.86643
92           91      0.93275
93  91   1
93  92   0
94           92      0.26001
95           92      0.51394
96           92      0.74072
97  92   1
97  22   0
98           22      0.25051
99           22      0.49838
100            22       0.74939
101   22    1
101   23    0
102            23       0.06459
103            23        0.1442
104            23       0.22394
105            23       0.30386
106            23       0.38333
107            23        0.4632
108            23       0.54069
109            23       0.62022
110            23       0.69945
111            23        0.7785
112            23       0.85818
113            23       0.93634
114   23    1
114   24    0
115            24       0.50471
116   24    1
116   93    0
117            93       0.01849
118            93         0.038
119            93       0.05757
120            93       0.07655
121            93       0.09631
122            93       0.11605
123            93        0.1358
124            93       0.15546
125            93       0.17493
126            93       0.19408
127            93       0.21341
128            93       0.23311
129            93       0.25276
130            93       0.27251
131            93       0.29222
132            93       0.31188
133            93       0.33156
134            93       0.35113
135            93       0.37072
136            93       0.39043
137            93       0.40984
138            93       0.42922
139            93       0.44891
140            93       0.46861
141            93       0.48699
142            93       0.50641
143            93       0.52448
144            93       0.54326
145            93       0.56232
146            93       0.58139
147            93       0.60072
148            93       0.61998
149            93       0.63839
150            93       0.65788
151            93       0.67656
152            93       0.69409
153            93       0.71189
154            93       0.73048
155            93       0.74893
156            93        0.7681
157            93       0.78736
158            93       0.80446
159            93       0.82307
160            93       0.84253
161            93       0.86064
162            93       0.87594
163            93       0.89505
164            93        0.9145
165            93       0.92702
166            93       0.94246
167            93       0.96176
168            93       0.98025
169   93    1
116   94    0
170            94       0.03042
171            94       0.06497
172            94       0.10304
173            94       0.14074
174            94       0.16393
175            94       0.20122
176            94       0.23221
177            94       0.26951
178            94       0.30762
179            94       0.34531
180            94       0.38108
181            94       0.41335
182            94       0.44465
183            94        0.4826
184            94       0.52076
185            94       0.55913
186            94       0.59606
187            94        0.6347
188            94       0.67121
189            94       0.70738
190            94       0.74192
191            94       0.77929
192            94        0.8168
193            94       0.85511
194            94       0.89338
195            94       0.93169
196            94       0.96876
197   94    1
114   25    0
198            25       0.51718
199   25    1
199   95    0
200            95       0.04555
201            95       0.09046
202            95       0.13384
203            95       0.17844
204            95        0.2239
205            95       0.26796
206            95       0.31213
207            95       0.35381
208            95       0.40011
209            95       0.44002
210            95        0.4862
211            95        0.5319
212            95       0.57477
213            95       0.61868
214            95       0.66457
215            95       0.70833
216            95       0.74956
217            95       0.79525
218            95       0.82661
219            95       0.87104
220            95       0.91336
221            95       0.95697
222   95    1
101   26    0
223            26       0.04395
224            26       0.11385
225            26       0.18533
226            26       0.25575
227            26       0.32382
228            26        0.3949
229            26        0.4632
230            26       0.53415
231            26       0.60353
232            26        0.6659
233            26       0.73388
234            26       0.80361
235            26       0.86417
236            26        0.9288
237   26    1
237   96    0
238            96       0.06107
239            96       0.12075
240            96        0.1814
241            96       0.24207
242            96        0.3029
243            96       0.36388
244            96       0.42461
245            96       0.47955
246            96        0.5344
247            96       0.59139
248            96       0.65129
249            96       0.71313
250            96       0.77341
251            96       0.83405
252            96       0.89203
253            96       0.94915
254   96    1
93  27   0
255            27       0.03658
256            27       0.07587
257            27       0.11495
258            27       0.15377
259            27        0.1911
260            27        0.2302
261            27       0.26891
262            27       0.30756
263            27       0.34475
264            27       0.38314
265            27       0.42249
266            27       0.45561
267            27       0.49436
268            27        0.5335
269            27        0.5728
270            27       0.61174
271            27       0.65043
272            27       0.68887
273            27       0.72824
274            27       0.76772
275            27       0.80692
276            27        0.8438
277            27       0.88264
278            27       0.92175
279            27       0.96103
280   27    1
280   97    0
281            97       0.05189
282            97       0.10398
283            97       0.15535
284            97       0.20709
285            97        0.2585
286            97       0.30904
287            97       0.31449
288            97       0.36627
289            97       0.41826
290            97       0.47022
291            97       0.52227
292            97       0.57383
293            97       0.62468
294            97       0.67502
295            97       0.72701
296            97       0.77834
297            97       0.82953
298            97       0.87829
299            97       0.92175
300            97       0.97299
301   97    1
78  28   0
302            28       0.02441
303            28       0.05299
304            28       0.08122
305            28       0.10866
306            28       0.13636
307            28        0.1583
308            28       0.18511
309            28       0.21324
310            28       0.24166
311            28       0.26935
312            28       0.29774
313            28       0.32621
314            28       0.35457
315            28       0.38292
316            28       0.41125
317            28       0.43962
318            28       0.46642
319            28       0.49483
320            28       0.52334
321            28       0.55038
322            28       0.57744
323            28        0.6041
324            28       0.63237
325            28        0.6576
326            28       0.67726
327            28       0.69734
328            28       0.72542
329            28       0.75359
330            28       0.78115
331            28       0.80884
332            28       0.83706
333            28       0.86515
334            28       0.89318
335            28       0.92079
336            28       0.94902
337            28       0.97617
338   28    1
338   98    0
339            98       0.07991
340            98       0.15882
341            98       0.23918
342            98       0.31398
343            98       0.36206
344            98       0.43815
345            98       0.51481
346            98       0.58611
347            98       0.65431
348            98       0.73233
349            98       0.80755
350            98       0.87024
351            98       0.94842
352   98    1
76  29   0
353            29       0.03101
354            29       0.05739
355            29       0.08531
356            29       0.11487
357            29       0.14301
358            29       0.16174
359            29       0.19036
360            29       0.21846
361            29       0.24707
362            29        0.2766
363            29        0.2917
364            29       0.32097
365            29       0.34914
366            29       0.37862
367            29       0.40785
368            29       0.42694
369            29       0.44907
370            29       0.47857
371            29       0.50786
372            29       0.53531
373            29       0.55933
374            29         0.589
375            29        0.6178
376            29       0.64499
377            29       0.67416
378            29       0.70336
379            29       0.73285
380            29       0.76138
381            29        0.7897
382            29       0.81792
383            29       0.84733
384            29       0.87435
385            29       0.88692
386            29       0.91481
387            29       0.94402
388            29       0.97238
389   29    1
389   99    0
390            99       0.05454
391            99       0.11432
392            99       0.17564
393            99       0.23727
394            99       0.29924
395            99       0.35785
396            99       0.41572
397            99       0.47739
398            99       0.53826
399            99       0.59905
400            99       0.65698
401            99        0.7183
402            99       0.77981
403            99       0.83964
404            99       0.89878
405            99        0.9599
406   99    1
66  30   0
407            30       0.24239
408            30       0.48306
409            30       0.73366
410   30    1
410   31    0
411            31        0.0295
412            31       0.05855
413            31       0.08757
414            31       0.11562
415            31       0.13669
416            31       0.16109
417            31       0.19049
418            31       0.21947
419            31       0.24885
420            31       0.27594
421            31       0.30381
422            31       0.33286
423            31       0.36227
424            31       0.39172
425            31       0.42006
426            31       0.44879
427            31       0.47511
428            31       0.49454
429            31       0.52307
430            31       0.54662
431            31       0.57583
432            31       0.59086
433            31       0.61042
434            31       0.63458
435            31       0.66407
436            31       0.69126
437            31       0.72003
438            31        0.7481
439            31        0.7766
440            31       0.80575
441            31       0.83458
442            31       0.85861
443            31       0.88766
444            31       0.91728
445            31       0.94499
446            31       0.97405
447   31    1
447  100    0
448           100       0.10836
449           100       0.21619
450           100       0.32591
451           100       0.42839
452           100       0.53352
453           100       0.63916
454           100       0.74547
455           100       0.85535
456           100       0.91564
457  100    1
410   32    0
458            32       0.02327
459            32       0.04756
460            32       0.07143
461            32       0.09711
462            32       0.12253
463            32       0.14534
464            32       0.17098
465            32       0.19673
466            32       0.22226
467            32       0.24856
468            32       0.27502
469            32       0.30089
470            32       0.32734
471            32       0.35371
472            32       0.36794
473            32       0.39322
474            32       0.41053
475            32       0.43691
476            32       0.46333
477            32       0.48896
478            32       0.51464
479            32       0.54131
480            32       0.56762
481            32       0.59341
482            32       0.62002
483            32       0.64636
484            32       0.67256
485            32        0.6993
486            32       0.72476
487            32       0.74784
488            32       0.77417
489            32       0.79938
490            32       0.82212
491            32       0.84569
492            32       0.87078
493            32       0.89721
494            32       0.92349
495            32       0.94471
496            32       0.95033
497            32       0.97535
498   32    1
498  101    0
499           101       0.49965
500  101    1
62  33   0
501            33       0.07804
502            33       0.15696
503            33       0.23296
504            33       0.28626
505            33       0.35193
506            33       0.43017
507            33        0.5008
508            33       0.54908
509            33       0.62267
510            33       0.69206
511            33       0.76831
512            33       0.84803
513            33       0.92612
514   33    1
514   34    0
515            34       0.03677
516            34       0.07053
517            34       0.10405
518            34       0.13626
519            34       0.16988
520            34       0.20266
521            34       0.23596
522            34        0.2697
523            34         0.304
524            34        0.3364
525            34       0.35846
526            34       0.39085
527            34       0.42341
528            34       0.45614
529            34       0.48933
530            34       0.51832
531            34        0.5525
532            34       0.58452
533            34       0.61821
534            34       0.65072
535            34       0.68404
536            34       0.71597
537            34       0.74494
538            34       0.77438
539            34       0.80682
540            34       0.83963
541            34       0.87168
542            34       0.90233
543            34       0.93494
544            34        0.9661
545   34    1
545  102    0
546           102       0.09422
547           102       0.17629
548           102       0.26152
549           102       0.35182
550           102       0.43666
551           102        0.5148
552           102       0.59944
553           102        0.6907
554           102       0.78303
555           102       0.84884
556           102       0.92756
557  102    1
514   35    0
558            35       0.05644
559            35       0.10998
560            35       0.16323
561            35       0.21395
562            35       0.26761
563            35       0.31959
564            35       0.37354
565            35       0.42617
566            35       0.47914
567            35       0.53196
568            35       0.58587
569            35       0.63869
570            35       0.68743
571            35       0.74065
572            35       0.79395
573            35        0.8468
574            35       0.89649
575            35       0.94791
576   35    1
47  36   0
577            36       0.06715
578            36       0.14101
579            36       0.20757
580            36       0.28176
581            36       0.35431
582            36       0.42021
583            36       0.49233
584            36       0.56603
585            36       0.64058
586            36       0.71289
587            36       0.78662
588            36       0.85555
589            36       0.92907
590   36    1
590   37    0
591            37       0.02249
592            37       0.03618
593            37       0.05878
594            37       0.08109
595            37       0.10474
596            37       0.12835
597            37       0.15156
598            37       0.17519
599            37       0.19892
600            37       0.22201
601            37       0.24454
602            37       0.25805
603            37       0.28175
604            37        0.3047
605            37       0.32808
606            37       0.35136
607            37        0.3747
608            37       0.39783
609            37       0.42126
610            37       0.44481
611            37       0.46764
612            37       0.49033
613            37       0.51309
614            37       0.53678
615            37       0.55996
616            37       0.58316
617            37       0.60634
618            37       0.62063
619            37       0.64448
620            37       0.66041
621            37       0.68426
622            37       0.69077
623            37       0.71383
624            37       0.73575
625            37       0.75814
626            37       0.78128
627            37       0.80436
628            37       0.82773
629            37       0.85134
630            37       0.87441
631            37       0.89641
632            37       0.91939
633            37        0.9361
634            37        0.9548
635            37       0.97699
636   37    1
636  103    0
637           103       0.20586
638           103       0.41254
639           103       0.61909
640           103       0.82496
641  103    1
590   38    0
642            38       0.02819
643            38       0.06225
644            38       0.09631
645            38       0.13048
646            38       0.16479
647            38       0.19816
648            38       0.23159
649            38       0.26183
650            38       0.29619
651            38       0.33005
652            38       0.36384
653            38       0.39833
654            38       0.43198
655            38       0.46467
656            38       0.49842
657            38       0.53056
658            38       0.56445
659            38        0.5967
660            38       0.63042
661            38       0.66335
662            38       0.69735
663            38       0.73181
664            38       0.76627
665            38       0.80064
666            38       0.83379
667            38       0.86743
668            38       0.89982
669            38       0.93323
670            38       0.96747
671   38    1
45  39   0
672            39       0.04878
673            39       0.09727
674            39       0.15179
675            39       0.20539
676            39       0.25822
677            39       0.31351
678            39       0.36654
679            39       0.42216
680            39       0.47686
681            39       0.53205
682            39        0.5874
683            39       0.64004
684            39       0.69421
685            39       0.74943
686            39       0.80291
687            39       0.85679
688            39       0.91177
689            39       0.96764
690   39    1
42  40   0
691            40       0.02418
692            40       0.03944
693            40       0.06164
694            40       0.08477
695            40       0.10328
696            40       0.12585
697            40       0.14862
698            40       0.17111
699            40       0.19431
700            40       0.21585
701            40       0.23897
702            40       0.26177
703            40       0.28422
704            40       0.30683
705            40       0.33022
706            40       0.35146
707            40       0.37431
708            40       0.39732
709            40       0.41842
710            40       0.43397
711            40        0.4535
712            40       0.47682
713            40       0.49986
714            40       0.52193
715            40       0.54509
716            40        0.5665
717            40       0.58832
718            40       0.60916
719            40       0.63237
720            40       0.65396
721            40       0.67602
722            40       0.69832
723            40       0.71835
724            40       0.74139
725            40       0.76341
726            40       0.78622
727            40        0.8095
728            40       0.82265
729            40        0.8435
730            40        0.8639
731            40       0.88727
732            40       0.91019
733            40       0.93042
734            40       0.95389
735            40       0.97734
736   40    1
41  41   0
737            41       0.03764
738            41       0.08438
739            41       0.12984
740            41        0.1766
741            41       0.22194
742            41       0.26873
743            41       0.31544
744            41       0.36146
745            41       0.40708
746            41       0.45352
747            41       0.50025
748            41       0.54767
749            41       0.59395
750            41       0.63969
751            41        0.6867
752            41       0.73296
753            41       0.77865
754            41       0.82425
755            41       0.86792
756            41       0.91472
757            41       0.95982
758   41    1
39  42   0
759            42        0.0244
760            42       0.04761
761            42       0.07084
762            42       0.09417
763            42       0.11651
764            42       0.13897
765            42       0.16056
766            42       0.18362
767            42        0.2065
768            42       0.22682
769            42       0.24979
770            42       0.27023
771            42       0.29351
772            42        0.3164
773            42       0.33883
774            42       0.36179
775            42       0.38285
776            42       0.40591
777            42       0.42834
778            42       0.45143
779            42       0.47334
780            42       0.49553
781            42       0.51882
782            42       0.53747
783            42        0.5601
784            42       0.58286
785            42        0.6061
786            42       0.62885
787            42       0.65208
788            42       0.67194
789            42        0.6832
790            42       0.70607
791            42       0.72904
792            42       0.75217
793            42       0.77451
794            42       0.79735
795            42       0.82015
796            42         0.843
797            42       0.86607
798            42       0.88859
799            42       0.91143
800            42       0.93478
801            42       0.95646
802            42       0.97841
803   42    1
38  43   0
804            43       0.06695
805            43       0.14486
806            43       0.21914
807            43       0.29725
808            43       0.37648
809            43       0.45311
810            43       0.53201
811            43       0.61083
812            43       0.68842
813            43       0.76683
814            43       0.84466
815            43       0.92347
816   43    1
32  104    0
817           104       0.09303
818           104       0.18535
819           104        0.2766
820           104       0.36838
821           104       0.46007
822           104       0.55152
823           104       0.64326
824           104       0.73412
825           104       0.82605
826           104         0.918
827  104    1
827  105    0
828           105       0.33892
829           105       0.69171
830  105    1
830  106    0
831           106       0.14573
832           106       0.26876
833           106       0.39214
834           106       0.51544
835           106       0.63835
836           106       0.76143
837           106       0.88495
838  106    1
838  107    0
839           107       0.10339
840           107       0.21567
841           107       0.32817
842           107       0.44067
843           107       0.55308
844           107       0.66549
845           107       0.77705
846           107       0.88934
847  107    1
847  108    0
848           108        0.0562
849           108       0.12367
850           108       0.19119
851           108       0.25862
852           108       0.32622
853           108       0.39378
854           108       0.46117
855           108       0.52879
856           108       0.59622
857           108       0.66385
858           108       0.73056
859           108       0.79756
860           108       0.86507
861           108       0.93262
862  108    1
862  109    0
863           109       0.06817
864           109       0.14634
865           109       0.22515
866           109       0.30297
867           109       0.38137
868           109       0.45909
869           109        0.5377
870           109       0.61645
871           109       0.69526
872           109       0.77394
873           109       0.84631
874           109       0.92279
875  109    1
875  110    0
876           110       0.17126
877           110       0.38671
878           110       0.60271
879           110       0.81855
880  110    1
880  111    0
881  111    1
881   44    0
882            44       0.03111
883            44       0.05165
884            44       0.07696
885            44       0.11188
886            44       0.14645
887            44       0.18105
888            44       0.21667
889            44       0.25176
890            44       0.28707
891            44        0.3221
892            44        0.3544
893            44       0.38518
894            44       0.41296
895            44       0.44197
896            44       0.47736
897            44       0.51117
898            44       0.54591
899            44       0.58125
900            44       0.61703
901            44       0.65138
902            44        0.6846
903            44        0.7202
904            44       0.75547
905            44       0.79099
906            44       0.82647
907            44       0.86156
908            44       0.89685
909            44       0.93248
910            44       0.96722
911   44    1
911  112    0
912           112       0.05426
913           112       0.10468
914           112       0.15724
915           112       0.21183
916           112       0.26243
917           112       0.30892
918           112       0.36311
919           112       0.41363
920           112        0.4677
921           112       0.52102
922           112       0.57394
923           112       0.62884
924           112       0.68319
925           112       0.73792
926           112       0.79061
927           112       0.84232
928           112       0.89697
929           112       0.95136
930  112    1
880   45    0
931            45       0.02911
932            45       0.05835
933            45       0.08692
934            45       0.11618
935            45       0.14473
936            45       0.17286
937            45       0.20172
938            45       0.22998
939            45       0.25916
940            45       0.28835
941            45       0.31618
942            45       0.34512
943            45        0.3733
944            45       0.40223
945            45       0.43118
946            45       0.46035
947            45       0.48959
948            45       0.51571
949            45       0.54212
950            45       0.56979
951            45       0.59895
952            45       0.62808
953            45       0.65701
954            45       0.68547
955            45       0.71452
956            45       0.74375
957            45       0.77211
958            45       0.80086
959            45       0.82976
960            45       0.85796
961            45       0.88614
962            45       0.91442
963            45        0.9425
964            45        0.9708
965   45    1
965  113    0
966           113       0.10118
967           113       0.20058
968           113       0.30335
969           113       0.40613
970           113       0.50551
971           113       0.60728
972           113       0.70919
973           113       0.81064
974           113       0.91385
975  113    1
875   46    0
976            46       0.03219
977            46       0.06312
978            46       0.09347
979            46       0.12496
980            46       0.15644
981            46       0.17804
982            46       0.20754
983            46       0.23772
984            46       0.26785
985            46       0.29857
986            46        0.3278
987            46       0.35889
988            46       0.38264
989            46       0.41466
990            46       0.44662
991            46       0.47827
992            46       0.50866
993            46       0.53934
994            46       0.57076
995            46       0.60292
996            46       0.63509
997            46       0.66646
998            46       0.69812
999            46        0.7302
1000             46        0.76096
1001             46        0.79214
1002             46        0.82419
1003             46        0.85555
1004             46        0.88689
1005             46        0.91792
1006             46        0.94389
1007             46        0.97477
1008    46     1
1008   114     0
1009            114        0.08049
1010            114        0.15974
1011            114        0.23142
1012            114        0.30853
1013            114        0.38865
1014            114        0.46987
1015            114        0.54861
1016            114        0.62506
1017            114        0.69648
1018            114        0.77263
1019            114        0.84174
1020            114        0.91919
1021   114     1
862   47    0
1022             47          0.018
1023             47        0.03994
1024             47        0.06174
1025             47        0.08414
1026             47        0.10582
1027             47        0.12666
1028             47        0.14581
1029             47        0.16621
1030             47        0.18831
1031             47        0.20886
1032             47        0.23038
1033             47        0.25135
1034             47        0.27382
1035             47        0.29614
1036             47        0.31832
1037             47         0.3404
1038             47        0.36246
1039             47        0.38464
1040             47        0.40686
1041             47         0.4292
1042             47        0.45115
1043             47         0.4727
1044             47        0.49423
1045             47        0.51597
1046             47        0.53815
1047             47        0.56054
1048             47        0.58294
1049             47         0.6052
1050             47        0.62748
1051             47        0.64994
1052             47        0.67236
1053             47        0.69424
1054             47        0.71648
1055             47        0.73882
1056             47        0.76084
1057             47        0.78325
1058             47        0.80535
1059             47         0.8277
1060             47        0.84821
1061             47        0.87063
1062             47        0.89309
1063             47        0.91328
1064             47        0.93543
1065             47        0.95596
1066             47        0.97817
1067    47     1
847   48    0
1068             48        0.02197
1069             48        0.04788
1070             48        0.07374
1071             48        0.09861
1072             48         0.1237
1073             48        0.14927
1074             48        0.17489
1075             48        0.20051
1076             48        0.22075
1077             48        0.24596
1078             48        0.27186
1079             48        0.29776
1080             48        0.32362
1081             48        0.34948
1082             48        0.37531
1083             48        0.40106
1084             48        0.42658
1085             48        0.45177
1086             48        0.47759
1087             48        0.50279
1088             48        0.52836
1089             48        0.55426
1090             48        0.57987
1091             48        0.60549
1092             48        0.63115
1093             48        0.65685
1094             48         0.6825
1095             48        0.70522
1096             48        0.73112
1097             48        0.75695
1098             48        0.78254
1099             48        0.80816
1100             48        0.83334
1101             48        0.85898
1102             48        0.88469
1103             48        0.91016
1104             48        0.93546
1105             48        0.94846
1106             48        0.97419
1107    48     1
838   49    0
1108             49        0.02434
1109             49        0.05126
1110             49        0.07678
1111             49        0.10315
1112             49        0.13024
1113             49        0.15715
1114             49        0.18342
1115             49        0.21059
1116             49        0.23141
1117             49        0.25781
1118             49        0.28398
1119             49        0.31105
1120             49        0.33816
1121             49        0.36202
1122             49        0.38627
1123             49        0.41367
1124             49        0.44055
1125             49        0.46545
1126             49        0.49144
1127             49        0.51737
1128             49         0.5448
1129             49        0.57152
1130             49        0.58884
1131             49        0.61362
1132             49        0.62968
1133             49        0.65701
1134             49         0.6844
1135             49        0.70902
1136             49        0.73431
1137             49        0.76117
1138             49        0.78827
1139             49        0.81571
1140             49        0.84249
1141             49        0.86932
1142             49        0.89562
1143             49        0.92277
1144             49        0.94978
1145             49        0.97594
1146    49     1
830   50    0
1147    50     1
1147    51     0
1148             51        0.01747
1149             51        0.02158
1150             51        0.03829
1151             51        0.05579
1152             51        0.07538
1153             51        0.09481
1154             51        0.11379
1155             51         0.1327
1156             51        0.15168
1157             51        0.17033
1158             51        0.19006
1159             51        0.20932
1160             51        0.22931
1161             51        0.24867
1162             51         0.2677
1163             51        0.28722
1164             51        0.30684
1165             51        0.32523
1166             51        0.34377
1167             51        0.36236
1168             51        0.38219
1169             51        0.40208
1170             51        0.42063
1171             51        0.43999
1172             51        0.45771
1173             51         0.4726
1174             51        0.49048
1175             51        0.51034
1176             51        0.53013
1177             51        0.54987
1178             51        0.56917
1179             51        0.58115
1180             51        0.59971
1181             51        0.61917
1182             51        0.63804
1183             51         0.6578
1184             51         0.6778
1185             51        0.69731
1186             51        0.71404
1187             51        0.73395
1188             51        0.75366
1189             51        0.77315
1190             51        0.79067
1191             51        0.81038
1192             51        0.82964
1193             51        0.84957
1194             51        0.86567
1195             51        0.88524
1196             51        0.90458
1197             51        0.92367
1198             51        0.94187
1199             51        0.96161
1200             51        0.98066
1201    51     1
1147    52     0
1202             52        0.02607
1203             52        0.04949
1204             52        0.06931
1205             52        0.07623
1206             52        0.09842
1207             52        0.12171
1208             52        0.14562
1209             52        0.16806
1210             52        0.18575
1211             52        0.20901
1212             52        0.23217
1213             52        0.25591
1214             52         0.2793
1215             52        0.30181
1216             52        0.32576
1217             52        0.34961
1218             52        0.37087
1219             52        0.38381
1220             52        0.40721
1221             52        0.43008
1222             52        0.45313
1223             52        0.47714
1224             52        0.49007
1225             52        0.51279
1226             52        0.53603
1227             52        0.55842
1228             52        0.58208
1229             52        0.60613
1230             52         0.6299
1231             52        0.65359
1232             52        0.67771
1233             52        0.70126
1234             52         0.7246
1235             52        0.74721
1236             52        0.76842
1237             52        0.79215
1238             52        0.81568
1239             52        0.83961
1240             52        0.86368
1241             52        0.88769
1242             52        0.91141
1243             52        0.93304
1244             52        0.95609
1245             52        0.97891
1246    52     1
827   53    0
1247    53     1
1247    54     0
1248             54        0.48626
1249    54     1
1249    55     0
1250             55        0.01555
1251             55         0.0272
1252             55        0.04256
1253             55        0.05789
1254             55        0.07321
1255             55        0.08869
1256             55        0.10423
1257             55        0.11659
1258             55        0.13191
1259             55        0.14634
1260             55        0.15085
1261             55        0.16553
1262             55        0.18108
1263             55        0.19663
1264             55        0.21098
1265             55        0.22501
1266             55        0.24025
1267             55        0.25534
1268             55         0.2706
1269             55        0.28563
1270             55        0.30083
1271             55        0.31148
1272             55        0.32613
1273             55        0.34092
1274             55        0.35612
1275             55        0.36793
1276             55        0.38338
1277             55        0.39835
1278             55        0.41392
1279             55        0.42936
1280             55        0.44492
1281             55         0.4601
1282             55        0.47566
1283             55        0.49041
1284             55        0.50501
1285             55        0.52043
1286             55         0.5357
1287             55        0.55123
1288             55        0.56649
1289             55        0.58196
1290             55        0.59691
1291             55        0.61053
1292             55        0.62477
1293             55        0.63949
1294             55        0.65287
1295             55        0.66731
1296             55        0.68194
1297             55        0.69716
1298             55        0.71255
1299             55        0.72809
1300             55        0.74321
1301             55        0.75745
1302             55        0.77298
1303             55        0.78763
1304             55        0.79794
1305             55        0.81066
1306             55        0.82487
1307             55        0.83986
1308             55        0.85393
1309             55        0.86553
1310             55        0.87796
1311             55        0.89308
1312             55        0.90833
1313             55        0.92363
1314             55         0.9391
1315             55        0.95329
1316             55        0.96378
1317             55        0.97936
1318             55         0.9891
1319    55     1
1249    56     0
1320             56        0.03403
1321             56         0.0667
1322             56        0.09847
1323             56        0.12841
1324             56        0.16149
1325             56        0.19422
1326             56        0.22627
1327             56         0.2592
1328             56        0.28915
1329             56        0.32188
1330             56        0.35311
1331             56        0.38587
1332             56         0.4132
1333             56        0.44088
1334             56        0.47384
1335             56        0.50666
1336             56        0.53963
1337             56        0.57294
1338             56        0.60609
1339             56        0.63924
1340             56         0.6707
1341             56        0.70479
1342             56        0.73708
1343             56        0.77114
1344             56          0.805
1345             56        0.83906
1346             56        0.87313
1347             56        0.90073
1348             56        0.93329
1349             56        0.96617
1350    56     1
1247    57     0
1351             57        0.03066
1352             57        0.06313
1353             57        0.09454
1354             57        0.12636
1355             57        0.15648
1356             57        0.18891
1357             57         0.2205
1358             57         0.2523
1359             57        0.28451
1360             57        0.31702
1361             57        0.34894
1362             57        0.38121
1363             57        0.41354
1364             57        0.44614
1365             57        0.47875
1366             57        0.51122
1367             57        0.54379
1368             57        0.57398
1369             57        0.60643
1370             57        0.63879
1371             57         0.6686
1372             57          0.694
1373             57        0.72634
1374             57        0.75827
1375             57        0.78956
1376             57        0.82164
1377             57        0.85335
1378             57        0.88556
1379             57        0.91412
1380             57        0.94526
1381             57        0.97214
1382    57     1
25  58   0
1383             58        0.20379
1384             58        0.40097
1385             58        0.58673
1386             58        0.79128
1387    58     1
1387    59     0
1388             59        0.02025
1389             59        0.03988
1390             59        0.04806
1391             59        0.06483
1392             59        0.08552
1393             59        0.10391
1394             59        0.12435
1395             59        0.14293
1396             59        0.15958
1397             59        0.17895
1398             59        0.19943
1399             59        0.22037
1400             59        0.24125
1401             59        0.26204
1402             59        0.28296
1403             59        0.30335
1404             59          0.324
1405             59        0.34448
1406             59        0.36523
1407             59        0.38581
1408             59        0.40625
1409             59        0.42423
1410             59        0.44213
1411             59        0.46271
1412             59        0.48372
1413             59         0.5048
1414             59        0.52501
1415             59         0.5455
1416             59        0.56541
1417             59        0.57555
1418             59        0.59543
1419             59        0.61545
1420             59        0.63538
1421             59        0.65497
1422             59        0.67277
1423             59         0.6918
1424             59        0.71154
1425             59        0.72431
1426             59        0.74256
1427             59        0.76331
1428             59        0.78201
1429             59        0.80291
1430             59        0.82288
1431             59        0.84391
1432             59        0.86492
1433             59        0.88572
1434             59        0.90649
1435             59         0.9269
1436             59        0.94443
1437             59        0.96521
1438             59        0.98602
1439    59     1
1387    60     0
1440             60        0.03401
1441             60         0.0753
1442             60        0.11622
1443             60        0.15379
1444             60         0.1935
1445             60        0.22623
1446             60        0.25643
1447             60         0.2895
1448             60        0.32141
1449             60        0.36208
1450             60        0.40241
1451             60        0.44192
1452             60        0.48247
1453             60        0.52266
1454             60        0.56253
1455             60        0.60333
1456             60        0.64291
1457             60        0.68282
1458             60         0.7236
1459             60        0.76296
1460             60         0.8014
1461             60        0.84084
1462             60        0.87958
1463             60        0.92126
1464             60        0.96169
1465    60     1
21  61   0
1466             61        0.27466
1467             61        0.52533
1468             61        0.77993
1469    61     1
1469    62     0
1470             62        0.33491
1471             62        0.66469
1472    62     1
1472    63     0
1473             63        0.34279
1474             63        0.67231
1475    63     1
1472    64     0
1476             64        0.48312
1477    64     1
1469    65     0
1478             65        0.15462
1479             65        0.32686
1480             65        0.48503
1481             65        0.65353
1482             65        0.82416
1483    65     1
20  66   0
1484             66        0.15202
1485             66        0.27367
1486             66        0.39408
1487             66         0.5191
1488             66        0.63247
1489             66        0.75975
1490             66        0.88055
1491    66     1
1491    67     0
1492             67        0.08786
1493             67        0.17573
1494             67        0.26834
1495             67        0.36093
1496             67         0.4535
1497             67        0.54641
1498             67        0.63846
1499             67        0.72854
1500             67         0.8194
1501             67        0.91066
1502    67     1
1502    68     0
1503             68        0.01363
1504             68        0.03314
1505             68        0.05231
1506             68        0.07138
1507             68        0.09026
1508             68        0.10988
1509             68        0.12824
1510             68        0.14754
1511             68        0.16644
1512             68        0.18567
1513             68        0.20502
1514             68        0.22445
1515             68        0.23419
1516             68        0.25368
1517             68        0.27242
1518             68        0.29084
1519             68        0.30879
1520             68        0.32568
1521             68        0.34337
1522             68        0.36233
1523             68        0.38131
1524             68        0.39992
1525             68        0.41893
1526             68        0.43778
1527             68        0.45703
1528             68        0.47561
1529             68        0.49522
1530             68        0.51479
1531             68        0.52013
1532             68         0.5394
1533             68        0.55755
1534             68        0.57618
1535             68        0.59173
1536             68        0.61085
1537             68        0.62919
1538             68         0.6483
1539             68        0.66382
1540             68        0.68343
1541             68         0.7014
1542             68        0.72069
1543             68        0.73966
1544             68        0.75771
1545             68        0.77653
1546             68        0.78875
1547             68        0.80423
1548             68        0.82276
1549             68        0.83796
1550             68        0.85014
1551             68        0.86655
1552             68        0.88576
1553             68        0.89979
1554             68        0.91387
1555             68        0.93265
1556             68        0.95156
1557             68         0.9706
1558             68        0.98938
1559    68     1
1502    69     0
1560             69        0.14971
1561             69        0.32382
1562             69        0.49333
1563             69        0.66396
1564             69        0.83398
1565    69     1
1491    70     0
1566             70        0.01906
1567             70        0.03599
1568             70        0.05433
1569             70        0.07292
1570             70        0.09133
1571             70        0.11028
1572             70        0.12841
1573             70        0.14636
1574             70        0.16513
1575             70        0.18334
1576             70         0.2023
1577             70        0.22113
1578             70        0.23942
1579             70        0.25836
1580             70        0.27733
1581             70        0.29567
1582             70        0.31439
1583             70        0.33322
1584             70        0.35006
1585             70        0.36769
1586             70        0.38643
1587             70        0.40553
1588             70        0.42356
1589             70        0.44187
1590             70        0.46034
1591             70         0.4779
1592             70        0.49637
1593             70        0.51552
1594             70        0.53375
1595             70        0.55269
1596             70        0.57148
1597             70        0.58922
1598             70        0.60798
1599             70        0.62553
1600             70        0.64436
1601             70        0.66344
1602             70        0.68208
1603             70        0.70051
1604             70        0.71735
1605             70        0.73513
1606             70        0.75322
1607             70        0.77078
1608             70        0.78974
1609             70        0.80877
1610             70        0.82762
1611             70        0.84611
1612             70        0.86514
1613             70        0.88307
1614             70        0.90045
1615             70        0.91934
1616             70        0.93625
1617             70          0.953
1618             70        0.97112
1619             70        0.98831
1620    70     1
12  71   0
1621             71        0.05878
1622             71        0.11015
1623             71        0.16423
1624             71         0.2167
1625             71        0.26836
1626             71        0.32227
1627             71        0.37772
1628             71        0.43176
1629             71        0.48654
1630             71        0.53975
1631             71        0.59485
1632             71        0.64578
1633             71        0.70078
1634             71         0.7511
1635             71        0.78854
1636             71        0.84267
1637             71        0.89678
1638             71        0.94714
1639    71     1
1639    72     0
1640             72        0.02616
1641             72        0.05179
1642             72        0.07597
1643             72         0.0996
1644             72        0.12526
1645             72        0.15088
1646             72        0.17647
1647             72        0.20144
1648             72        0.22185
1649             72        0.23702
1650             72        0.26202
1651             72        0.28661
1652             72        0.31059
1653             72        0.33546
1654             72        0.36086
1655             72        0.38626
1656             72        0.41087
1657             72        0.43404
1658             72        0.45818
1659             72        0.48158
1660             72        0.50695
1661             72        0.52952
1662             72        0.55342
1663             72        0.57875
1664             72        0.60309
1665             72        0.62821
1666             72         0.6525
1667             72        0.67701
1668             72        0.70212
1669             72        0.72622
1670             72        0.75149
1671             72          0.777
1672             72        0.80156
1673             72        0.82616
1674             72        0.84947
1675             72        0.86662
1676             72        0.89108
1677             72        0.91127
1678             72        0.93682
1679             72        0.95562
1680             72         0.9756
1681    72     1
1639    73     0
1682             73        0.04545
1683             73         0.0968
1684             73        0.14828
1685             73        0.19339
1686             73         0.2354
1687             73        0.28312
1688             73        0.31128
1689             73        0.35687
1690             73        0.40894
1691             73        0.46094
1692             73        0.51323
1693             73        0.56429
1694             73        0.61576
1695             73        0.66416
1696             73        0.71431
1697             73        0.74663
1698             73        0.79828
1699             73         0.8496
1700             73        0.89732
1701             73        0.94814
1702    73     1
12  74   0
1703             74        0.27654
1704             74        0.52001
1705             74        0.75928
1706    74     1
4  2  0
1707              2        0.13052
1708              2        0.22982
1709              2        0.32913
1710              2        0.42844
1711              2        0.52569
1712              2        0.62273
1713              2        0.71825
1714              2        0.80903
1715              2        0.90784
1716     2     1
1716     3     0
1717              3        0.03412
1718              3        0.06518
1719              3        0.09761
1720              3        0.13072
1721              3        0.16458
1722              3        0.19882
1723              3        0.23237
1724              3        0.26572
1725              3        0.29967
1726              3        0.33209
1727              3        0.36579
1728              3        0.39894
1729              3         0.4327
1730              3         0.4663
1731              3        0.50058
1732              3        0.53471
1733              3        0.56876
1734              3        0.60268
1735              3        0.63685
1736              3        0.67054
1737              3          0.704
1738              3        0.73763
1739              3        0.77158
1740              3        0.80522
1741              3        0.83882
1742              3        0.87043
1743              3          0.903
1744              3         0.9356
1745              3        0.96716
1746     3     1
1746     4     0
1747              4        0.02609
1748              4        0.04338
1749              4        0.06658
1750              4        0.09165
1751              4        0.11642
1752              4        0.14112
1753              4        0.16646
1754              4        0.18839
1755              4        0.20937
1756              4        0.23395
1757              4        0.25766
1758              4         0.2833
1759              4        0.30792
1760              4        0.33239
1761              4        0.35777
1762              4        0.38243
1763              4        0.40782
1764              4        0.43306
1765              4        0.45854
1766              4        0.48392
1767              4         0.5081
1768              4        0.53332
1769              4        0.55811
1770              4        0.58326
1771              4        0.60833
1772              4        0.63276
1773              4        0.65756
1774              4        0.68247
1775              4        0.70751
1776              4        0.73286
1777              4        0.75728
1778              4        0.78269
1779              4        0.80802
1780              4        0.83296
1781              4         0.8578
1782              4        0.88109
1783              4        0.90641
1784              4        0.93204
1785              4        0.95739
1786              4        0.98263
1787     4     1
1746     5     0
1788              5        0.02979
1789              5        0.06033
1790              5        0.09067
1791              5        0.12035
1792              5         0.1497
1793              5        0.17982
1794              5         0.2106
1795              5        0.24075
1796              5        0.27081
1797              5        0.30161
1798              5        0.33263
1799              5        0.36355
1800              5        0.39341
1801              5        0.42426
1802              5        0.45456
1803              5        0.48565
1804              5        0.51648
1805              5        0.54729
1806              5        0.57769
1807              5        0.60873
1808              5        0.63963
1809              5        0.67013
1810              5        0.69979
1811              5         0.7305
1812              5        0.76061
1813              5        0.79035
1814              5        0.82032
1815              5        0.85052
1816              5        0.87976
1817              5        0.91075
1818              5        0.93952
1819              5        0.96956
1820     5     1
1716     6     0
1821              6         0.0554
1822              6        0.10393
1823              6        0.15284
1824              6        0.20709
1825              6        0.26006
1826              6        0.31031
1827              6        0.36407
1828              6        0.41822
1829              6          0.467
1830              6          0.521
1831              6         0.5744
1832              6        0.62741
1833              6           0.68
1834              6        0.73269
1835              6        0.78589
1836              6         0.8399
1837              6        0.89294
1838              6        0.94667
1839     6     1
3  7  0
1840              7        0.16904
1841              7        0.33809
1842              7        0.50713
1843              7        0.67058
1844              7         0.8328
1845     7     1
1845     8     0
1846              8         0.3167
1847              8        0.67878
1848     8     1
1848     9     0
1849              9        0.19329
1850              9        0.39317
1851              9        0.59657
1852              9        0.79834
1853     9     1
1853    10     0
1854             10         0.5201
1855    10     1
1855    11     0
1856             11        0.01524
1857             11        0.03019
1858             11        0.04608
1859             11         0.0621
1860             11        0.07718
1861             11        0.09348
1862             11         0.1098
1863             11         0.1258
1864             11        0.14194
1865             11        0.15789
1866             11         0.1739
1867             11        0.18984
1868             11        0.20588
1869             11        0.22217
1870             11        0.23827
1871             11        0.25452
1872             11        0.26948
1873             11        0.28556
1874             11        0.29975
1875             11        0.31609
1876             11        0.33162
1877             11        0.34762
1878             11        0.36328
1879             11        0.37961
1880             11        0.39584
1881             11        0.41175
1882             11        0.42781
1883             11          0.444
1884             11        0.45974
1885             11        0.47378
1886             11        0.48981
1887             11        0.50601
1888             11        0.52159
1889             11        0.53678
1890             11        0.55269
1891             11        0.56874
1892             11        0.58459
1893             11        0.60089
1894             11        0.61644
1895             11        0.62656
1896             11        0.64253
1897             11        0.65825
1898             11        0.67425
1899             11        0.68888
1900             11        0.70334
1901             11        0.71888
1902             11        0.73496
1903             11        0.74986
1904             11        0.76591
1905             11        0.78145
1906             11        0.79644
1907             11        0.81214
1908             11        0.82738
1909             11        0.84246
1910             11        0.85068
1911             11        0.86544
1912             11        0.88119
1913             11        0.89542
1914             11        0.91153
1915             11        0.92708
1916             11        0.94338
1917             11        0.95933
1918             11        0.97355
1919             11        0.98887
1920    11     1
1855    12     0
1921             12        0.01872
1922             12        0.03836
1923             12        0.05777
1924             12        0.07661
1925             12         0.0956
1926             12        0.11515
1927             12        0.13486
1928             12        0.15309
1929             12        0.17232
1930             12        0.19075
1931             12        0.21004
1932             12        0.22798
1933             12         0.2471
1934             12        0.26682
1935             12        0.28648
1936             12        0.30411
1937             12        0.32153
1938             12        0.34047
1939             12        0.36009
1940             12        0.37765
1941             12        0.39325
1942             12        0.40927
1943             12        0.42621
1944             12        0.44463
1945             12         0.4616
1946             12        0.48098
1947             12        0.50008
1948             12        0.51789
1949             12        0.53058
1950             12        0.54978
1951             12        0.56879
1952             12        0.58805
1953             12         0.6076
1954             12        0.62508
1955             12        0.64415
1956             12        0.66326
1957             12        0.68266
1958             12        0.70006
1959             12        0.71975
1960             12         0.7393
1961             12        0.75893
1962             12        0.77852
1963             12        0.79771
1964             12        0.81721
1965             12        0.83431
1966             12        0.85276
1967             12        0.87191
1968             12        0.89068
1969             12        0.90967
1970             12        0.92868
1971             12        0.94554
1972             12        0.96499
1973             12        0.98445
1974    12     1
1853    13     0
1975             13        0.11397
1976             13        0.22837
1977             13        0.34302
1978             13        0.45814
1979             13        0.57167
1980             13        0.68636
1981             13        0.79962
1982             13        0.91389
1983    13     1
1848    14     0
1984             14        0.01563
1985             14        0.03124
1986             14        0.04757
1987             14        0.06371
1988             14        0.07974
1989             14        0.09582
1990             14        0.11194
1991             14        0.12739
1992             14        0.14282
1993             14        0.15924
1994             14        0.17492
1995             14        0.19113
1996             14        0.20742
1997             14        0.22387
1998             14        0.24007
1999             14        0.25492
2000             14        0.27132
2001             14        0.28756
2002             14        0.30393
2003             14        0.32035
2004             14        0.33674
2005             14        0.35274
2006             14        0.36901
2007             14        0.38489
2008             14         0.4013
2009             14        0.41761
2010             14        0.43362
2011             14        0.44977
2012             14        0.46622
2013             14        0.48184
2014             14        0.49803
2015             14        0.51402
2016             14           0.53
2017             14         0.5457
2018             14        0.56176
2019             14         0.5776
2020             14        0.59289
2021             14        0.60907
2022             14        0.62464
2023             14        0.63759
2024             14        0.65318
2025             14        0.66878
2026             14         0.6851
2027             14        0.70134
2028             14         0.7176
2029             14          0.731
2030             14        0.74665
2031             14         0.7623
2032             14         0.7785
2033             14        0.79383
2034             14        0.80995
2035             14        0.82593
2036             14        0.84138
2037             14        0.85722
2038             14        0.87336
2039             14        0.88941
2040             14        0.90571
2041             14        0.91811
2042             14        0.93355
2043             14        0.94999
2044             14        0.96465
2045             14        0.98009
2046             14        0.99239
2047    14     1
1845    15     0
2048             15        0.11102
2049             15        0.25793
2050             15        0.41252
2051             15        0.56163
2052             15        0.71276
2053             15          0.864
2054    15     1
2054    16     0
2055             16        0.17098
2056             16        0.33692
2057             16        0.49933
2058             16         0.6673
2059             16        0.83407
2060    16     1
2060    17     0
2061             17        0.01531
2062             17        0.03159
2063             17         0.0487
2064             17        0.06613
2065             17        0.08361
2066             17        0.10097
2067             17        0.11815
2068             17        0.13526
2069             17        0.15235
2070             17         0.1695
2071             17        0.18683
2072             17        0.20355
2073             17        0.22024
2074             17        0.23769
2075             17         0.2553
2076             17        0.27287
2077             17        0.29044
2078             17        0.30797
2079             17        0.32487
2080             17        0.34158
2081             17        0.35856
2082             17        0.37536
2083             17        0.39268
2084             17        0.40987
2085             17        0.42672
2086             17        0.44417
2087             17        0.46163
2088             17         0.4792
2089             17        0.49573
2090             17        0.51281
2091             17        0.53016
2092             17        0.54654
2093             17        0.56401
2094             17        0.58153
2095             17        0.59871
2096             17        0.61626
2097             17         0.6332
2098             17        0.65025
2099             17        0.66735
2100             17        0.68364
2101             17        0.70096
2102             17        0.71788
2103             17        0.73503
2104             17        0.75255
2105             17        0.77007
2106             17        0.78663
2107             17        0.80367
2108             17        0.82076
2109             17         0.8381
2110             17        0.85519
2111             17        0.87151
2112             17        0.88842
2113             17        0.90484
2114             17          0.917
2115             17        0.93298
2116             17        0.95002
2117             17        0.96724
2118             17        0.98405
2119    17     1
2060    18     0
2120             18        0.15376
2121             18        0.30441
2122             18        0.45074
2123             18        0.60555
2124             18         0.7591
2125             18        0.90611
2126    18     1
2054    19     0
2127             19        0.01736
2128             19        0.03294
2129             19        0.04853
2130             19        0.06406
2131             19        0.07969
2132             19        0.09534
2133             19         0.1108
2134             19        0.12632
2135             19        0.14133
2136             19        0.15644
2137             19        0.17201
2138             19        0.18755
2139             19        0.20152
2140             19         0.2168
2141             19        0.23205
2142             19        0.24714
2143             19        0.26236
2144             19         0.2774
2145             19        0.29275
2146             19         0.3083
2147             19        0.32371
2148             19        0.33912
2149             19        0.35431
2150             19        0.36986
2151             19        0.38476
2152             19        0.39965
2153             19        0.41461
2154             19        0.42976
2155             19        0.44483
2156             19        0.45995
2157             19        0.47485
2158             19        0.49013
2159             19        0.50544
2160             19        0.52057
2161             19        0.53612
2162             19        0.55173
2163             19        0.56719
2164             19         0.5826
2165             19        0.59659
2166             19        0.61108
2167             19        0.62672
2168             19        0.64178
2169             19        0.65731
2170             19        0.67268
2171             19        0.68599
2172             19        0.70126
2173             19        0.71638
2174             19        0.73201
2175             19        0.74758
2176             19         0.7631
2177             19        0.77845
2178             19        0.79337
2179             19        0.80606
2180             19        0.82053
2181             19        0.83536
2182             19        0.85071
2183             19        0.86591
2184             19        0.88138
2185             19        0.89693
2186             19        0.91229
2187             19        0.92752
2188             19        0.94265
2189             19         0.9575
2190             19        0.96897
2191             19        0.98458
2192    19     1
3  20   0
2193             20        0.06582
2194             20        0.10141
2195             20          0.137
2196             20        0.17259
2197             20        0.20701
2198             20        0.24214
2199             20        0.27651
2200             20        0.31086
2201             20        0.34622
2202             20        0.37681
2203             20        0.41178
2204             20        0.44632
2205             20        0.48144
2206             20        0.51504
2207             20        0.54958
2208             20        0.58488
2209             20         0.6198
2210             20        0.65454
2211             20        0.69006
2212             20        0.72369
2213             20        0.75835
2214             20        0.79297
2215             20         0.8274
2216             20         0.8627
2217             20        0.89793
2218             20        0.93112
2219             20        0.96639
2220    20     1
3  21   0
2221             21        0.14115
2222             21        0.22821
2223             21        0.31527
2224             21        0.40233
2225             21         0.4867
2226             21        0.57066
2227             21        0.65668
2228             21         0.7427
2229             21        0.82954
2230             21        0.91548
2231    21     1
3  1  0
2232              1        0.66667
2233     1     1
