0  47   0
1  47   1
1  48   0
2           48      0.06681
3           48      0.12542
4           48      0.21655
5           48       0.3258
6           48      0.44713
7           48      0.55337
8           48      0.66142
9           48      0.75535
10           48      0.85716
11  48   1
11  149    0
12           149       0.09159
13           149       0.17667
14           149       0.26306
15           149       0.36051
16           149       0.45317
17           149       0.53174
18           149       0.59144
19           149        0.6623
20           149       0.72262
21           149       0.78893
22           149       0.85476
23           149       0.91938
24  149    1
24   0   0
25            0      0.00057
26            0      0.01771
27            0      0.06129
28            0       0.1024
29            0        0.151
30            0      0.20292
31            0      0.24633
32            0      0.31728
33            0      0.39311
34            0      0.46912
35            0      0.54583
36            0      0.62101
37            0      0.69165
38            0      0.77616
39            0      0.86804
40            0      0.94257
41   0   1
41   1   0
42            1      0.08995
43            1       0.1653
44            1      0.19553
45            1      0.22808
46            1      0.27379
47            1      0.32971
48            1      0.37801
49            1      0.44872
50            1      0.52619
51            1      0.59065
52            1      0.67266
53            1      0.76229
54            1      0.84378
55            1      0.93014
56   1   1
56   2   0
57            2      0.14772
58            2      0.34383
59            2      0.57398
60            2      0.75878
61            2      0.88003
62   2   1
62   3   0
63            3      0.04809
64            3      0.09445
65            3      0.13112
66            3      0.16769
67            3      0.21069
68            3      0.24816
69            3      0.27779
70            3      0.30736
71            3      0.33538
72            3      0.36875
73            3      0.40046
74            3      0.42965
75            3      0.47085
76            3      0.51717
77            3      0.56732
78            3      0.61644
79            3      0.66308
80            3      0.70391
81            3      0.73636
82            3      0.76874
83            3      0.80343
84            3      0.83237
85            3      0.87286
86            3      0.90467
87            3      0.94163
88            3        0.975
89            3      0.99684
90   3   1
90   4   0
91            4      0.62864
92   4   1
92   5   0
93            5      0.11065
94            5      0.25375
95            5      0.39063
96            5      0.50254
97            5      0.57918
98            5      0.67309
99            5      0.75884
100             5       0.84019
101             5       0.93102
102    5    1
102    6    0
103             6       0.54206
104    6    1
104    7    0
105             7       0.56419
106    7    1
106    8    0
107             8       0.04105
108             8       0.07768
109             8       0.10099
110             8       0.13707
111             8       0.17838
112             8       0.22132
113             8       0.27405
114             8       0.31915
115             8        0.3727
116             8       0.41588
117             8       0.46641
118             8       0.50304
119             8       0.53601
120             8        0.5685
121             8       0.60738
122             8       0.64324
123             8        0.6779
124             8        0.7235
125             8       0.77561
126             8       0.83285
127             8        0.8797
128             8       0.94268
129    8    1
129    9    0
130             9       0.16219
131             9       0.25586
132             9       0.39459
133             9       0.64055
134             9       0.82897
135    9    1
135   10    0
136            10       0.06409
137            10       0.11475
138            10       0.16203
139            10       0.20636
140            10       0.24057
141            10       0.26323
142            10       0.29982
143            10       0.34093
144            10       0.37826
145            10       0.42074
146            10       0.47121
147            10       0.52377
148            10       0.57183
149            10       0.62499
150            10       0.68637
151            10       0.74102
152            10       0.78939
153            10       0.82706
154            10       0.86618
155            10       0.90072
156            10       0.92492
157            10        0.9642
158   10    1
135   11    0
159            11       0.04203
160            11       0.06825
161            11       0.08743
162            11       0.12159
163            11       0.14987
164            11       0.18562
165            11       0.23865
166            11       0.29364
167            11       0.34185
168            11       0.38975
169            11       0.42818
170            11        0.4696
171            11       0.49377
172            11       0.54731
173            11       0.60208
174            11       0.64544
175            11       0.70703
176            11       0.76756
177            11       0.82254
178            11       0.86893
179            11       0.91232
180            11       0.95082
181   11    1
129   12    0
182            12       0.06047
183            12        0.1109
184            12       0.15415
185            12       0.20392
186            12        0.2493
187            12       0.29472
188            12       0.34373
189            12         0.367
190            12        0.4321
191            12       0.50043
192            12       0.56538
193            12       0.61874
194            12        0.6781
195            12       0.73868
196            12       0.80875
197            12       0.85657
198            12       0.90004
199            12       0.95564
200   12    1
106   13    0
201            13       0.06466
202            13       0.09208
203            13       0.11186
204            13       0.14151
205            13       0.16532
206            13       0.19538
207            13       0.23323
208            13       0.28604
209            13       0.34848
210            13       0.40713
211            13       0.45425
212            13        0.4975
213            13       0.54712
214            13       0.58849
215            13       0.62182
216            13       0.65394
217            13       0.70223
218            13       0.74525
219            13       0.78032
220            13       0.82021
221            13       0.85574
222            13       0.88274
223            13        0.9104
224            13       0.94287
225            13       0.96868
226   13    1
104   14    0
227            14       0.02726
228            14       0.05371
229            14       0.07198
230            14       0.09048
231            14       0.12224
232            14        0.1605
233            14       0.20007
234            14       0.23244
235            14       0.26539
236            14       0.29593
237            14        0.3128
238            14       0.32191
239            14       0.33443
240            14       0.35125
241            14       0.37098
242            14       0.40467
243            14       0.43414
244            14       0.46311
245            14       0.48979
246            14       0.51712
247            14       0.54583
248            14       0.57471
249            14       0.60095
250            14       0.62181
251            14       0.64612
252            14        0.6682
253            14       0.69537
254            14       0.72614
255            14       0.74939
256            14       0.78126
257            14       0.81214
258            14       0.83448
259            14        0.8509
260            14       0.87375
261            14       0.89945
262            14       0.92264
263            14       0.94691
264            14       0.97215
265   14    1
102   15    0
266            15       0.14689
267            15       0.22407
268            15       0.26386
269            15       0.30636
270            15         0.343
271            15       0.34387
272            15       0.39627
273            15       0.43062
274            15       0.48286
275            15       0.51507
276            15       0.57188
277            15       0.64037
278            15       0.72994
279            15       0.82631
280            15       0.91267
281   15    1
92  16   0
282            16       0.02294
283            16       0.04257
284            16       0.07265
285            16       0.11066
286            16       0.13998
287            16       0.15844
288            16        0.1807
289            16       0.19492
290            16       0.20876
291            16       0.22834
292            16       0.24719
293            16       0.27545
294            16       0.30068
295            16       0.32403
296            16        0.3532
297            16       0.37874
298            16       0.40312
299            16       0.42608
300            16       0.44424
301            16       0.46774
302            16       0.49872
303            16       0.52109
304            16       0.54207
305            16       0.55899
306            16       0.58325
307            16       0.61467
308            16       0.63744
309            16        0.6575
310            16       0.68175
311            16       0.70442
312            16       0.71746
313            16       0.73623
314            16       0.75684
315            16       0.77211
316            16       0.79075
317            16       0.81053
318            16       0.83258
319            16        0.8476
320            16       0.86887
321            16       0.88699
322            16       0.91414
323            16       0.93602
324            16        0.9552
325            16       0.97658
326   16    1
326   17    0
327            17       0.08308
328            17       0.17524
329            17       0.25258
330            17       0.32647
331            17       0.38668
332            17       0.43508
333            17         0.462
334            17       0.51329
335            17       0.55529
336            17        0.6264
337            17       0.66596
338            17       0.71268
339            17       0.73695
340            17       0.77302
341            17         0.826
342            17       0.88772
343            17       0.93538
344   17    1
326   18    0
345            18       0.08879
346            18       0.14914
347            18       0.21746
348            18       0.29152
349            18       0.37008
350            18       0.44867
351            18       0.52157
352            18       0.58336
353            18       0.62622
354            18       0.67029
355            18       0.69644
356            18       0.73615
357            18       0.77451
358            18       0.81983
359            18       0.88078
360            18       0.94746
361   18    1
90  19   0
362            19       0.06988
363            19       0.12605
364            19       0.15815
365            19       0.19703
366            19       0.22996
367            19       0.26316
368            19       0.29311
369            19       0.32274
370            19       0.35248
371            19       0.40149
372            19       0.44541
373            19       0.47621
374            19       0.50906
375            19       0.55293
376            19        0.5928
377            19        0.6424
378            19       0.70074
379            19       0.75322
380            19       0.80528
381            19       0.86103
382            19       0.92186
383            19       0.96457
384   19    1
62  20   0
385            20       0.02713
386            20       0.03208
387            20       0.05047
388            20       0.06151
389            20       0.08261
390            20       0.10561
391            20         0.131
392            20       0.15434
393            20       0.18239
394            20        0.2116
395            20       0.23176
396            20       0.25312
397            20       0.27917
398            20       0.29447
399            20        0.3052
400            20       0.32665
401            20         0.348
402            20       0.36883
403            20       0.39865
404            20        0.4332
405            20        0.4683
406            20        0.4946
407            20       0.52692
408            20       0.55195
409            20        0.5696
410            20       0.59435
411            20       0.61998
412            20       0.64732
413            20       0.66673
414            20        0.6898
415            20       0.71351
416            20       0.73621
417            20       0.75269
418            20       0.76918
419            20       0.79042
420            20       0.80594
421            20       0.82925
422            20       0.85202
423            20       0.88207
424            20       0.91128
425            20       0.93823
426            20       0.95899
427            20       0.97799
428   20    1
428   21    0
429            21        0.0411
430            21       0.08307
431            21       0.11585
432            21       0.13524
433            21        0.1672
434            21       0.18833
435            21       0.21393
436            21       0.23951
437            21       0.25406
438            21       0.27982
439            21       0.30497
440            21       0.31751
441            21       0.33701
442            21       0.35396
443            21       0.36505
444            21         0.385
445            21       0.40162
446            21        0.4237
447            21        0.4624
448            21       0.50251
449            21       0.54473
450            21       0.58922
451            21       0.62499
452            21       0.65873
453            21       0.69041
454            21       0.71589
455            21       0.74264
456            21       0.76806
457            21       0.80533
458            21       0.84863
459            21       0.87852
460            21       0.91074
461            21       0.94441
462            21       0.97168
463   21    1
428   22    0
464            22       0.07522
465            22       0.18476
466            22       0.26104
467            22       0.33066
468            22       0.42035
469            22       0.51459
470            22       0.61936
471            22       0.71933
472            22       0.82238
473            22       0.90711
474   22    1
56  23   0
475            23       0.07667
476            23       0.15727
477            23       0.20873
478            23       0.27684
479            23       0.34195
480            23        0.4334
481            23       0.53211
482            23       0.62705
483            23       0.71913
484            23       0.80826
485            23        0.8919
486            23        0.9533
487   23    1
41  24   0
488   24    1
488   25    0
489            25       0.04583
490            25       0.07646
491            25       0.10985
492            25       0.14418
493            25       0.18705
494            25       0.23291
495            25       0.28927
496            25       0.34186
497            25       0.39478
498            25       0.44035
499            25       0.49051
500            25       0.53669
501            25       0.57599
502            25       0.61974
503            25       0.67932
504            25       0.73951
505            25       0.80527
506            25        0.8581
507            25       0.90601
508            25       0.94306
509            25       0.96703
510            25       0.98435
511            25       0.98492
512   25    1
512   26    0
513   26    1
513   27    0
514            27       0.02481
515            27        0.0547
516            27       0.08209
517            27        0.1037
518            27        0.1218
519            27       0.13797
520            27       0.15225
521            27       0.16337
522            27       0.17962
523            27       0.18921
524            27       0.20124
525            27       0.21086
526            27       0.22226
527            27       0.23449
528            27        0.2522
529            27       0.26947
530            27       0.28775
531            27       0.30511
532            27       0.32263
533            27       0.34481
534            27        0.3645
535            27       0.38399
536            27       0.40525
537            27       0.42771
538            27       0.45492
539            27       0.48226
540            27       0.50854
541            27       0.53223
542            27       0.55002
543            27       0.56233
544            27       0.57837
545            27       0.59134
546            27       0.60435
547            27        0.6234
548            27       0.64413
549            27       0.66502
550            27       0.68754
551            27       0.70978
552            27       0.72859
553            27       0.74579
554            27       0.75088
555            27       0.76115
556            27       0.77634
557            27       0.79168
558            27       0.80745
559            27       0.82447
560            27       0.84466
561            27       0.86126
562            27       0.87836
563            27       0.89797
564            27       0.91484
565            27       0.93329
566            27       0.94983
567            27       0.96677
568            27       0.98294
569   27    1
569   28    0
570            28        0.0433
571            28       0.08002
572            28       0.11341
573            28       0.14676
574            28       0.18872
575            28       0.22057
576            28       0.23977
577            28       0.25461
578            28       0.29058
579            28       0.34031
580            28       0.38394
581            28       0.43469
582            28       0.48612
583            28       0.54336
584            28        0.5985
585            28       0.64533
586            28       0.68732
587            28        0.7209
588            28       0.74576
589            28       0.77377
590            28       0.81254
591            28       0.84455
592            28       0.87313
593            28       0.91257
594            28       0.95263
595   28    1
569   29    0
596            29        0.1158
597            29       0.21691
598            29       0.30034
599            29       0.33592
600            29       0.42434
601            29       0.49409
602            29       0.56555
603            29       0.62587
604            29        0.6958
605            29         0.762
606            29       0.84162
607            29        0.9145
608   29    1
513   30    0
609            30       0.06463
610            30         0.118
611            30       0.18243
612            30       0.24307
613            30       0.29107
614            30       0.33568
615            30       0.38173
616            30       0.40627
617            30       0.43048
618            30        0.4576
619            30       0.49708
620            30       0.53787
621            30       0.59363
622            30       0.64216
623            30       0.68867
624            30       0.72474
625            30       0.75577
626            30       0.78545
627            30       0.82972
628            30       0.87379
629            30       0.91005
630            30       0.94851
631   30    1
512   31    0
632            31       0.07709
633            31       0.13817
634            31        0.2154
635            31       0.28945
636            31        0.3552
637            31       0.42976
638            31       0.51491
639            31       0.60589
640            31       0.70372
641            31       0.79507
642            31       0.87646
643            31       0.94002
644   31    1
488   32    0
645            32       0.13977
646            32       0.22886
647            32       0.32631
648            32       0.39095
649            32       0.48827
650            32       0.54747
651            32       0.59144
652            32       0.64921
653            32       0.72097
654            32       0.79169
655            32       0.86079
656            32       0.92146
657   32    1
24  150    0
658           150       0.04537
659           150       0.07124
660           150        0.1023
661           150       0.13207
662           150       0.19685
663           150       0.23359
664           150       0.27944
665           150       0.32678
666           150       0.36582
667           150       0.41656
668           150       0.47065
669           150       0.52651
670           150       0.58007
671           150       0.63792
672           150       0.69491
673           150       0.73381
674           150        0.7913
675           150       0.84038
676           150       0.86496
677           150       0.90787
678           150       0.94713
679  150    1
679  151    0
680           151       0.23168
681           151       0.41702
682           151       0.58867
683           151       0.71382
684           151       0.85689
685           151       0.95332
686  151    1
686  152    0
687           152       0.10268
688           152       0.26933
689           152       0.45349
690           152       0.62085
691           152       0.79374
692  152    1
692  153    0
693           153       0.09078
694           153       0.17475
695           153       0.21041
696           153       0.28401
697           153       0.36142
698           153        0.4605
699           153       0.57085
700           153       0.71555
701           153       0.86204
702  153    1
702  154    0
703           154       0.15392
704           154       0.31802
705           154       0.48888
706           154       0.63254
707           154       0.73266
708           154       0.80642
709           154        0.8682
710           154       0.90929
711  154    1
711  155    0
712           155       0.12646
713           155       0.24299
714           155       0.42177
715           155       0.60975
716           155       0.81002
717  155    1
717  156    0
718           156       0.32712
719           156       0.59791
720  156    1
720  157    0
721           157       0.05823
722           157       0.13919
723           157       0.14034
724           157       0.22454
725           157       0.53078
726           157       0.79194
727  157    1
727  158    0
728           158       0.03496
729           158       0.11335
730           158       0.20495
731           158       0.29765
732           158       0.41094
733           158       0.56047
734           158       0.71311
735           158       0.89884
736  158    1
736  159    0
737           159       0.01402
738           159       0.03246
739           159       0.04853
740           159       0.07152
741           159        0.0917
742           159       0.10472
743           159        0.1257
744           159        0.1436
745           159       0.16128
746           159       0.19032
747           159       0.21742
748           159       0.24566
749           159       0.26981
750           159       0.29023
751           159       0.31599
752           159       0.34109
753           159       0.36568
754           159        0.3846
755           159       0.39765
756           159        0.4124
757           159        0.4308
758           159       0.44009
759           159       0.45625
760           159        0.4729
761           159       0.49274
762           159       0.51104
763           159       0.53448
764           159       0.56113
765           159       0.59131
766           159       0.61608
767           159       0.64442
768           159       0.67068
769           159        0.6966
770           159       0.71605
771           159       0.73986
772           159       0.75502
773           159       0.76911
774           159       0.77988
775           159       0.79438
776           159       0.81083
777           159       0.82686
778           159       0.84758
779           159       0.86438
780           159       0.88364
781           159        0.9081
782           159       0.93211
783           159       0.95789
784           159       0.98097
785  159    1
736  160    0
786           160       0.12146
787           160        0.1698
788           160       0.24313
789           160        0.3068
790           160       0.37614
791           160       0.43514
792           160       0.51754
793           160       0.60126
794           160       0.66161
795           160       0.71937
796           160       0.78867
797           160       0.85746
798           160       0.92816
799  160    1
727   33    0
800            33       0.10725
801            33       0.13947
802            33       0.17031
803            33       0.24371
804            33       0.31518
805            33       0.39377
806            33       0.47054
807            33        0.5473
808            33        0.6277
809            33       0.69517
810            33       0.75286
811            33       0.80236
812            33       0.86001
813            33       0.93257
814   33    1
720   34    0
815            34       0.05941
816            34       0.14464
817            34       0.23798
818            34       0.33695
819            34       0.45822
820            34       0.52742
821            34       0.62324
822            34       0.72079
823            34       0.80085
824            34       0.86475
825            34        0.9404
826   34    1
826   35    0
827            35       0.02815
828            35       0.05276
829            35       0.07671
830            35       0.10781
831            35       0.13743
832            35       0.16188
833            35       0.19442
834            35       0.23206
835            35       0.26981
836            35        0.3048
837            35       0.33729
838            35       0.36359
839            35       0.37992
840            35        0.3936
841            35       0.41131
842            35       0.43193
843            35       0.45166
844            35       0.47805
845            35       0.49973
846            35       0.53275
847            35       0.56851
848            35       0.60083
849            35       0.63221
850            35        0.6555
851            35       0.68281
852            35       0.70542
853            35       0.72738
854            35       0.74989
855            35       0.76853
856            35       0.79393
857            35       0.81381
858            35       0.84004
859            35       0.86661
860            35       0.89361
861            35       0.91808
862            35       0.95031
863            35       0.97193
864   35    1
826   36    0
865            36       0.13362
866            36       0.19013
867            36       0.26402
868            36       0.35026
869            36        0.4315
870            36       0.51516
871            36       0.57776
872            36       0.65091
873            36       0.71594
874            36       0.78048
875            36        0.8478
876            36        0.9302
877   36    1
717   37    0
878            37       0.01589
879            37       0.04595
880            37       0.09405
881            37       0.14913
882            37       0.19205
883            37       0.22716
884            37       0.26344
885            37       0.29945
886            37       0.33587
887            37       0.36985
888            37       0.41202
889            37       0.46034
890            37       0.52076
891            37       0.58209
892            37       0.64954
893            37       0.71329
894            37       0.78188
895            37       0.83636
896            37       0.88259
897            37       0.91434
898            37       0.94438
899            37       0.97186
900   37    1
711   38    0
901            38       0.00927
902            38        0.0417
903            38       0.08293
904            38       0.11548
905            38       0.15433
906            38       0.19016
907            38       0.21779
908            38       0.24828
909            38       0.26671
910            38       0.29798
911            38       0.32758
912            38       0.35866
913            38       0.39324
914            38       0.43033
915            38       0.47898
916            38       0.52087
917            38       0.55654
918            38       0.59213
919            38       0.61994
920            38       0.65174
921            38       0.67796
922            38       0.70196
923            38       0.73344
924            38        0.7653
925            38       0.80398
926            38       0.82788
927            38       0.86463
928            38       0.90082
929            38       0.93382
930            38       0.96571
931   38    1
702   39    0
932            39       0.05862
933            39       0.14712
934            39       0.23456
935            39       0.34015
936            39       0.45212
937            39       0.53703
938            39       0.60593
939            39       0.68769
940            39       0.77544
941            39       0.84599
942            39       0.93199
943   39    1
943   40    0
944            40       0.09248
945            40       0.17626
946            40       0.25625
947            40       0.30536
948            40       0.36533
949            40        0.4113
950            40       0.45369
951            40       0.48768
952            40        0.5293
953            40       0.58809
954            40       0.62621
955            40         0.689
956            40       0.75904
957            40       0.83539
958            40        0.9164
959   40    1
943   41    0
960            41       0.09688
961            41       0.17206
962            41       0.26695
963            41       0.35452
964            41       0.47351
965            41       0.59448
966            41       0.69528
967            41       0.75975
968            41       0.83776
969            41       0.91536
970   41    1
692   42    0
971            42       0.03239
972            42       0.06228
973            42        0.0952
974            42       0.12256
975            42       0.14617
976            42        0.1688
977            42       0.19442
978            42       0.21922
979            42        0.2465
980            42       0.27378
981            42       0.30589
982            42       0.33776
983            42       0.36859
984            42       0.39153
985            42       0.41158
986            42       0.43512
987            42       0.45906
988            42       0.47093
989            42       0.49326
990            42       0.51732
991            42       0.54647
992            42       0.57425
993            42       0.59937
994            42       0.61958
995            42       0.63633
996            42       0.65681
997            42       0.67414
998            42       0.69711
999            42       0.72255
1000             42        0.75643
1001             42          0.793
1002             42        0.82391
1003             42        0.85288
1004             42        0.88274
1005             42        0.90153
1006             42        0.92818
1007             42        0.94973
1008             42        0.97249
1009    42     1
686   43    0
1010             43         0.0479
1011             43        0.09865
1012             43        0.15926
1013             43        0.20605
1014             43        0.25204
1015             43        0.29609
1016             43        0.33652
1017             43        0.36981
1018             43        0.39705
1019             43         0.4121
1020             43         0.4337
1021             43        0.45424
1022             43        0.46505
1023             43        0.47567
1024             43        0.49265
1025             43        0.52242
1026             43         0.5566
1027             43        0.58858
1028             43        0.61649
1029             43         0.6526
1030             43         0.6817
1031             43        0.70588
1032             43        0.73354
1033             43        0.76119
1034             43        0.78554
1035             43        0.80654
1036             43        0.83286
1037             43        0.86178
1038             43        0.89379
1039             43        0.92285
1040             43        0.95942
1041    43     1
679   44    0
1042    44     1
1042    45     0
1043             45        0.01827
1044             45        0.03145
1045             45        0.04631
1046             45         0.0596
1047             45         0.0807
1048             45        0.09868
1049             45        0.11293
1050             45        0.13031
1051             45        0.14909
1052             45        0.17366
1053             45        0.20002
1054             45        0.22479
1055             45        0.24992
1056             45        0.26975
1057             45        0.29154
1058             45        0.30987
1059             45        0.32433
1060             45        0.34135
1061             45        0.35685
1062             45        0.35989
1063             45        0.37066
1064             45        0.38704
1065             45        0.40621
1066             45        0.42923
1067             45        0.45271
1068             45        0.48095
1069             45         0.5069
1070             45        0.52522
1071             45        0.55076
1072             45        0.57645
1073             45        0.59952
1074             45        0.62538
1075             45        0.65318
1076             45        0.67957
1077             45        0.70028
1078             45        0.72057
1079             45        0.74134
1080             45        0.75215
1081             45        0.76816
1082             45         0.7933
1083             45         0.8168
1084             45        0.84142
1085             45        0.86672
1086             45        0.88231
1087             45        0.89688
1088             45        0.90861
1089             45         0.9196
1090             45        0.93261
1091             45        0.95264
1092             45        0.97197
1093    45     1
1042    46     0
1094             46        0.03561
1095             46        0.08335
1096             46        0.10709
1097             46        0.14315
1098             46        0.17243
1099             46        0.20466
1100             46        0.24901
1101             46        0.29182
1102             46        0.33159
1103             46        0.37364
1104             46        0.41185
1105             46        0.45077
1106             46        0.47345
1107             46        0.49743
1108             46        0.53133
1109             46        0.57133
1110             46        0.62436
1111             46        0.67913
1112             46        0.73079
1113             46        0.77557
1114             46         0.8245
1115             46        0.85914
1116             46        0.89424
1117             46        0.92634
1118             46        0.95795
1119    46     1
1  49   0
1120             49         0.1262
1121             49         0.2297
1122             49        0.34332
1123             49        0.43148
1124             49        0.51557
1125             49        0.61161
1126             49        0.72712
1127             49        0.84903
1128    49     1
1128    50     0
1129             50        0.09152
1130             50        0.18807
1131             50        0.29906
1132             50        0.38793
1133             50        0.48826
1134             50        0.58056
1135             50        0.67791
1136             50        0.78684
1137             50        0.90544
1138    50     1
1138    51     0
1139             51        0.51768
1140    51     1
1140    52     0
1141    52     1
1141    53     0
1142             53        0.05823
1143             53        0.12886
1144             53        0.20798
1145             53        0.29158
1146             53        0.36375
1147             53        0.43813
1148             53        0.50572
1149             53        0.54193
1150             53        0.59097
1151             53        0.64306
1152             53        0.69057
1153             53         0.7483
1154             53        0.81919
1155             53        0.88685
1156             53        0.94355
1157    53     1
1157    54     0
1158             54        0.17412
1159             54        0.31695
1160             54        0.49452
1161             54        0.64894
1162             54        0.79906
1163             54        0.89915
1164             54        0.92718
1165    54     1
1165    55     0
1166             55        0.31696
1167             55        0.55717
1168             55        0.76535
1169    55     1
1169    56     0
1170             56        0.14126
1171             56        0.31107
1172             56        0.45427
1173             56        0.60762
1174             56        0.82956
1175    56     1
1175    57     0
1176             57        0.06416
1177             57        0.13601
1178             57        0.20701
1179             57        0.27173
1180             57        0.34086
1181             57        0.40802
1182             57        0.49441
1183             57        0.59191
1184             57        0.67028
1185             57        0.75764
1186             57        0.82851
1187             57        0.89922
1188             57        0.95866
1189    57     1
1189    58     0
1190             58        0.04706
1191             58        0.14217
1192             58        0.27676
1193             58        0.40196
1194             58        0.55404
1195             58        0.72261
1196             58        0.85287
1197    58     1
1197    59     0
1198             59        0.13366
1199             59         0.2955
1200             59        0.43239
1201             59        0.59333
1202             59        0.70359
1203             59        0.81814
1204             59        0.88622
1205             59         0.9619
1206    59     1
1206    60     0
1207             60        0.05428
1208             60        0.11355
1209             60        0.16171
1210             60        0.21898
1211             60        0.27625
1212             60        0.31913
1213             60        0.35263
1214             60        0.39773
1215             60        0.42185
1216             60        0.47503
1217             60        0.53164
1218             60        0.57784
1219             60        0.63879
1220             60        0.68935
1221             60        0.74389
1222             60         0.7998
1223             60        0.85226
1224             60        0.89214
1225             60        0.94137
1226    60     1
1206    61     0
1227             61        0.14214
1228             61        0.14252
1229             61        0.20637
1230             61        0.27173
1231             61        0.34185
1232             61        0.41691
1233             61        0.48425
1234             61        0.57238
1235             61        0.63843
1236             61        0.70388
1237             61        0.78049
1238             61        0.85644
1239             61        0.92403
1240    61     1
1197    62     0
1241             62        0.09408
1242             62        0.15393
1243             62        0.20307
1244             62        0.25988
1245             62        0.31377
1246             62        0.36996
1247             62        0.41349
1248             62        0.46666
1249             62          0.527
1250             62        0.58456
1251             62        0.62104
1252             62        0.65696
1253             62        0.70475
1254             62         0.7592
1255             62        0.79962
1256             62        0.84076
1257             62        0.88854
1258             62        0.94459
1259    62     1
1189    63     0
1260             63        0.05483
1261             63        0.08351
1262             63        0.11348
1263             63        0.13649
1264             63        0.15517
1265             63        0.17546
1266             63        0.20093
1267             63        0.22474
1268             63        0.25126
1269             63          0.273
1270             63        0.30159
1271             63        0.33223
1272             63        0.35753
1273             63        0.38002
1274             63        0.40831
1275             63        0.43906
1276             63        0.47361
1277             63         0.5145
1278             63        0.54273
1279             63        0.57285
1280             63        0.60379
1281             63         0.6258
1282             63         0.6503
1283             63        0.67289
1284             63        0.69184
1285             63        0.70674
1286             63        0.72658
1287             63        0.75641
1288             63        0.78739
1289             63        0.82315
1290             63        0.85086
1291             63        0.88019
1292             63        0.90745
1293             63        0.93717
1294             63        0.96745
1295    63     1
1175    64     0
1296             64        0.01346
1297             64         0.0327
1298             64        0.05382
1299             64        0.07642
1300             64        0.10384
1301             64        0.12665
1302             64        0.14467
1303             64        0.16576
1304             64        0.17648
1305             64        0.19095
1306             64        0.21015
1307             64        0.22616
1308             64        0.25016
1309             64        0.27234
1310             64        0.29684
1311             64        0.32269
1312             64        0.34145
1313             64        0.36167
1314             64        0.37941
1315             64        0.39431
1316             64        0.41033
1317             64        0.42571
1318             64        0.43756
1319             64        0.45328
1320             64        0.47466
1321             64        0.49271
1322             64        0.51564
1323             64        0.53491
1324             64        0.55374
1325             64        0.57279
1326             64         0.5916
1327             64        0.60894
1328             64        0.62945
1329             64        0.64889
1330             64        0.67316
1331             64        0.69272
1332             64        0.70932
1333             64        0.72683
1334             64        0.74331
1335             64        0.75815
1336             64         0.7689
1337             64        0.78243
1338             64        0.80431
1339             64        0.82604
1340             64        0.84603
1341             64        0.86936
1342             64        0.88882
1343             64        0.91194
1344             64        0.92661
1345             64        0.94297
1346             64        0.94773
1347             64        0.96247
1348             64        0.98245
1349    64     1
1169    65     0
1350             65        0.08351
1351             65        0.17356
1352             65        0.23369
1353             65        0.30482
1354             65        0.41413
1355             65        0.53145
1356             65         0.5923
1357             65        0.68458
1358             65        0.79039
1359             65        0.87977
1360             65        0.94395
1361    65     1
1361    66     0
1362             66        0.08184
1363             66        0.17216
1364             66        0.24336
1365             66        0.32238
1366             66        0.38238
1367             66         0.4462
1368             66        0.50546
1369             66        0.59387
1370             66        0.68076
1371             66        0.77999
1372             66        0.89486
1373    66     1
1373    67     0
1374             67        0.06077
1375             67        0.12532
1376             67        0.18457
1377             67        0.22501
1378             67        0.25112
1379             67        0.29827
1380             67        0.35762
1381             67        0.42439
1382             67        0.47995
1383             67        0.53061
1384             67        0.59361
1385             67        0.66345
1386             67        0.71995
1387             67          0.776
1388             67          0.824
1389             67        0.86888
1390             67        0.90985
1391             67        0.95265
1392    67     1
1373    68     0
1393             68        0.11641
1394             68         0.2212
1395             68        0.31825
1396             68        0.40895
1397             68        0.49107
1398             68         0.5775
1399             68        0.65583
1400             68         0.7118
1401             68        0.75436
1402             68        0.81085
1403             68        0.86747
1404             68         0.9427
1405    68     1
1373    69     0
1406             69        0.08158
1407             69        0.14218
1408             69        0.18691
1409             69        0.23168
1410             69        0.31612
1411             69        0.39745
1412             69        0.48594
1413             69        0.56229
1414             69        0.63317
1415             69        0.72765
1416             69         0.8189
1417             69        0.92521
1418    69     1
1361    70     0
1419             70        0.17516
1420             70        0.26354
1421             70        0.33404
1422             70        0.42356
1423             70        0.51577
1424             70        0.59056
1425             70        0.69217
1426             70        0.80249
1427             70        0.90601
1428    70     1
1165    71     0
1429             71        0.09063
1430             71        0.15355
1431             71         0.2069
1432             71        0.27792
1433             71        0.36854
1434             71        0.46883
1435             71        0.53985
1436             71        0.60376
1437             71        0.66495
1438             71        0.71517
1439             71        0.75523
1440             71        0.80852
1441             71        0.87409
1442             71        0.93598
1443    71     1
1443    72     0
1444             72        0.07054
1445             72        0.16449
1446             72        0.28361
1447             72         0.3936
1448             72        0.49597
1449             72        0.59367
1450             72        0.67777
1451             72        0.76117
1452             72        0.83717
1453             72        0.91069
1454    72     1
1454    73     0
1455             73        0.04277
1456             73        0.08501
1457             73        0.13387
1458             73        0.17264
1459             73        0.21373
1460             73        0.26099
1461             73        0.29938
1462             73        0.33575
1463             73        0.37904
1464             73        0.42499
1465             73        0.45606
1466             73        0.47872
1467             73        0.51129
1468             73        0.54767
1469             73        0.57747
1470             73        0.58555
1471             73        0.62168
1472             73        0.65387
1473             73        0.69894
1474             73        0.75912
1475             73        0.81942
1476             73        0.86021
1477             73        0.89682
1478             73        0.92929
1479             73         0.9643
1480    73     1
1454    74     0
1481             74        0.08048
1482             74        0.14773
1483             74        0.21597
1484             74        0.28077
1485             74        0.34944
1486             74        0.41088
1487             74        0.47487
1488             74        0.53312
1489             74        0.57795
1490             74        0.63142
1491             74        0.69082
1492             74        0.75997
1493             74         0.8221
1494             74        0.87823
1495             74        0.93387
1496    74     1
1443    75     0
1497             75        0.06333
1498             75         0.1376
1499             75         0.2643
1500             75        0.39553
1501             75        0.52586
1502             75        0.61444
1503             75         0.6867
1504             75        0.76735
1505             75        0.83616
1506             75        0.89664
1507             75        0.95364
1508    75     1
1508    76     0
1509             76        0.04465
1510             76        0.09519
1511             76        0.16376
1512             76        0.22668
1513             76        0.27488
1514             76        0.32613
1515             76        0.37992
1516             76        0.44165
1517             76        0.48572
1518             76        0.53762
1519             76         0.5897
1520             76        0.64879
1521             76        0.71685
1522             76         0.7732
1523             76         0.8197
1524             76        0.86571
1525             76        0.90434
1526             76        0.94751
1527    76     1
1508    77     0
1528             77        0.21458
1529             77        0.30387
1530             77        0.37239
1531             77        0.44231
1532             77        0.53003
1533             77        0.62331
1534             77        0.71471
1535             77        0.81617
1536             77        0.89601
1537    77     1
1157    78     0
1538             78          0.079
1539             78        0.17493
1540             78        0.27718
1541             78        0.35578
1542             78        0.44912
1543             78        0.54167
1544             78        0.61345
1545             78        0.67512
1546             78        0.73366
1547             78         0.7948
1548             78        0.85713
1549             78        0.92273
1550    78     1
1141    79     0
1551             79        0.03317
1552             79        0.08806
1553             79        0.13929
1554             79        0.18179
1555             79        0.21553
1556             79        0.24853
1557             79        0.28485
1558             79        0.31288
1559             79        0.34456
1560             79        0.38234
1561             79        0.41434
1562             79        0.45969
1563             79         0.5046
1564             79         0.5438
1565             79        0.57573
1566             79          0.601
1567             79        0.62501
1568             79         0.6655
1569             79        0.71153
1570             79        0.74458
1571             79        0.77847
1572             79         0.8019
1573             79        0.82471
1574             79        0.84663
1575             79        0.87623
1576             79        0.91297
1577             79        0.95893
1578    79     1
1578    80     0
1579             80        0.06092
1580             80        0.13448
1581             80        0.19053
1582             80        0.25121
1583             80        0.31031
1584             80        0.36208
1585             80        0.40976
1586             80        0.45495
1587             80        0.50148
1588             80        0.56076
1589             80        0.61603
1590             80        0.68251
1591             80        0.75734
1592             80        0.81755
1593             80        0.85935
1594             80        0.90697
1595             80         0.9627
1596    80     1
1596    81     0
1597             81        0.02545
1598             81        0.05811
1599             81        0.08411
1600             81        0.12303
1601             81        0.15328
1602             81        0.18958
1603             81         0.2344
1604             81        0.28267
1605             81        0.32789
1606             81        0.37157
1607             81        0.42054
1608             81        0.46572
1609             81        0.51437
1610             81        0.56054
1611             81        0.62407
1612             81        0.68943
1613             81        0.74727
1614             81        0.79258
1615             81        0.82888
1616             81        0.86274
1617             81        0.89694
1618             81        0.91524
1619             81        0.93602
1620             81        0.96668
1621    81     1
1596    82     0
1622             82        0.04002
1623             82        0.06653
1624             82        0.10303
1625             82        0.15604
1626             82        0.21443
1627             82        0.26924
1628             82        0.32772
1629             82        0.38063
1630             82        0.43454
1631             82        0.48899
1632             82        0.51938
1633             82        0.54039
1634             82        0.56074
1635             82        0.60135
1636             82        0.65623
1637             82        0.68633
1638             82        0.72638
1639             82        0.78658
1640             82        0.84455
1641             82        0.89836
1642             82        0.95054
1643    82     1
1578    83     0
1644             83        0.02739
1645             83        0.03572
1646             83         0.0713
1647             83         0.1113
1648             83        0.14475
1649             83        0.18595
1650             83        0.23708
1651             83        0.27875
1652             83        0.31169
1653             83        0.34692
1654             83        0.37516
1655             83        0.40855
1656             83        0.44174
1657             83        0.46761
1658             83        0.49858
1659             83        0.53367
1660             83        0.57037
1661             83        0.60548
1662             83        0.63747
1663             83        0.66257
1664             83        0.68932
1665             83        0.70544
1666             83        0.72437
1667             83        0.75291
1668             83        0.78371
1669             83        0.82388
1670             83        0.86507
1671             83        0.91151
1672             83        0.95691
1673    83     1
1140    84     0
1674             84        0.01999
1675             84        0.03688
1676             84        0.05377
1677             84        0.07627
1678             84        0.09395
1679             84        0.12277
1680             84        0.15138
1681             84        0.17341
1682             84        0.19631
1683             84        0.22208
1684             84        0.25448
1685             84        0.28854
1686             84        0.32594
1687             84        0.35716
1688             84        0.38654
1689             84        0.41474
1690             84        0.43834
1691             84        0.46533
1692             84        0.48637
1693             84        0.50757
1694             84        0.52713
1695             84        0.53964
1696             84        0.55868
1697             84        0.58331
1698             84        0.60973
1699             84        0.63182
1700             84        0.65727
1701             84        0.68901
1702             84        0.71545
1703             84        0.74062
1704             84        0.77057
1705             84        0.79473
1706             84        0.82195
1707             84        0.84834
1708             84        0.86261
1709             84        0.88449
1710             84        0.90802
1711             84        0.92973
1712             84        0.94525
1713             84        0.97513
1714    84     1
1714    85     0
1715             85        0.18701
1716             85        0.37002
1717             85        0.56854
1718             85        0.78301
1719    85     1
1719    86     0
1720             86        0.06008
1721             86        0.11702
1722             86        0.18273
1723             86        0.25327
1724             86        0.31254
1725             86         0.3743
1726             86         0.4515
1727             86        0.49489
1728             86        0.54627
1729             86        0.60595
1730             86        0.66816
1731             86        0.71516
1732             86        0.75994
1733             86        0.82251
1734             86        0.89755
1735             86        0.94611
1736    86     1
1719    87     0
1737             87        0.08094
1738             87        0.14145
1739             87        0.21899
1740             87          0.288
1741             87        0.35447
1742             87        0.40891
1743             87         0.4823
1744             87        0.54943
1745             87        0.62816
1746             87        0.72447
1747             87        0.80851
1748             87        0.87176
1749             87        0.91273
1750             87        0.95165
1751    87     1
1714    88     0
1752             88        0.15228
1753             88        0.28481
1754             88        0.41689
1755             88        0.53869
1756             88        0.61531
1757             88        0.68094
1758             88        0.75365
1759             88        0.80277
1760             88        0.85483
1761             88        0.91136
1762    88     1
1138    89     0
1763             89        0.10483
1764             89         0.1858
1765             89         0.2511
1766             89        0.30271
1767             89        0.36589
1768             89        0.42128
1769             89        0.46392
1770             89        0.51412
1771             89         0.5704
1772             89        0.63941
1773             89        0.70419
1774             89         0.7645
1775             89        0.84575
1776             89        0.92929
1777    89     1
1777    90     0
1778             90        0.03003
1779             90        0.05954
1780             90        0.11903
1781             90        0.17132
1782             90        0.22242
1783             90        0.26443
1784             90        0.30958
1785             90        0.36062
1786             90        0.38902
1787             90        0.42276
1788             90        0.46374
1789             90        0.49186
1790             90        0.52226
1791             90        0.54204
1792             90        0.56835
1793             90        0.58497
1794             90         0.6062
1795             90        0.64118
1796             90        0.67694
1797             90        0.71898
1798             90        0.75403
1799             90        0.78941
1800             90        0.81936
1801             90        0.84418
1802             90        0.86886
1803             90         0.8998
1804             90        0.92391
1805             90        0.95906
1806    90     1
1777    91     0
1807             91        0.11994
1808             91        0.15731
1809             91        0.19238
1810             91        0.23722
1811             91        0.28298
1812             91        0.32284
1813             91        0.36851
1814             91        0.42246
1815             91        0.47466
1816             91        0.52938
1817             91         0.5793
1818             91         0.6394
1819             91        0.69686
1820             91        0.74262
1821             91        0.81586
1822             91        0.88906
1823             91        0.95199
1824    91     1
1128    92     0
1825             92        0.02916
1826             92        0.05928
1827             92        0.09082
1828             92        0.11486
1829             92        0.13521
1830             92        0.15506
1831             92        0.17426
1832             92        0.19387
1833             92        0.21712
1834             92        0.24555
1835             92        0.27676
1836             92        0.30998
1837             92        0.34241
1838             92        0.37906
1839             92        0.40874
1840             92        0.44129
1841             92        0.46705
1842             92        0.49611
1843             92        0.52348
1844             92        0.54401
1845             92        0.56365
1846             92        0.58611
1847             92        0.60974
1848             92        0.63223
1849             92         0.6595
1850             92        0.68782
1851             92        0.71607
1852             92        0.73608
1853             92        0.75628
1854             92        0.77687
1855             92        0.79399
1856             92        0.81689
1857             92        0.84203
1858             92        0.86795
1859             92        0.89189
1860             92        0.92665
1861             92         0.9658
1862    92     1
1862    93     0
1863             93        0.03867
1864             93        0.06881
1865             93        0.10434
1866             93        0.12703
1867             93         0.1437
1868             93        0.15612
1869             93        0.18102
1870             93        0.21838
1871             93         0.2499
1872             93        0.29721
1873             93        0.35259
1874             93        0.41786
1875             93         0.4708
1876             93        0.53592
1877             93         0.5898
1878             93        0.62922
1879             93        0.66409
1880             93        0.69604
1881             93        0.72922
1882             93        0.74865
1883             93        0.77248
1884             93        0.79826
1885             93        0.83679
1886             93        0.87513
1887             93        0.92063
1888             93        0.96244
1889    93     1
1862    94     0
1890             94        0.08815
1891             94        0.14259
1892             94        0.21775
1893             94        0.28435
1894             94        0.36363
1895             94        0.42656
1896             94        0.50847
1897             94        0.59293
1898             94        0.66668
1899             94        0.72231
1900             94         0.7771
1901             94        0.83099
1902             94         0.8934
1903             94        0.93709
1904    94     1
1  95   0
1905             95        0.49886
1906    95     1
1906    96     0
1907             96        0.11096
1908             96        0.19303
1909             96         0.2706
1910             96         0.3772
1911             96        0.45606
1912             96        0.51549
1913             96        0.57198
1914             96        0.66192
1915             96        0.75218
1916             96        0.84517
1917             96        0.92996
1918    96     1
1918    97     0
1919             97         0.3159
1920             97        0.76096
1921    97     1
1921    98     0
1922             98        0.09458
1923             98        0.26445
1924             98        0.43772
1925             98        0.64125
1926             98        0.80717
1927    98     1
1927    99     0
1928             99        0.07802
1929             99        0.16374
1930             99        0.26468
1931             99         0.3461
1932             99        0.41722
1933             99        0.47989
1934             99        0.53783
1935             99        0.62612
1936             99        0.70484
1937             99        0.80198
1938             99        0.89339
1939    99     1
1939   100     0
1940            100         0.1623
1941            100         0.3385
1942            100        0.50824
1943            100        0.62151
1944            100         0.8346
1945   100     1
1945   101     0
1946            101        0.09817
1947            101        0.20622
1948            101        0.27788
1949            101        0.38306
1950            101        0.45224
1951            101        0.51044
1952            101        0.57477
1953            101        0.66039
1954            101        0.75722
1955            101        0.85897
1956   101     1
1956   102     0
1957            102        0.04287
1958            102        0.11791
1959            102        0.18886
1960            102        0.26274
1961            102        0.37137
1962            102        0.50152
1963            102        0.62331
1964            102        0.73954
1965            102        0.87374
1966   102     1
1966   103     0
1967            103        0.06082
1968            103        0.09329
1969            103        0.14704
1970            103        0.17842
1971            103        0.24592
1972            103        0.32214
1973            103        0.41089
1974            103        0.51808
1975            103        0.61165
1976            103        0.69692
1977            103         0.8039
1978            103        0.86614
1979            103         0.9346
1980   103     1
1980   104     0
1981            104        0.05813
1982            104        0.11965
1983            104        0.18347
1984            104         0.2468
1985            104        0.31096
1986            104        0.36722
1987            104         0.4257
1988            104        0.49173
1989            104         0.5491
1990            104        0.61787
1991            104        0.69035
1992            104        0.76035
1993            104         0.8174
1994            104        0.87994
1995            104        0.93713
1996   104     1
1980   105     0
1997            105        0.08751
1998            105        0.16692
1999            105        0.26274
2000            105        0.32846
2001            105        0.39991
2002            105        0.47411
2003            105        0.57398
2004            105        0.65721
2005            105        0.72095
2006            105         0.7775
2007            105        0.83044
2008            105        0.87581
2009            105        0.94155
2010   105     1
1966   106     0
2011            106        0.05397
2012            106        0.08659
2013            106        0.12667
2014            106        0.16068
2015            106        0.18948
2016            106        0.23018
2017            106        0.26575
2018            106        0.29625
2019            106        0.33088
2020            106        0.36752
2021            106        0.39769
2022            106        0.43071
2023            106         0.4559
2024            106        0.47985
2025            106        0.51466
2026            106        0.54698
2027            106        0.58566
2028            106        0.62022
2029            106        0.65922
2030            106        0.69353
2031            106        0.72182
2032            106        0.75463
2033            106        0.78189
2034            106         0.8126
2035            106        0.85264
2036            106        0.89342
2037            106        0.92629
2038            106        0.96558
2039   106     1
1956   107     0
2040            107        0.06181
2041            107        0.11648
2042            107        0.15808
2043            107        0.19506
2044            107        0.22108
2045            107        0.23865
2046            107        0.24383
2047            107        0.25482
2048            107        0.28243
2049            107        0.32017
2050            107         0.3518
2051            107        0.36924
2052            107        0.40067
2053            107        0.44183
2054            107        0.48554
2055            107        0.53072
2056            107        0.56964
2057            107        0.61079
2058            107        0.64311
2059            107        0.66526
2060            107        0.68807
2061            107        0.71868
2062            107        0.74089
2063            107        0.76789
2064            107        0.78618
2065            107        0.80026
2066            107        0.83798
2067            107        0.86991
2068            107        0.90334
2069            107         0.9355
2070            107        0.96455
2071   107     1
1945   108     0
2072            108        0.02943
2073            108        0.06595
2074            108        0.09467
2075            108        0.12052
2076            108         0.1557
2077            108        0.19923
2078            108        0.24048
2079            108        0.28278
2080            108        0.32168
2081            108        0.38716
2082            108        0.44603
2083            108         0.5007
2084            108        0.54464
2085            108        0.59195
2086            108        0.62819
2087            108        0.65884
2088            108        0.68182
2089            108        0.72234
2090            108        0.76475
2091            108        0.78573
2092            108        0.81185
2093            108        0.83409
2094            108        0.85533
2095            108        0.88613
2096            108        0.91593
2097            108        0.95346
2098   108     1
2098   109     0
2099            109        0.10925
2100            109        0.20745
2101            109         0.2927
2102            109        0.36345
2103            109        0.42804
2104            109        0.47868
2105            109        0.51728
2106            109         0.5461
2107            109        0.57981
2108            109        0.62973
2109            109        0.68678
2110            109        0.76131
2111            109        0.84267
2112            109        0.92746
2113   109     1
2098   110     0
2114            110        0.09006
2115            110        0.18431
2116            110        0.27782
2117            110        0.35315
2118            110        0.43917
2119            110        0.53099
2120            110        0.62647
2121            110        0.69058
2122            110        0.75706
2123            110        0.82281
2124            110        0.86714
2125            110        0.89854
2126            110        0.94197
2127   110     1
1939   111     0
2128            111        0.12364
2129            111        0.17818
2130            111        0.23465
2131            111        0.31509
2132            111        0.38106
2133            111        0.43608
2134            111        0.50411
2135            111        0.53782
2136            111        0.59556
2137            111        0.64968
2138            111        0.70596
2139            111        0.77704
2140            111        0.85261
2141            111        0.91857
2142   111     1
1927   112     0
2143            112          0.048
2144            112        0.08695
2145            112          0.123
2146            112        0.16085
2147            112        0.18325
2148            112        0.23196
2149            112        0.26718
2150            112        0.30111
2151            112        0.33391
2152            112        0.37439
2153            112        0.41655
2154            112        0.46529
2155            112        0.51458
2156            112        0.56153
2157            112         0.6115
2158            112        0.66225
2159            112        0.70769
2160            112        0.74816
2161            112        0.78913
2162            112        0.83042
2163            112        0.86634
2164            112        0.89295
2165            112        0.92743
2166            112        0.96562
2167   112     1
1921   113     0
2168            113        0.01129
2169            113        0.02488
2170            113        0.03495
2171            113        0.04913
2172            113        0.06918
2173            113        0.08728
2174            113        0.10771
2175            113        0.12826
2176            113        0.15182
2177            113        0.17137
2178            113        0.18946
2179            113        0.21141
2180            113        0.23332
2181            113        0.25001
2182            113        0.26543
2183            113        0.27567
2184            113        0.28751
2185            113        0.29241
2186            113        0.30536
2187            113        0.31704
2188            113        0.32938
2189            113        0.34025
2190            113        0.35181
2191            113        0.36686
2192            113        0.38487
2193            113        0.40401
2194            113        0.42648
2195            113        0.44778
2196            113         0.4731
2197            113        0.49924
2198            113         0.5232
2199            113        0.54264
2200            113        0.55946
2201            113        0.57467
2202            113        0.58698
2203            113        0.59733
2204            113        0.60817
2205            113        0.61927
2206            113        0.62701
2207            113        0.63675
2208            113        0.64906
2209            113        0.66148
2210            113        0.67799
2211            113        0.69269
2212            113        0.70316
2213            113        0.72259
2214            113        0.74605
2215            113        0.76912
2216            113        0.79402
2217            113        0.82554
2218            113        0.84817
2219            113          0.873
2220            113        0.89709
2221            113        0.91839
2222            113        0.93216
2223            113        0.94743
2224            113         0.9596
2225            113        0.97455
2226            113        0.98638
2227   113     1
1918   114     0
2228            114        0.08723
2229            114        0.13518
2230            114        0.17563
2231            114        0.21379
2232            114        0.25376
2233            114        0.30367
2234            114        0.36057
2235            114        0.41857
2236            114        0.47747
2237            114        0.50975
2238            114        0.55172
2239            114        0.58394
2240            114         0.6212
2241            114        0.65723
2242            114        0.67131
2243            114        0.67582
2244            114        0.70846
2245            114        0.73822
2246            114        0.78094
2247            114        0.83715
2248            114        0.90124
2249            114        0.95386
2250   114     1
2250   115     0
2251            115        0.06712
2252            115        0.12267
2253            115        0.17042
2254            115        0.23423
2255            115        0.29537
2256            115        0.35297
2257            115        0.40505
2258            115        0.45784
2259            115        0.52571
2260            115        0.57781
2261            115        0.62572
2262            115        0.67779
2263            115         0.7457
2264            115        0.81139
2265            115        0.87216
2266            115        0.92813
2267   115     1
2250   116     0
2268            116        0.25231
2269            116        0.38814
2270            116        0.50896
2271            116        0.55753
2272            116        0.65107
2273            116         0.7003
2274            116        0.74907
2275            116        0.78557
2276            116        0.84393
2277            116        0.92328
2278   116     1
1906   117     0
2279            117        0.04985
2280            117        0.07639
2281            117        0.09688
2282            117         0.1135
2283            117        0.12617
2284            117        0.14765
2285            117        0.16692
2286            117        0.18547
2287            117         0.2087
2288            117        0.24446
2289            117        0.27343
2290            117        0.29377
2291            117        0.30536
2292            117        0.32435
2293            117        0.33324
2294            117         0.3574
2295            117        0.36403
2296            117        0.38579
2297            117        0.41181
2298            117         0.4384
2299            117        0.46556
2300            117        0.48992
2301            117        0.52163
2302            117        0.55713
2303            117        0.58983
2304            117        0.61898
2305            117        0.64536
2306            117        0.67229
2307            117         0.6991
2308            117        0.72095
2309            117        0.73917
2310            117        0.75746
2311            117        0.77398
2312            117        0.79137
2313            117        0.80779
2314            117        0.82896
2315            117         0.8459
2316            117        0.86674
2317            117        0.89517
2318            117        0.91215
2319            117        0.92929
2320            117        0.95446
2321            117        0.97738
2322   117     1
1  118    0
2323            118        0.96176
2324   118     1
2324   119     0
2325            119        0.35922
2326            119        0.71967
2327   119     1
2327   120     0
2328            120        0.16711
2329            120        0.33286
2330            120        0.44646
2331            120        0.51533
2332            120        0.60503
2333            120         0.7433
2334            120        0.84526
2335            120         0.9328
2336   120     1
2336   121     0
2337            121        0.05102
2338            121        0.07691
2339            121        0.09838
2340            121        0.12545
2341            121        0.14548
2342            121        0.16355
2343            121        0.17458
2344            121        0.18945
2345            121        0.20607
2346            121        0.22591
2347            121        0.24725
2348            121        0.26371
2349            121         0.2898
2350            121        0.31086
2351            121        0.33209
2352            121        0.35144
2353            121        0.36435
2354            121        0.37069
2355            121          0.384
2356            121          0.399
2357            121        0.41194
2358            121        0.43307
2359            121        0.45136
2360            121        0.47397
2361            121        0.49001
2362            121        0.51174
2363            121        0.52633
2364            121        0.54426
2365            121        0.56825
2366            121        0.59049
2367            121         0.6152
2368            121        0.63494
2369            121        0.64947
2370            121        0.66443
2371            121        0.67719
2372            121        0.69033
2373            121        0.70226
2374            121         0.7163
2375            121        0.73607
2376            121         0.7631
2377            121        0.79136
2378            121         0.8105
2379            121        0.83461
2380            121        0.85558
2381            121        0.87634
2382            121        0.89505
2383            121        0.91567
2384            121        0.93101
2385            121         0.9385
2386            121        0.94429
2387            121        0.95568
2388            121        0.97603
2389   121     1
2389   122     0
2390            122        0.03635
2391            122        0.08366
2392            122        0.13057
2393            122        0.19132
2394            122        0.23821
2395            122        0.28788
2396            122        0.33855
2397            122        0.38263
2398            122        0.42663
2399            122        0.45754
2400            122        0.49538
2401            122         0.5326
2402            122        0.57712
2403            122        0.63567
2404            122        0.68292
2405            122        0.73832
2406            122        0.78477
2407            122        0.83212
2408            122        0.87447
2409            122        0.90915
2410            122        0.93091
2411            122        0.96296
2412   122     1
2389   123     0
2413            123        0.10894
2414            123        0.19545
2415            123        0.28494
2416            123        0.36816
2417            123        0.44759
2418            123        0.54547
2419            123        0.63036
2420            123        0.70314
2421            123        0.75512
2422            123        0.81493
2423            123         0.8676
2424            123        0.91869
2425            123        0.95353
2426   123     1
2336   124     0
2427            124        0.05657
2428            124        0.12602
2429            124        0.19152
2430            124        0.24131
2431            124        0.29468
2432            124        0.33361
2433            124        0.40279
2434            124        0.48384
2435            124        0.57663
2436            124        0.66024
2437            124        0.74697
2438            124        0.82079
2439            124        0.89801
2440            124        0.95521
2441   124     1
2441   125     0
2442            125        0.18887
2443            125        0.45988
2444            125        0.75085
2445   125     1
2445   126     0
2446            126        0.08558
2447            126        0.15122
2448            126        0.27731
2449            126        0.40838
2450            126        0.56065
2451            126        0.76708
2452   126     1
2452   127     0
2453            127        0.06195
2454            127         0.1196
2455            127        0.18164
2456            127        0.24455
2457            127        0.29281
2458            127        0.33041
2459            127        0.36327
2460            127        0.39007
2461            127        0.41209
2462            127        0.45071
2463            127        0.49784
2464            127        0.53385
2465            127        0.57366
2466            127        0.63319
2467            127        0.68549
2468            127        0.74617
2469            127        0.79509
2470            127        0.84015
2471            127        0.87073
2472            127        0.90089
2473            127        0.93071
2474            127        0.96814
2475   127     1
2452   128     0
2476            128        0.09022
2477            128        0.17536
2478            128        0.27332
2479            128        0.37642
2480            128        0.48177
2481            128        0.57946
2482            128        0.67958
2483            128        0.76975
2484            128        0.86183
2485            128        0.93225
2486   128     1
2445   129     0
2487            129        0.06352
2488            129        0.11548
2489            129        0.16297
2490            129        0.19981
2491            129        0.24841
2492            129        0.27421
2493            129        0.29736
2494            129        0.31152
2495            129        0.33928
2496            129        0.36051
2497            129        0.39963
2498            129        0.44991
2499            129         0.5088
2500            129        0.57718
2501            129        0.63998
2502            129        0.71139
2503            129        0.77572
2504            129        0.81991
2505            129        0.86159
2506            129        0.90328
2507            129        0.93518
2508            129        0.96423
2509   129     1
2441   130     0
2510            130        0.08617
2511            130        0.14596
2512            130        0.18497
2513            130        0.24033
2514            130        0.31276
2515            130        0.37099
2516            130        0.41912
2517            130        0.45963
2518            130        0.50583
2519            130        0.54712
2520            130        0.58099
2521            130        0.63066
2522            130        0.69509
2523            130        0.75744
2524            130        0.82148
2525            130        0.87492
2526            130        0.91899
2527            130        0.95139
2528   130     1
2327   131     0
2529            131        0.15875
2530            131        0.25531
2531            131        0.37228
2532            131        0.52039
2533            131        0.65429
2534            131        0.79202
2535            131        0.89987
2536   131     1
2536   132     0
2537            132         0.0352
2538            132        0.09535
2539            132        0.12436
2540            132        0.20398
2541            132        0.28351
2542            132        0.36149
2543            132        0.46713
2544            132        0.56207
2545            132        0.63045
2546            132        0.72154
2547            132        0.79696
2548            132        0.90971
2549   132     1
2549   133     0
2550            133        0.52929
2551   133     1
2551   134     0
2552            134        0.02864
2553            134        0.07006
2554            134        0.12427
2555            134        0.18182
2556            134          0.234
2557            134        0.29204
2558            134        0.34983
2559            134        0.40376
2560            134        0.46617
2561            134        0.52224
2562            134        0.57618
2563            134        0.62766
2564            134        0.65151
2565            134        0.68753
2566            134        0.72494
2567            134         0.7518
2568            134        0.77063
2569            134        0.79851
2570            134        0.83979
2571            134        0.87646
2572            134        0.92102
2573            134        0.96225
2574   134     1
2574   135     0
2575            135        0.03039
2576            135        0.04706
2577            135        0.06847
2578            135          0.102
2579            135        0.13338
2580            135        0.16809
2581            135        0.21336
2582            135         0.2564
2583            135        0.29606
2584            135        0.33505
2585            135        0.37038
2586            135        0.39488
2587            135        0.42577
2588            135        0.44665
2589            135        0.47721
2590            135        0.50785
2591            135        0.54037
2592            135        0.56722
2593            135         0.5886
2594            135        0.61061
2595            135        0.64021
2596            135         0.6612
2597            135        0.68074
2598            135        0.70707
2599            135        0.73989
2600            135        0.77692
2601            135        0.80968
2602            135         0.8469
2603            135        0.89487
2604            135        0.93678
2605            135        0.96476
2606   135     1
2574   136     0
2607            136        0.18146
2608            136         0.3331
2609            136        0.44687
2610            136         0.5216
2611            136        0.60086
2612            136        0.66088
2613            136        0.71315
2614            136        0.78467
2615            136        0.84071
2616            136         0.9126
2617   136     1
2551   137     0
2618            137        0.25814
2619            137        0.41093
2620            137        0.49873
2621            137        0.55347
2622            137        0.61631
2623            137         0.6681
2624            137        0.71066
2625            137        0.79211
2626            137        0.90063
2627   137     1
2627   138     0
2628            138        0.33351
2629            138        0.75633
2630   138     1
2630   139     0
2631            139        0.05044
2632            139        0.09971
2633            139        0.15033
2634            139        0.19564
2635            139        0.26634
2636            139        0.34791
2637            139        0.42929
2638            139        0.51108
2639            139        0.59634
2640            139        0.66807
2641            139        0.71234
2642            139        0.77033
2643            139        0.82431
2644            139        0.86603
2645            139        0.89608
2646            139        0.94173
2647   139     1
2630   140     0
2648            140        0.12031
2649            140        0.21744
2650            140        0.32206
2651            140        0.39735
2652            140        0.45232
2653            140        0.51482
2654            140        0.58328
2655            140        0.61758
2656            140        0.66509
2657            140        0.71616
2658            140        0.78697
2659            140        0.84787
2660            140        0.92918
2661   140     1
2627   141     0
2662            141        0.06786
2663            141        0.14291
2664            141        0.23122
2665            141        0.30496
2666            141        0.38727
2667            141        0.46991
2668            141        0.54078
2669            141        0.61183
2670            141        0.66968
2671            141        0.72684
2672            141        0.77865
2673            141         0.8225
2674            141        0.87637
2675            141        0.93395
2676   141     1
2549   142     0
2677            142        0.13596
2678            142        0.19761
2679            142        0.27669
2680            142        0.36966
2681            142        0.47302
2682            142        0.57414
2683            142        0.66955
2684            142        0.78748
2685            142        0.88452
2686   142     1
2536   143     0
2687            143        0.05425
2688            143        0.09185
2689            143        0.11687
2690            143        0.13894
2691            143         0.1483
2692            143        0.16312
2693            143        0.19612
2694            143        0.23601
2695            143        0.28248
2696            143        0.33824
2697            143        0.39312
2698            143        0.44094
2699            143        0.48845
2700            143        0.53124
2701            143        0.56725
2702            143        0.58506
2703            143        0.61844
2704            143        0.64138
2705            143        0.66652
2706            143        0.68595
2707            143        0.71364
2708            143        0.74515
2709            143        0.77508
2710            143        0.81621
2711            143        0.85605
2712            143        0.89706
2713            143        0.92881
2714            143        0.96383
2715   143     1
2324   144     0
2716            144        0.08741
2717            144        0.17341
2718            144        0.26705
2719            144        0.35705
2720            144         0.4629
2721            144        0.59897
2722            144        0.73913
2723            144         0.8732
2724   144     1
2724   145     0
2725            145        0.01167
2726            145          0.024
2727            145        0.04037
2728            145        0.06488
2729            145        0.08644
2730            145         0.1007
2731            145        0.12547
2732            145        0.15426
2733            145        0.17706
2734            145        0.19536
2735            145        0.21718
2736            145        0.25081
2737            145        0.27418
2738            145        0.30643
2739            145        0.33869
2740            145        0.36702
2741            145        0.38868
2742            145        0.41763
2743            145        0.44416
2744            145        0.46967
2745            145        0.49747
2746            145        0.52703
2747            145        0.55273
2748            145        0.57174
2749            145        0.58917
2750            145        0.61331
2751            145        0.64284
2752            145        0.67238
2753            145        0.70329
2754            145        0.73415
2755            145        0.76687
2756            145         0.7955
2757            145        0.81448
2758            145        0.83148
2759            145        0.85676
2760            145        0.88582
2761            145        0.90895
2762            145        0.93997
2763            145        0.96552
2764   145     1
2724   146     0
2765            146        0.03056
2766            146        0.05861
2767            146        0.07994
2768            146        0.09917
2769            146        0.11891
2770            146        0.13237
2771            146        0.15306
2772            146        0.18299
2773            146        0.22637
2774            146        0.25935
2775            146        0.28892
2776            146        0.31983
2777            146        0.34565
2778            146         0.3739
2779            146        0.40204
2780            146        0.42463
2781            146        0.45747
2782            146         0.4881
2783            146        0.51153
2784            146        0.52628
2785            146        0.54264
2786            146        0.56742
2787            146        0.57808
2788            146        0.59381
2789            146        0.61944
2790            146        0.64394
2791            146        0.66972
2792            146        0.69918
2793            146        0.73185
2794            146        0.77157
2795            146        0.80756
2796            146        0.84913
2797            146        0.89011
2798            146        0.92742
2799            146        0.96362
2800   146     1
1  147    0
2801            147        0.03264
2802            147        0.07633
2803            147        0.12914
2804            147        0.17646
2805            147        0.23525
2806            147        0.27774
2807            147        0.31758
2808            147        0.35217
2809            147        0.38744
2810            147         0.4306
2811            147        0.47852
2812            147        0.52024
2813            147        0.56435
2814            147        0.62075
2815            147        0.65274
2816            147        0.68393
2817            147        0.72244
2818            147        0.76173
2819            147        0.80301
2820            147        0.85875
2821            147        0.91102
2822            147        0.95849
2823   147     1
1  148    0
2824            148        0.06942
2825            148        0.12053
2826            148        0.14865
2827            148        0.16665
2828            148        0.21538
2829            148        0.28415
2830            148        0.34882
2831            148        0.40175
2832            148        0.46363
2833            148        0.54111
2834            148        0.60146
2835            148        0.66498
2836            148        0.70682
2837            148          0.769
2838            148        0.81682
2839            148        0.86941
2840            148        0.90444
2841            148        0.95336
2842   148     1
