0  0  0
1  0  1
1  35   0
2  35   1
2  36   0
3           36      0.05045
4           36      0.08716
5           36      0.13314
6           36      0.18009
7           36      0.22793
8           36      0.27428
9           36      0.32186
10           36      0.37051
11           36      0.41819
12           36      0.46335
13           36      0.51324
14           36      0.56232
15           36      0.61262
16           36      0.66056
17           36      0.70982
18           36      0.75731
19           36      0.80735
20           36      0.85762
21           36      0.90705
22           36      0.95563
23  36   1
23  80   0
24           80      0.20317
25           80      0.40157
26           80      0.60608
27           80      0.80057
28  80   1
28  81   0
29  81   1
29  82   0
30           82      0.12105
31           82      0.23163
32           82      0.33993
33           82      0.45029
34           82      0.56085
35           82      0.67179
36           82      0.78055
37           82      0.88955
38  82   1
38  83   0
39           83      0.54911
40  83   1
40  84   0
41           84      0.12735
42           84      0.24726
43           84      0.37194
44           84      0.50102
45           84      0.62607
46           84       0.7553
47           84      0.87818
48  84   1
48  85   0
49  85   1
49  86   0
50           86        0.123
51           86      0.22885
52           86      0.34046
53           86      0.45013
54           86      0.56125
55           86      0.66942
56           86      0.78009
57           86      0.88877
58  86   1
58  87   0
59           87      0.06607
60           87       0.1472
61           87      0.22085
62           87      0.29797
63           87      0.37509
64           87      0.45344
65           87      0.53392
66           87      0.61515
67           87      0.69432
68           87      0.77388
69           87      0.85378
70           87      0.93565
71  87   1
71  88   0
72  88   1
72  89   0
73           89      0.07419
74           89      0.15475
75           89      0.23335
76           89      0.31286
77           89      0.39348
78           89       0.4729
79           89      0.55236
80           89      0.62975
81           89      0.70195
82           89      0.77925
83           89      0.85833
84           89      0.93708
85  89   1
85  90   0
86           90      0.16011
87           90      0.30172
88           90      0.44614
89           90      0.59161
90           90       0.7348
91           90       0.8548
92  90   1
92  91   0
93           91      0.15228
94           91      0.32808
95           91      0.50029
96           91      0.66113
97           91      0.83031
98  91   1
98  92   0
99           92      0.15173
100            92       0.29777
101            92        0.4455
102            92       0.58813
103            92       0.73357
104            92       0.86924
105   92    1
105   93    0
106   93    1
106   94    0
107            94       0.25871
108            94       0.50372
109            94       0.75384
110   94    1
110   95    0
111            95       0.19976
112            95       0.40063
113            95       0.60451
114            95       0.79648
115   95    1
115   37    0
116            37       0.07863
117            37       0.15659
118            37       0.23346
119            37       0.30463
120            37       0.38003
121            37       0.45679
122            37       0.53406
123            37       0.61206
124            37       0.68969
125            37       0.76743
126            37       0.84494
127            37       0.92022
128   37    1
128   96    0
129            96       0.12966
130            96       0.28385
131            96       0.44065
132            96       0.58311
133            96       0.72096
134            96       0.87281
135   96    1
135   97    0
136            97       0.04564
137            97       0.08524
138            97       0.12288
139            97        0.1642
140            97       0.20248
141            97       0.24168
142            97       0.28323
143            97       0.32206
144            97       0.36308
145            97       0.40158
146            97       0.44264
147            97       0.48277
148            97       0.52354
149            97       0.56402
150            97       0.60518
151            97       0.64487
152            97       0.68496
153            97       0.72552
154            97       0.76416
155            97       0.80076
156            97       0.84087
157            97       0.88203
158            97       0.92263
159            97       0.96299
160   97    1
160   98    0
161            98       0.03561
162            98        0.0716
163            98       0.11045
164            98       0.14886
165            98       0.18736
166            98       0.22509
167            98        0.2635
168            98        0.3015
169            98       0.34023
170            98       0.37719
171            98       0.41348
172            98       0.44966
173            98        0.4889
174            98       0.52546
175            98       0.56368
176            98       0.60048
177            98        0.6365
178            98       0.67431
179            98       0.71281
180            98       0.74793
181            98       0.78701
182            98       0.82434
183            98       0.85454
184            98       0.89008
185            98       0.92945
186            98       0.96108
187   98    1
160   99    0
188            99       0.07652
189            99        0.1458
190            99       0.21932
191            99       0.29091
192            99       0.36322
193            99       0.43676
194            99       0.51009
195            99       0.58032
196            99       0.65422
197            99       0.72008
198            99       0.79193
199            99       0.86324
200            99       0.93701
201   99    1
135  100    0
202           100       0.03692
203           100       0.06865
204           100       0.09775
205           100        0.1292
206           100       0.15961
207           100       0.19205
208           100       0.22287
209           100       0.25338
210           100       0.28515
211           100       0.31723
212           100       0.34747
213           100       0.37876
214           100       0.41034
215           100       0.44255
216           100       0.47352
217           100       0.50581
218           100       0.53746
219           100        0.5696
220           100       0.60177
221           100       0.63437
222           100       0.66686
223           100       0.69745
224           100        0.7294
225           100       0.76184
226           100       0.79404
227           100       0.82654
228           100       0.85895
229           100       0.89149
230           100       0.92377
231           100       0.95623
232           100       0.98879
233  100    1
110   38    0
234            38       0.08213
235            38       0.16759
236            38       0.24982
237            38       0.33399
238            38       0.41657
239            38         0.499
240            38       0.58506
241            38       0.66484
242            38       0.75049
243            38       0.82739
244            38       0.91381
245   38    1
245   39    0
246            39       0.32465
247            39       0.67284
248   39    1
248   40    0
249            40        0.1025
250            40       0.20641
251            40       0.30363
252            40       0.40332
253            40       0.50355
254            40         0.605
255            40       0.70464
256            40       0.80577
257            40       0.89823
258   40    1
258  101    0
259           101       0.06073
260           101       0.12486
261           101       0.18877
262           101       0.25043
263           101       0.31432
264           101       0.37815
265           101       0.43627
266           101        0.4969
267           101       0.55973
268           101        0.6235
269           101       0.68708
270           101       0.75127
271           101       0.81263
272           101       0.87608
273           101       0.93684
274  101    1
248   41    0
275            41       0.10043
276            41       0.11784
277            41       0.21864
278            41       0.31899
279            41       0.41437
280            41       0.51583
281            41       0.61714
282            41       0.71772
283            41        0.8165
284            41       0.90796
285   41    1
285  102    0
286           102       0.08069
287           102       0.16493
288           102       0.24569
289           102       0.32882
290           102       0.41368
291           102       0.49758
292           102       0.58208
293           102       0.66544
294           102       0.74982
295           102        0.8343
296           102       0.91775
297  102    1
245   42    0
298            42       0.10109
299            42       0.21436
300            42       0.33121
301            42       0.44901
302            42       0.55594
303            42        0.6681
304            42       0.78183
305            42       0.88944
306   42    1
306  103    0
307           103        0.0296
308           103       0.05877
309           103       0.09005
310           103       0.11946
311           103        0.1509
312           103       0.17624
313           103       0.20676
314           103       0.23683
315           103       0.26762
316           103       0.29725
317           103       0.32833
318           103       0.35837
319           103       0.38961
320           103       0.41981
321           103       0.44804
322           103       0.47849
323           103       0.50529
324           103       0.53637
325           103        0.5677
326           103       0.59836
327           103         0.628
328           103       0.65501
329           103       0.68471
330           103       0.71605
331           103       0.74409
332           103       0.77081
333           103       0.80067
334           103       0.82944
335           103       0.85472
336           103       0.88246
337           103       0.91266
338           103       0.94107
339           103       0.96892
340  103    1
106   43    0
341            43       0.04008
342            43       0.07286
343            43       0.10851
344            43       0.14521
345            43       0.18389
346            43       0.22188
347            43       0.25962
348            43       0.29854
349            43        0.3365
350            43       0.37523
351            43       0.41246
352            43       0.45046
353            43       0.48908
354            43       0.52675
355            43       0.56299
356            43       0.59504
357            43       0.62997
358            43       0.66706
359            43       0.70525
360            43       0.74173
361            43        0.7799
362            43       0.81521
363            43       0.85412
364            43       0.88707
365            43       0.92534
366            43       0.96342
367   43    1
367  104    0
368           104       0.06649
369           104       0.13537
370           104       0.20687
371           104       0.28091
372           104        0.3536
373           104       0.42389
374           104       0.49793
375           104        0.5656
376           104       0.63819
377           104       0.70917
378           104       0.78336
379           104       0.85228
380           104       0.92579
381  104    1
105   44    0
382            44       0.03636
383            44       0.06952
384            44       0.10203
385            44       0.13602
386            44       0.17012
387            44        0.2038
388            44       0.23769
389            44       0.27154
390            44       0.30565
391            44        0.3393
392            44       0.37201
393            44       0.40536
394            44       0.43873
395            44       0.47257
396            44       0.50628
397            44       0.53887
398            44       0.57114
399            44       0.60427
400            44       0.63547
401            44       0.66921
402            44       0.70347
403            44       0.73646
404            44        0.7697
405            44       0.80163
406            44       0.83294
407            44       0.86644
408            44       0.89897
409            44       0.93223
410            44       0.96598
411   44    1
411  105    0
412           105       0.11361
413           105       0.22677
414           105       0.34041
415           105       0.45109
416           105       0.55799
417           105       0.66621
418           105       0.77904
419           105       0.89187
420  105    1
98  45   0
421            45       0.05498
422            45       0.10542
423            45       0.15398
424            45       0.20151
425            45        0.2515
426            45         0.304
427            45        0.3559
428            45       0.40878
429            45       0.46079
430            45       0.51134
431            45       0.56368
432            45       0.61401
433            45       0.66655
434            45       0.71585
435            45        0.7688
436            45       0.81843
437            45       0.86788
438            45       0.91841
439            45       0.97004
440   45    1
440   46    0
441            46       0.06676
442            46       0.13926
443            46       0.21286
444            46        0.2871
445            46       0.35886
446            46       0.42796
447            46       0.50165
448            46       0.57481
449            46       0.63879
450            46       0.71118
451            46       0.78396
452            46       0.85267
453            46        0.9254
454   46    1
454  106    0
455           106        0.1934
456           106       0.40067
457           106       0.60412
458           106       0.80152
459  106    1
440   47    0
460            47       0.10128
461            47       0.19271
462            47       0.28674
463            47       0.37022
464            47       0.45805
465            47       0.54693
466            47       0.64115
467            47       0.73703
468            47       0.83323
469            47       0.91173
470   47    1
92  48   0
471            48       0.01848
472            48       0.04026
473            48       0.06259
474            48       0.08409
475            48       0.10595
476            48       0.12824
477            48        0.1504
478            48       0.17283
479            48       0.19468
480            48        0.2168
481            48       0.23836
482            48       0.26083
483            48       0.28329
484            48       0.30484
485            48       0.32615
486            48       0.34848
487            48       0.37052
488            48       0.39285
489            48       0.41537
490            48       0.43727
491            48       0.45751
492            48       0.47815
493            48        0.5004
494            48       0.52116
495            48       0.54325
496            48       0.56579
497            48       0.58822
498            48       0.61033
499            48       0.63254
500            48       0.65454
501            48       0.67703
502            48       0.69951
503            48       0.72045
504            48       0.74267
505            48       0.76402
506            48       0.78643
507            48       0.80896
508            48       0.82876
509            48       0.85066
510            48       0.87284
511            48       0.89495
512            48       0.91741
513            48       0.93908
514            48       0.96023
515            48       0.98007
516   48    1
516  107    0
517           107       0.33299
518           107       0.66603
519  107    1
85  49   0
520            49       0.02497
521            49       0.04593
522            49       0.06725
523            49       0.08795
524            49       0.10918
525            49       0.12954
526            49       0.15109
527            49       0.17263
528            49       0.19425
529            49       0.21476
530            49       0.23636
531            49       0.25545
532            49       0.27655
533            49       0.29721
534            49       0.31764
535            49       0.33834
536            49       0.35696
537            49       0.37801
538            49       0.39919
539            49       0.41959
540            49       0.44091
541            49       0.46193
542            49       0.48241
543            49       0.50316
544            49       0.52445
545            49       0.54495
546            49       0.56539
547            49       0.58658
548            49       0.60645
549            49       0.62764
550            49       0.64725
551            49       0.66709
552            49       0.68865
553            49       0.70855
554            49       0.72999
555            49       0.75095
556            49       0.77132
557            49       0.79271
558            49       0.81418
559            49       0.83489
560            49       0.85629
561            49       0.87799
562            49        0.8977
563            49       0.91819
564            49       0.93932
565            49       0.96037
566            49       0.97939
567   49    1
567  108    0
568           108        0.5156
569  108    1
72  50   0
570            50       0.01838
571            50       0.03663
572            50       0.05419
573            50       0.07215
574            50       0.08971
575            50       0.10805
576            50       0.12515
577            50       0.14388
578            50        0.1622
579            50       0.18087
580            50       0.19961
581            50       0.21794
582            50       0.23333
583            50       0.24796
584            50       0.26596
585            50       0.28437
586            50       0.30331
587            50        0.3206
588            50        0.3394
589            50       0.35816
590            50       0.37738
591            50       0.39626
592            50       0.41426
593            50       0.43331
594            50       0.45173
595            50       0.46869
596            50       0.48689
597            50       0.50593
598            50       0.52479
599            50        0.5436
600            50       0.56198
601            50       0.57973
602            50        0.5981
603            50       0.61721
604            50       0.63487
605            50       0.65252
606            50       0.67052
607            50       0.68963
608            50       0.70865
609            50       0.72627
610            50       0.74473
611            50       0.76299
612            50       0.78108
613            50       0.79865
614            50       0.81663
615            50       0.83517
616            50       0.85375
617            50       0.87253
618            50       0.89089
619            50       0.90897
620            50       0.92758
621            50       0.94574
622            50       0.96332
623            50       0.98135
624   50    1
624  109    0
625           109       0.16759
626           109       0.31574
627           109        0.4911
628           109       0.66056
629           109       0.82519
630  109    1
71  51   0
631            51       0.04352
632            51       0.08289
633            51       0.12274
634            51       0.16291
635            51       0.20245
636            51       0.24218
637            51       0.28228
638            51       0.32215
639            51       0.36234
640            51       0.40243
641            51       0.44265
642            51       0.48279
643            51       0.52294
644            51       0.56231
645            51       0.60261
646            51       0.64189
647            51       0.68195
648            51       0.72157
649            51       0.76194
650            51       0.80208
651            51       0.84171
652            51        0.8816
653            51       0.92185
654            51        0.9604
655   51    1
58  52   0
656            52       0.01542
657            52       0.03556
658            52       0.05591
659            52        0.0756
660            52       0.09508
661            52       0.11641
662            52       0.13754
663            52       0.15869
664            52       0.17916
665            52       0.20075
666            52       0.22221
667            52       0.24287
668            52       0.26414
669            52       0.28548
670            52       0.30703
671            52       0.32788
672            52       0.34879
673            52       0.36933
674            52       0.38993
675            52       0.41092
676            52       0.43202
677            52       0.45235
678            52        0.4728
679            52       0.49425
680            52       0.51584
681            52       0.53736
682            52       0.55764
683            52       0.57898
684            52       0.59936
685            52       0.62101
686            52       0.64007
687            52       0.66074
688            52       0.68242
689            52       0.70346
690            52       0.72503
691            52       0.74609
692            52        0.7677
693            52       0.78915
694            52       0.80969
695            52       0.83027
696            52       0.85091
697            52       0.87245
698            52       0.89411
699            52       0.91535
700            52       0.93626
701            52       0.95764
702            52         0.979
703   52    1
49  53   0
704   53    1
704   54    0
705            54       0.01928
706            54       0.03613
707            54       0.05464
708            54         0.071
709            54       0.08745
710            54       0.10512
711            54       0.12368
712            54       0.14068
713            54       0.15895
714            54       0.17697
715            54       0.19363
716            54        0.2119
717            54       0.22942
718            54       0.24743
719            54       0.26627
720            54       0.28479
721            54        0.3031
722            54        0.3208
723            54       0.33896
724            54       0.35727
725            54       0.37401
726            54         0.392
727            54       0.41073
728            54       0.42898
729            54       0.44731
730            54       0.46521
731            54       0.48363
732            54       0.50108
733            54       0.51959
734            54       0.53753
735            54       0.55629
736            54       0.57406
737            54       0.59274
738            54       0.61033
739            54       0.62798
740            54       0.64581
741            54       0.66351
742            54       0.68173
743            54       0.69885
744            54       0.71754
745            54        0.7344
746            54       0.75314
747            54       0.77126
748            54        0.7886
749            54       0.80538
750            54       0.82309
751            54       0.84113
752            54       0.85938
753            54       0.87715
754            54       0.89545
755            54       0.91402
756            54       0.93183
757            54       0.94737
758            54       0.96576
759            54        0.9824
760   54    1
704   55    0
761            55       0.05219
762            55       0.18735
763            55       0.32188
764            55       0.45726
765            55       0.59321
766            55       0.72734
767            55       0.86469
768   55    1
768   56    0
769            56       0.04937
770            56       0.10139
771            56       0.15087
772            56       0.20456
773            56       0.25894
774            56       0.30991
775            56         0.359
776            56       0.41173
777            56       0.46419
778            56       0.51764
779            56       0.56929
780            56       0.62425
781            56       0.67634
782            56       0.72798
783            56       0.78294
784            56       0.83758
785            56       0.89254
786            56       0.94575
787   56    1
768   57    0
788            57       0.08232
789            57       0.18328
790            57       0.27834
791            57       0.37995
792            57       0.48105
793            57       0.58552
794            57       0.68879
795            57       0.79059
796            57        0.8954
797   57    1
48  58   0
798            58       0.02107
799            58       0.04021
800            58       0.05921
801            58       0.07701
802            58       0.09378
803            58       0.11199
804            58       0.13164
805            58       0.15105
806            58       0.17018
807            58       0.18874
808            58        0.2077
809            58       0.22559
810            58       0.24476
811            58       0.26398
812            58         0.283
813            58       0.30284
814            58       0.32269
815            58       0.34226
816            58       0.36161
817            58       0.37986
818            58       0.39926
819            58       0.41923
820            58       0.43924
821            58       0.45815
822            58       0.47756
823            58       0.49604
824            58       0.51546
825            58       0.53518
826            58       0.55435
827            58       0.57352
828            58       0.59325
829            58       0.61137
830            58       0.62981
831            58       0.64906
832            58       0.66861
833            58       0.68843
834            58       0.70748
835            58       0.72722
836            58       0.74702
837            58       0.76639
838            58       0.78589
839            58       0.80532
840            58       0.82504
841            58       0.84469
842            58       0.86364
843            58        0.8836
844            58        0.9036
845            58       0.92185
846            58        0.9405
847            58       0.96046
848            58       0.98043
849   58    1
40  59   0
850            59        0.0246
851            59        0.0475
852            59       0.06966
853            59       0.09139
854            59       0.11349
855            59       0.13601
856            59       0.15813
857            59       0.18056
858            59       0.20289
859            59       0.22503
860            59        0.2476
861            59       0.27016
862            59       0.29227
863            59       0.31478
864            59       0.33663
865            59       0.35954
866            59       0.38216
867            59       0.40379
868            59       0.42425
869            59       0.44555
870            59       0.46713
871            59       0.49001
872            59       0.51285
873            59       0.53537
874            59       0.55777
875            59       0.57994
876            59       0.60249
877            59       0.62483
878            59       0.64541
879            59       0.66735
880            59       0.69019
881            59       0.71133
882            59       0.73265
883            59       0.75555
884            59       0.77861
885            59        0.8015
886            59       0.82274
887            59       0.84532
888            59       0.86814
889            59       0.89091
890            59        0.9138
891            59       0.93566
892            59        0.9582
893            59       0.98088
894   59    1
38  60   0
895            60       0.03038
896            60       0.17346
897            60       0.30955
898            60       0.45211
899            60       0.59546
900            60       0.73963
901            60        0.8776
902   60    1
902   61    0
903            61       0.03394
904            61       0.06097
905            61        0.0904
906            61       0.12047
907            61       0.14832
908            61       0.17828
909            61        0.2082
910            61       0.23972
911            61       0.27154
912            61       0.30209
913            61       0.33065
914            61       0.36092
915            61       0.38984
916            61       0.42084
917            61       0.45227
918            61       0.48204
919            61       0.50982
920            61        0.5401
921            61        0.5714
922            61       0.60216
923            61       0.63314
924            61       0.66328
925            61        0.6923
926            61       0.72081
927            61       0.75192
928            61       0.78211
929            61       0.81209
930            61       0.84382
931            61       0.87334
932            61       0.90516
933            61       0.93698
934            61        0.9685
935   61    1
902   62    0
936            62       0.13216
937            62       0.25367
938            62        0.3773
939            62       0.49669
940            62        0.6196
941            62       0.74621
942            62       0.87223
943   62    1
29  63   0
944            63       0.05587
945            63       0.10618
946            63       0.15706
947            63       0.20531
948            63         0.257
949            63       0.30491
950            63       0.35521
951            63       0.40539
952            63       0.45394
953            63       0.50492
954            63       0.55612
955            63       0.60715
956            63       0.65734
957            63       0.70714
958            63       0.75557
959            63       0.80508
960            63       0.85466
961            63       0.90492
962            63       0.95454
963   63    1
963   64    0
964            64       0.35252
965            64       0.66961
966   64    1
966   65    0
967            65       0.03002
968            65       0.06323
969            65       0.09722
970            65       0.13101
971            65       0.16341
972            65       0.19423
973            65       0.22447
974            65       0.25828
975            65       0.28784
976            65       0.32066
977            65       0.35383
978            65        0.3862
979            65       0.41908
980            65       0.45187
981            65       0.48532
982            65        0.5191
983            65       0.54845
984            65       0.58216
985            65       0.61467
986            65       0.64771
987            65       0.67613
988            65       0.70907
989            65       0.74043
990            65       0.77359
991            65       0.80608
992            65       0.83813
993            65       0.87156
994            65       0.90405
995            65       0.93577
996            65       0.96809
997   65    1
966   66    0
998            66       0.04945
999            66       0.10058
1000             66        0.15331
1001             66         0.2006
1002             66        0.24797
1003             66        0.29991
1004             66        0.35187
1005             66         0.3986
1006             66        0.45021
1007             66        0.50213
1008             66        0.55157
1009             66        0.60129
1010             66        0.65137
1011             66        0.70033
1012             66        0.74687
1013             66        0.79933
1014             66        0.84923
1015             66        0.90187
1016             66        0.95047
1017    66     1
963   67    0
1018             67        0.03248
1019             67        0.06262
1020             67        0.09224
1021             67        0.12203
1022             67        0.15179
1023             67         0.1819
1024             67        0.21064
1025             67        0.23926
1026             67        0.26947
1027             67        0.29791
1028             67        0.32773
1029             67        0.35768
1030             67         0.3877
1031             67        0.41629
1032             67         0.4453
1033             67        0.47365
1034             67        0.50347
1035             67        0.53264
1036             67        0.56182
1037             67        0.58873
1038             67        0.61846
1039             67         0.6477
1040             67        0.67794
1041             67        0.70773
1042             67        0.73694
1043             67         0.7668
1044             67        0.79504
1045             67        0.82434
1046             67        0.85404
1047             67         0.8834
1048             67        0.91293
1049             67        0.94175
1050             67        0.97116
1051    67     1
28  68   0
1052             68        0.18612
1053             68         0.4724
1054             68        0.74096
1055    68     1
1055    69     0
1056             69        0.27277
1057             69        0.65151
1058    69     1
1058    70     0
1059             70        0.02442
1060             70        0.04639
1061             70        0.06713
1062             70        0.08853
1063             70        0.11008
1064             70        0.13144
1065             70        0.14965
1066             70        0.16977
1067             70        0.19127
1068             70         0.2131
1069             70         0.2338
1070             70        0.25599
1071             70         0.2759
1072             70        0.29742
1073             70        0.31961
1074             70        0.34176
1075             70        0.36364
1076             70        0.38495
1077             70        0.40455
1078             70        0.42264
1079             70        0.44264
1080             70        0.46476
1081             70        0.48668
1082             70        0.50636
1083             70         0.5277
1084             70         0.5474
1085             70        0.55254
1086             70        0.57408
1087             70        0.59436
1088             70        0.61612
1089             70        0.63644
1090             70        0.65734
1091             70        0.67871
1092             70        0.70012
1093             70        0.72223
1094             70        0.74331
1095             70        0.76484
1096             70        0.78674
1097             70         0.8074
1098             70         0.8286
1099             70        0.85055
1100             70        0.87195
1101             70        0.89399
1102             70         0.9144
1103             70        0.93502
1104             70        0.95608
1105             70        0.97781
1106    70     1
1058    71     0
1107             71        0.09084
1108             71        0.16184
1109             71        0.24063
1110             71        0.31293
1111             71        0.39151
1112             71        0.46744
1113             71        0.53924
1114             71        0.61137
1115             71        0.68775
1116             71        0.76706
1117             71        0.84581
1118             71        0.92448
1119    71     1
1055    72     0
1120             72        0.16819
1121             72         0.3321
1122             72        0.50132
1123             72        0.66768
1124             72        0.82835
1125    72     1
23  73   0
1126             73         0.5011
1127    73     1
1127    74     0
1128             74        0.02768
1129             74        0.05256
1130             74        0.07957
1131             74        0.10629
1132             74        0.13081
1133             74         0.1565
1134             74        0.18319
1135             74        0.20527
1136             74        0.23195
1137             74          0.258
1138             74        0.28482
1139             74        0.31048
1140             74        0.33707
1141             74        0.36225
1142             74         0.3896
1143             74        0.41683
1144             74        0.44343
1145             74        0.46962
1146             74        0.49635
1147             74        0.52283
1148             74        0.54956
1149             74        0.57548
1150             74        0.60216
1151             74        0.62948
1152             74        0.65675
1153             74        0.68267
1154             74        0.70994
1155             74        0.73673
1156             74        0.76376
1157             74        0.79084
1158             74        0.81788
1159             74         0.8447
1160             74        0.87083
1161             74        0.89633
1162             74        0.92178
1163             74        0.94928
1164             74        0.97349
1165    74     1
1165    75     0
1166             75        0.25865
1167             75        0.51339
1168             75        0.75641
1169    75     1
1169    76     0
1170             76        0.04416
1171             76         0.0858
1172             76         0.1274
1173             76        0.16995
1174             76        0.21052
1175             76        0.24691
1176             76        0.28914
1177             76        0.33216
1178             76        0.37461
1179             76        0.41455
1180             76        0.45722
1181             76        0.50056
1182             76        0.54211
1183             76        0.58104
1184             76        0.62412
1185             76        0.66659
1186             76        0.70826
1187             76        0.75126
1188             76        0.79255
1189             76        0.83418
1190             76        0.87663
1191             76        0.91822
1192             76        0.95693
1193    76     1
1169    77     0
1194             77        0.04677
1195             77        0.09056
1196             77        0.13479
1197             77        0.17762
1198             77        0.22186
1199             77        0.26607
1200             77        0.30352
1201             77        0.34743
1202             77        0.39125
1203             77        0.43305
1204             77        0.47609
1205             77        0.52083
1206             77        0.56469
1207             77        0.60804
1208             77        0.65264
1209             77        0.69574
1210             77        0.73801
1211             77        0.78215
1212             77        0.82706
1213             77        0.86927
1214             77        0.91406
1215             77        0.95515
1216    77     1
1165    78     0
1217             78        0.04882
1218             78        0.10735
1219             78        0.16517
1220             78        0.22325
1221             78        0.28002
1222             78        0.33821
1223             78        0.39663
1224             78        0.44896
1225             78        0.50444
1226             78        0.56302
1227             78        0.61671
1228             78        0.66927
1229             78        0.71607
1230             78        0.77205
1231             78         0.8256
1232             78        0.88352
1233             78        0.94219
1234    78     1
1127    79     0
1235             79        0.03053
1236             79        0.06143
1237             79        0.09077
1238             79        0.12144
1239             79        0.15255
1240             79         0.1771
1241             79        0.20462
1242             79        0.23552
1243             79        0.26567
1244             79         0.2956
1245             79        0.32613
1246             79        0.35689
1247             79        0.38473
1248             79        0.41538
1249             79        0.44552
1250             79        0.47477
1251             79        0.50224
1252             79        0.53065
1253             79        0.56053
1254             79        0.59082
1255             79        0.62053
1256             79        0.65075
1257             79        0.68117
1258             79        0.71052
1259             79         0.7409
1260             79        0.76877
1261             79        0.79944
1262             79        0.82846
1263             79        0.85789
1264             79        0.88595
1265             79        0.91355
1266             79         0.9438
1267             79        0.97229
1268    79     1
2  1  0
1269              1            0.5
1270     1     1
1270     2     0
1271     2     1
1271     3     0
1272     3     1
1272     5     0
1273     5     1
1273     6     0
1274              6        0.10411
1275              6        0.20822
1276              6        0.29635
1277              6        0.39723
1278              6        0.49796
1279              6         0.5996
1280              6        0.69733
1281              6        0.79936
1282              6        0.90175
1283     6     1
1283     7     0
1284              7        0.35354
1285              7        0.67713
1286     7     1
1286     8     0
1287              8        0.50912
1288     8     1
1288     9     0
1289              9        0.12612
1290              9        0.25144
1291              9        0.37252
1292              9        0.49455
1293              9         0.6205
1294              9        0.74858
1295              9        0.87349
1296     9     1
1296    10     0
1297             10        0.01575
1298             10        0.03068
1299             10        0.04531
1300             10        0.06114
1301             10        0.07675
1302             10        0.09117
1303             10        0.10564
1304             10        0.12107
1305             10        0.13639
1306             10         0.1499
1307             10        0.16547
1308             10        0.18135
1309             10        0.19669
1310             10        0.21127
1311             10        0.22702
1312             10        0.24264
1313             10        0.25814
1314             10        0.27408
1315             10        0.28999
1316             10        0.30583
1317             10        0.32113
1318             10        0.33691
1319             10        0.35239
1320             10        0.36796
1321             10         0.3837
1322             10        0.39949
1323             10        0.41507
1324             10         0.4291
1325             10        0.44409
1326             10         0.4596
1327             10        0.47544
1328             10        0.49116
1329             10        0.50665
1330             10        0.52182
1331             10        0.53751
1332             10        0.55317
1333             10        0.56806
1334             10        0.58342
1335             10        0.59885
1336             10        0.61424
1337             10        0.63007
1338             10        0.64544
1339             10        0.66074
1340             10        0.67644
1341             10        0.69181
1342             10        0.70766
1343             10        0.72334
1344             10          0.738
1345             10        0.75394
1346             10        0.76927
1347             10        0.78509
1348             10        0.80077
1349             10        0.81636
1350             10        0.83213
1351             10         0.8475
1352             10        0.86294
1353             10        0.87835
1354             10        0.89393
1355             10        0.90935
1356             10        0.92492
1357             10         0.9405
1358             10         0.9558
1359             10        0.96975
1360             10        0.98438
1361    10     1
1296    11     0
1362             11        0.01712
1363             11        0.03366
1364             11        0.05021
1365             11         0.0676
1366             11        0.08449
1367             11        0.10232
1368             11        0.11899
1369             11        0.13655
1370             11        0.15238
1371             11         0.1703
1372             11        0.18806
1373             11        0.20575
1374             11        0.22342
1375             11        0.24093
1376             11         0.2589
1377             11        0.27525
1378             11        0.29335
1379             11        0.31099
1380             11        0.32909
1381             11        0.34678
1382             11        0.36484
1383             11        0.38226
1384             11        0.39764
1385             11        0.41498
1386             11        0.43217
1387             11        0.45018
1388             11        0.46809
1389             11         0.4858
1390             11        0.50232
1391             11        0.51792
1392             11        0.53579
1393             11        0.55379
1394             11        0.57184
1395             11        0.58866
1396             11        0.60647
1397             11        0.62438
1398             11        0.64216
1399             11        0.66009
1400             11        0.67794
1401             11        0.69543
1402             11        0.71336
1403             11        0.73042
1404             11        0.74851
1405             11        0.76644
1406             11        0.78449
1407             11        0.80196
1408             11        0.82002
1409             11        0.83806
1410             11         0.8558
1411             11        0.87376
1412             11        0.89182
1413             11        0.90967
1414             11        0.92776
1415             11        0.94572
1416             11        0.96382
1417             11        0.98191
1418    11     1
1288    12     0
1419             12        0.07826
1420             12        0.15878
1421             12        0.24467
1422             12        0.32891
1423             12        0.41462
1424             12        0.50066
1425             12        0.58743
1426             12        0.67139
1427             12        0.75137
1428             12        0.83558
1429             12        0.91288
1430    12     1
1286    13     0
1431             13        0.01304
1432             13        0.02511
1433             13        0.03693
1434             13        0.04907
1435             13        0.06111
1436             13        0.07336
1437             13        0.08555
1438             13        0.09678
1439             13        0.10897
1440             13        0.12077
1441             13        0.13307
1442             13        0.14532
1443             13        0.15763
1444             13         0.1689
1445             13        0.18078
1446             13        0.19277
1447             13        0.20399
1448             13        0.21583
1449             13        0.22766
1450             13        0.23997
1451             13        0.25188
1452             13        0.26406
1453             13        0.27614
1454             13        0.28784
1455             13        0.30012
1456             13          0.312
1457             13        0.32396
1458             13        0.33613
1459             13        0.34758
1460             13        0.35935
1461             13        0.37166
1462             13        0.38386
1463             13        0.39617
1464             13        0.40813
1465             13        0.42017
1466             13        0.43213
1467             13        0.44428
1468             13        0.45594
1469             13        0.46819
1470             13        0.47926
1471             13        0.49083
1472             13        0.50267
1473             13         0.5148
1474             13         0.5268
1475             13        0.53915
1476             13        0.55134
1477             13         0.5634
1478             13        0.57554
1479             13        0.58782
1480             13          0.599
1481             13        0.61112
1482             13        0.62348
1483             13        0.63582
1484             13        0.64816
1485             13        0.66054
1486             13        0.67202
1487             13        0.68411
1488             13        0.69602
1489             13        0.70814
1490             13        0.72019
1491             13        0.73224
1492             13        0.74405
1493             13        0.75617
1494             13        0.76747
1495             13        0.77965
1496             13        0.79174
1497             13        0.80364
1498             13        0.81589
1499             13        0.82794
1500             13        0.83927
1501             13        0.85151
1502             13         0.8636
1503             13         0.8757
1504             13          0.886
1505             13          0.898
1506             13         0.9095
1507             13        0.92148
1508             13        0.93318
1509             13        0.94548
1510             13        0.95515
1511             13        0.96749
1512             13        0.97816
1513             13        0.99034
1514    13     1
1283    14     0
1515             14        0.02358
1516             14        0.04684
1517             14        0.07011
1518             14        0.09355
1519             14        0.11702
1520             14        0.14038
1521             14        0.16372
1522             14        0.18696
1523             14        0.21037
1524             14        0.23356
1525             14        0.25705
1526             14        0.28046
1527             14        0.30396
1528             14        0.32733
1529             14        0.35071
1530             14         0.3739
1531             14        0.39742
1532             14        0.42044
1533             14        0.44331
1534             14        0.46645
1535             14        0.48978
1536             14        0.51324
1537             14        0.53659
1538             14        0.55987
1539             14        0.58323
1540             14        0.60665
1541             14        0.63012
1542             14        0.65345
1543             14        0.67692
1544             14        0.70025
1545             14        0.72375
1546             14        0.74721
1547             14        0.76971
1548             14        0.79294
1549             14        0.81596
1550             14        0.83794
1551             14        0.86021
1552             14        0.88276
1553             14         0.9062
1554             14        0.92965
1555             14        0.95311
1556             14        0.97656
1557    14     1
1273    15     0
1558             15        0.04726
1559             15        0.09452
1560             15        0.14179
1561             15        0.18873
1562             15        0.23536
1563             15        0.28104
1564             15        0.32583
1565             15         0.3671
1566             15        0.41328
1567             15        0.45732
1568             15        0.50154
1569             15        0.54579
1570             15         0.5928
1571             15        0.63747
1572             15        0.68143
1573             15        0.72595
1574             15        0.77113
1575             15        0.81839
1576             15        0.86516
1577             15        0.91176
1578             15        0.95329
1579    15     1
1579   110     0
1580            110        0.06242
1581            110         0.1262
1582            110        0.18673
1583            110        0.24954
1584            110        0.30939
1585            110        0.37163
1586            110        0.43445
1587            110        0.49129
1588            110        0.55532
1589            110        0.61828
1590            110        0.68246
1591            110        0.74657
1592            110        0.81045
1593            110        0.87356
1594            110        0.93624
1595   110     1
1273    16     0
1596    16     1
1596    17     0
1597             17        0.18071
1598             17        0.31726
1599             17        0.45713
1600             17        0.58987
1601             17        0.72965
1602             17        0.86914
1603    17     1
1596     4     0
1604     4     1
1596    18     0
1605    18     1
1271    19     0
1606             19         0.1273
1607             19        0.25461
1608             19        0.38191
1609             19        0.50922
1610             19        0.62832
1611             19        0.74762
1612             19        0.87376
1613    19     1
1270    20     0
1614             20        0.12965
1615             20        0.25931
1616             20        0.38896
1617             20        0.51424
1618             20        0.63323
1619             20        0.74759
1620             20        0.87375
1621    20     1
1621    21     0
1622             21        0.50345
1623    21     1
1623    22     0
1624             22        0.36281
1625             22        0.68029
1626    22     1
1626    23     0
1627             23        0.53995
1628    23     1
1628    24     0
1629    24     1
1629    25     0
1630             25        0.01863
1631             25        0.04041
1632             25        0.06173
1633             25        0.08277
1634             25        0.10407
1635             25        0.12573
1636             25        0.14569
1637             25          0.167
1638             25        0.18802
1639             25        0.20906
1640             25        0.23075
1641             25          0.252
1642             25        0.27232
1643             25        0.29337
1644             25        0.31454
1645             25        0.33582
1646             25        0.35688
1647             25        0.37771
1648             25        0.39936
1649             25        0.42054
1650             25        0.44222
1651             25         0.4635
1652             25        0.48242
1653             25        0.50275
1654             25        0.52327
1655             25         0.5449
1656             25        0.56581
1657             25        0.58529
1658             25        0.60635
1659             25        0.62762
1660             25        0.64901
1661             25        0.66865
1662             25         0.6904
1663             25        0.71031
1664             25        0.73181
1665             25        0.75112
1666             25        0.77141
1667             25        0.79272
1668             25        0.81278
1669             25        0.83314
1670             25         0.8545
1671             25        0.87547
1672             25        0.89638
1673             25        0.91689
1674             25        0.93714
1675             25        0.95833
1676             25        0.97823
1677    25     1
1629    26     0
1678             26         0.0211
1679             26        0.04515
1680             26        0.06692
1681             26        0.09027
1682             26        0.11332
1683             26        0.13715
1684             26        0.16033
1685             26        0.18433
1686             26        0.20784
1687             26        0.23149
1688             26        0.25546
1689             26        0.27942
1690             26        0.30336
1691             26        0.32663
1692             26        0.34947
1693             26        0.37301
1694             26        0.39692
1695             26        0.42086
1696             26        0.44343
1697             26         0.4663
1698             26        0.48989
1699             26        0.51243
1700             26         0.5353
1701             26        0.55701
1702             26        0.58022
1703             26        0.60416
1704             26        0.62827
1705             26        0.65197
1706             26        0.67475
1707             26        0.69821
1708             26        0.72154
1709             26        0.74452
1710             26        0.76818
1711             26        0.79147
1712             26        0.81535
1713             26        0.83796
1714             26        0.86149
1715             26         0.8841
1716             26        0.90752
1717             26        0.93015
1718             26        0.95358
1719             26          0.976
1720    26     1
1628    27     0
1721             27        0.02207
1722             27        0.04039
1723             27        0.06069
1724             27         0.0802
1725             27        0.09738
1726             27         0.1158
1727             27        0.13516
1728             27        0.15453
1729             27        0.17412
1730             27         0.1941
1731             27        0.21291
1732             27        0.23272
1733             27        0.25193
1734             27        0.27171
1735             27         0.2904
1736             27        0.30923
1737             27        0.32914
1738             27        0.34882
1739             27        0.36729
1740             27        0.38597
1741             27        0.40516
1742             27         0.4248
1743             27        0.44481
1744             27        0.46367
1745             27        0.48354
1746             27        0.50353
1747             27        0.52356
1748             27        0.54284
1749             27        0.56289
1750             27        0.58278
1751             27        0.60283
1752             27        0.62285
1753             27        0.64296
1754             27        0.66318
1755             27        0.68321
1756             27        0.70299
1757             27         0.7232
1758             27         0.7426
1759             27        0.76203
1760             27        0.78214
1761             27         0.8022
1762             27         0.8218
1763             27        0.84092
1764             27         0.8603
1765             27        0.88021
1766             27         0.9003
1767             27        0.92022
1768             27        0.94037
1769             27        0.95991
1770             27        0.97989
1771    27     1
1626    28     0
1772             28        0.04478
1773             28        0.09122
1774             28          0.138
1775             28        0.18246
1776             28          0.227
1777             28        0.27165
1778             28        0.31862
1779             28        0.36529
1780             28        0.41006
1781             28        0.45574
1782             28         0.5013
1783             28        0.54548
1784             28        0.59136
1785             28        0.63724
1786             28        0.68245
1787             28        0.72942
1788             28         0.7748
1789             28        0.82009
1790             28        0.86423
1791             28        0.90917
1792             28        0.95379
1793    28     1
1623    29     0
1794             29        0.04383
1795             29        0.08244
1796             29        0.11886
1797             29        0.15669
1798             29        0.19501
1799             29         0.2322
1800             29        0.27136
1801             29        0.31052
1802             29        0.34853
1803             29        0.38585
1804             29        0.42367
1805             29        0.46317
1806             29        0.50247
1807             29         0.5408
1808             29        0.57982
1809             29        0.61846
1810             29        0.65761
1811             29        0.69347
1812             29        0.73246
1813             29        0.77158
1814             29        0.80984
1815             29        0.84929
1816             29        0.88636
1817             29        0.92403
1818             29        0.96231
1819    29     1
1819    30     0
1820             30        0.02875
1821             30         0.0562
1822             30        0.08343
1823             30        0.10942
1824             30        0.13694
1825             30        0.16344
1826             30        0.18923
1827             30        0.21655
1828             30         0.2441
1829             30        0.27022
1830             30        0.29669
1831             30        0.32339
1832             30        0.35068
1833             30        0.37762
1834             30        0.40468
1835             30        0.43198
1836             30        0.45924
1837             30        0.48579
1838             30        0.51275
1839             30        0.53796
1840             30        0.56512
1841             30        0.59239
1842             30        0.61959
1843             30        0.64605
1844             30        0.67169
1845             30        0.69564
1846             30        0.72107
1847             30        0.74694
1848             30         0.7738
1849             30        0.79965
1850             30         0.8229
1851             30        0.84793
1852             30         0.8748
1853             30        0.89508
1854             30        0.92235
1855             30        0.94633
1856             30        0.97299
1857    30     1
1819    31     0
1858             31         0.0321
1859             31        0.06296
1860             31        0.09409
1861             31        0.12369
1862             31        0.15335
1863             31        0.18327
1864             31        0.21422
1865             31        0.24389
1866             31        0.27444
1867             31        0.30534
1868             31        0.33641
1869             31        0.36742
1870             31        0.39794
1871             31        0.42733
1872             31        0.45774
1873             31        0.48782
1874             31        0.51619
1875             31        0.54696
1876             31          0.577
1877             31        0.60679
1878             31        0.63716
1879             31        0.66798
1880             31        0.69856
1881             31         0.7265
1882             31        0.75682
1883             31        0.78723
1884             31        0.81704
1885             31        0.84678
1886             31        0.87751
1887             31        0.90845
1888             31        0.93918
1889             31        0.97019
1890    31     1
1621    32     0
1891             32         0.1008
1892             32        0.20447
1893             32        0.29613
1894             32        0.38975
1895             32        0.49469
1896             32        0.58812
1897             32        0.68852
1898             32        0.79412
1899             32        0.89917
1900    32     1
1900    33     0
1901             33        0.02348
1902             33         0.0461
1903             33        0.06977
1904             33        0.09305
1905             33        0.11636
1906             33        0.13795
1907             33         0.1578
1908             33        0.18085
1909             33        0.20368
1910             33         0.2266
1911             33        0.24998
1912             33        0.27272
1913             33        0.29613
1914             33        0.31794
1915             33        0.34041
1916             33        0.36378
1917             33        0.38626
1918             33         0.4096
1919             33        0.43162
1920             33        0.45249
1921             33        0.47556
1922             33        0.49892
1923             33        0.52173
1924             33        0.54505
1925             33        0.56811
1926             33        0.58956
1927             33        0.61291
1928             33        0.63522
1929             33        0.65781
1930             33        0.67922
1931             33        0.70231
1932             33        0.72428
1933             33        0.74726
1934             33        0.76962
1935             33        0.79232
1936             33        0.81516
1937             33        0.83809
1938             33        0.86088
1939             33        0.88434
1940             33        0.90757
1941             33        0.93121
1942             33          0.954
1943             33        0.97698
1944    33     1
1900    34     0
1945             34        0.02371
1946             34         0.0467
1947             34        0.07037
1948             34        0.09476
1949             34        0.11905
1950             34        0.14306
1951             34        0.16752
1952             34        0.19107
1953             34        0.21492
1954             34        0.23924
1955             34         0.2633
1956             34        0.28722
1957             34        0.31175
1958             34        0.33518
1959             34        0.35953
1960             34        0.38394
1961             34        0.40809
1962             34        0.43198
1963             34        0.45573
1964             34        0.47948
1965             34        0.50232
1966             34        0.52478
1967             34        0.54838
1968             34        0.57182
1969             34        0.59611
1970             34        0.62056
1971             34        0.64337
1972             34        0.66721
1973             34        0.69127
1974             34        0.71559
1975             34        0.73862
1976             34        0.76108
1977             34        0.78495
1978             34         0.8091
1979             34        0.83193
1980             34        0.85647
1981             34        0.88105
1982             34        0.90501
1983             34        0.92927
1984             34        0.95359
1985             34        0.97793
1986    34     1
