0  0  0
1           0       5e-05
2  0  1
2  37   0
3  37   1
3  38   0
4           38      0.16901
5           38      0.33802
6           38      0.50704
7           38       0.6707
8           38      0.83845
9  38   1
9  79   0
10           79      0.09113
11           79      0.18151
12           79      0.27384
13           79      0.36623
14           79      0.45875
15           79      0.55179
16           79       0.6447
17           79       0.7359
18           79      0.82801
19           79      0.92088
20  79   1
20  80   0
21           80      0.54206
22  80   1
22  81   0
23           81      0.07691
24           81      0.15397
25           81      0.23073
26           81      0.30776
27           81      0.38399
28           81      0.46086
29           81      0.53804
30           81      0.61499
31           81      0.69175
32           81      0.76848
33           81       0.8456
34           81      0.92267
35  81   1
35  82   0
36  82   1
36  83   0
37           83      0.30877
38           83      0.65561
39  83   1
39  84   0
40           84      0.48574
41  84   1
41  85   0
42           85      0.11407
43           85      0.22868
44           85      0.34263
45           85      0.45655
46           85      0.57078
47           85      0.68512
48           85      0.79798
49           85      0.90948
50  85   1
50  86   0
51  86   1
51  87   0
52           87      0.10966
53           87      0.22308
54           87      0.33297
55           87      0.44738
56           87      0.56091
57           87      0.66981
58           87      0.78258
59           87      0.89611
60  87   1
60  88   0
61           88      0.09208
62           88      0.18457
63           88      0.27379
64           88      0.36674
65           88      0.45959
66           88      0.55263
67           88      0.64242
68           88      0.72817
69           88      0.82076
70           88      0.91103
71  88   1
71  89   0
72           89      0.45475
73  89   1
73  90   0
74           90      0.12489
75           90      0.24947
76           90      0.37527
77           90      0.49996
78           90      0.62697
79           90       0.7482
80           90      0.87503
81  90   1
81  91   0
82  91   1
82  92   0
83           92      0.11654
84           92        0.244
85           92      0.37265
86           92      0.50069
87           92      0.62792
88           92       0.7559
89           92      0.88426
90  92   1
90  93   0
91  93   1
91  94   0
92           94      0.07393
93           94      0.14611
94           94      0.21761
95           94      0.28913
96           94      0.36059
97           94      0.43236
98           94       0.5024
99           94      0.57076
100            94       0.64305
101            94       0.71583
102            94        0.7858
103            94       0.85813
104            94       0.92965
105   94    1
105   95    0
106            95       0.14738
107            95       0.29209
108            95       0.43223
109            95       0.57554
110            95       0.71949
111            95       0.86073
112   95    1
112   96    0
113   96    1
113   39    0
114            39       0.23931
115            39       0.49244
116            39       0.74603
117   39    1
117   40    0
118            40       0.33346
119            40       0.67897
120   40    1
120   41    0
121            41       0.06295
122            41       0.12514
123            41       0.18901
124            41       0.25297
125            41       0.31676
126            41       0.38021
127            41        0.4419
128            41       0.50571
129            41       0.56781
130            41       0.62971
131            41       0.69243
132            41       0.75549
133            41       0.81904
134            41       0.88073
135            41       0.94457
136   41    1
136   42    0
137            42       0.35715
138            42       0.68361
139   42    1
139   43    0
140            43       0.04408
141            43       0.08993
142            43       0.13555
143            43       0.17991
144            43       0.22372
145            43       0.26972
146            43       0.31411
147            43       0.35965
148            43       0.40547
149            43        0.4512
150            43       0.49688
151            43       0.54291
152            43       0.58785
153            43       0.63323
154            43       0.67919
155            43       0.72516
156            43        0.7712
157            43       0.81706
158            43       0.86283
159            43        0.9085
160            43       0.95434
161   43    1
161   44    0
162            44       0.08419
163            44       0.16742
164            44        0.2495
165            44       0.33243
166            44       0.41483
167            44        0.4957
168            44       0.57971
169            44       0.66408
170            44       0.74849
171            44       0.83291
172            44        0.9169
173   44    1
173   45    0
174            45       0.12649
175            45       0.25265
176            45       0.37584
177            45       0.49866
178            45       0.62559
179            45       0.75091
180            45       0.87597
181   45    1
181   97    0
182            97       0.07007
183            97       0.13811
184            97       0.20698
185            97       0.27245
186            97       0.33115
187            97       0.39798
188            97       0.46803
189            97       0.53213
190            97       0.60073
191            97        0.6698
192            97       0.73837
193            97       0.80851
194            97         0.871
195            97       0.93874
196   97    1
173   46    0
197            46       0.11498
198            46       0.22713
199            46       0.33923
200            46       0.45345
201            46       0.56471
202            46       0.67245
203            46       0.78573
204            46       0.88944
205   46    1
205   98    0
206            98       0.18236
207            98       0.36981
208            98       0.53902
209            98       0.72612
210            98       0.90805
211   98    1
161   47    0
212            47       0.05644
213            47       0.10637
214            47       0.15702
215            47       0.21188
216            47       0.26916
217            47        0.3256
218            47       0.38269
219            47       0.44101
220            47       0.50026
221            47       0.55661
222            47       0.61463
223            47       0.66687
224            47       0.72263
225            47       0.77717
226            47       0.82887
227            47       0.88376
228            47        0.9421
229   47    1
139   48    0
230            48       0.01834
231            48       0.04213
232            48       0.06562
233            48        0.0885
234            48       0.11227
235            48       0.13563
236            48       0.15955
237            48       0.18338
238            48       0.20601
239            48       0.22955
240            48       0.25342
241            48       0.27732
242            48       0.30123
243            48       0.32416
244            48       0.34725
245            48       0.37105
246            48       0.39458
247            48       0.41843
248            48        0.4419
249            48        0.4641
250            48        0.4877
251            48       0.51064
252            48       0.53368
253            48       0.55748
254            48       0.58043
255            48        0.6042
256            48       0.62764
257            48       0.65039
258            48       0.67385
259            48       0.69751
260            48       0.71948
261            48       0.74278
262            48       0.76581
263            48       0.78975
264            48       0.81363
265            48        0.8375
266            48       0.86156
267            48       0.88528
268            48         0.908
269            48       0.93116
270            48       0.95474
271            48       0.97837
272   48    1
272   99    0
273   99    1
273  100    0
274           100       0.03616
275           100       0.08254
276           100       0.12563
277           100       0.17354
278           100       0.22147
279           100       0.26825
280           100       0.31192
281           100       0.36014
282           100       0.40837
283           100       0.45296
284           100       0.49821
285           100       0.54628
286           100       0.58973
287           100       0.63678
288           100       0.68443
289           100       0.73222
290           100       0.77583
291           100        0.8224
292           100       0.86811
293           100       0.91466
294           100       0.95711
295  100    1
273  101    0
296           101       0.06089
297           101       0.12426
298           101       0.19015
299           101       0.25536
300           101       0.32279
301           101       0.36465
302           101       0.42222
303           101       0.48881
304           101       0.55493
305           101        0.6206
306           101       0.68857
307           101       0.75662
308           101       0.82244
309           101       0.88499
310           101        0.9524
311  101    1
136   49    0
312            49       0.04042
313            49        0.0777
314            49       0.11566
315            49       0.15217
316            49        0.1888
317            49        0.2262
318            49       0.26315
319            49       0.29998
320            49       0.33428
321            49       0.37032
322            49       0.40848
323            49       0.44507
324            49       0.48335
325            49       0.52079
326            49       0.55684
327            49        0.5933
328            49       0.63024
329            49       0.66782
330            49       0.70565
331            49       0.74359
332            49       0.76258
333            49       0.78518
334            49       0.82205
335            49       0.85743
336            49       0.89317
337            49       0.92597
338            49       0.96295
339   49    1
120   50    0
340            50       0.03452
341            50       0.06818
342            50       0.10188
343            50       0.13501
344            50       0.16452
345            50       0.19868
346            50       0.23336
347            50       0.26683
348            50        0.2909
349            50       0.32598
350            50       0.36096
351            50       0.39532
352            50       0.42995
353            50       0.46412
354            50       0.49809
355            50        0.5311
356            50       0.56581
357            50       0.60079
358            50       0.63542
359            50       0.66978
360            50       0.70249
361            50       0.73633
362            50       0.77021
363            50       0.80472
364            50       0.83557
365            50       0.86628
366            50       0.89941
367            50       0.93381
368            50       0.96866
369   50    1
117   51    0
370            51       0.08783
371            51       0.18156
372            51       0.26605
373            51       0.35966
374            51        0.4508
375            51       0.54051
376            51       0.63133
377            51       0.71526
378            51       0.80939
379            51        0.9039
380   51    1
113   52    0
381            52       0.05704
382            52       0.12151
383            52       0.18693
384            52       0.25254
385            52       0.31373
386            52       0.37722
387            52       0.44247
388            52       0.49437
389            52       0.56308
390            52       0.62724
391            52       0.68845
392            52       0.74748
393            52       0.81329
394            52       0.87743
395            52       0.93487
396   52    1
112   53    0
397            53       0.03466
398            53       0.06959
399            53       0.10257
400            53       0.13801
401            53       0.17227
402            53       0.20769
403            53       0.24248
404            53       0.27771
405            53        0.3131
406            53       0.34824
407            53       0.38402
408            53       0.41898
409            53       0.45302
410            53       0.48812
411            53       0.52149
412            53       0.55574
413            53       0.59136
414            53       0.62449
415            53       0.65867
416            53       0.69425
417            53       0.72829
418            53       0.76325
419            53       0.79813
420            53       0.82862
421            53       0.86193
422            53       0.89693
423            53       0.93228
424            53       0.96715
425   53    1
105   54    0
426            54        0.0284
427            54        0.0546
428            54       0.08336
429            54       0.11179
430            54       0.14077
431            54       0.16868
432            54       0.19719
433            54       0.22568
434            54       0.25415
435            54       0.28148
436            54       0.30911
437            54       0.33727
438            54       0.36407
439            54       0.39086
440            54       0.41486
441            54       0.44301
442            54       0.47038
443            54       0.49516
444            54       0.52131
445            54       0.54951
446            54       0.57777
447            54       0.60677
448            54       0.63505
449            54       0.66341
450            54       0.69055
451            54       0.71919
452            54        0.7481
453            54       0.77588
454            54       0.80409
455            54       0.83163
456            54       0.86011
457            54       0.88886
458            54       0.91613
459            54       0.94318
460            54       0.97179
461   54    1
91  55   0
462            55       0.02812
463            55       0.05919
464            55       0.08807
465            55       0.11468
466            55       0.14577
467            55       0.17722
468            55       0.20777
469            55       0.23737
470            55       0.26709
471            55       0.29751
472            55       0.32824
473            55       0.35923
474            55       0.38967
475            55       0.42068
476            55       0.45183
477            55       0.48275
478            55       0.51359
479            55       0.54277
480            55       0.57431
481            55       0.60569
482            55       0.63471
483            55       0.66453
484            55       0.69566
485            55       0.72695
486            55       0.75752
487            55       0.78733
488            55       0.81844
489            55       0.84877
490            55          0.88
491            55       0.91073
492            55       0.94125
493            55       0.97194
494   55    1
90  56   0
495            56       0.03781
496            56       0.06948
497            56       0.10253
498            56       0.13551
499            56       0.16946
500            56       0.20336
501            56       0.23725
502            56       0.27035
503            56       0.30421
504            56       0.33822
505            56       0.37162
506            56       0.40503
507            56       0.43637
508            56       0.46802
509            56       0.49992
510            56       0.53392
511            56       0.56768
512            56       0.60161
513            56       0.63466
514            56       0.66828
515            56       0.70224
516            56       0.73501
517            56       0.76765
518            56       0.80163
519            56       0.83359
520            56       0.86659
521            56       0.90076
522            56       0.93466
523            56       0.96819
524   56    1
82  57   0
525            57       0.01783
526            57       0.04468
527            57       0.07322
528            57       0.10141
529            57       0.12968
530            57       0.15848
531            57       0.18682
532            57       0.21472
533            57       0.24182
534            57        0.2697
535            57       0.29791
536            57       0.32467
537            57       0.35174
538            57       0.37906
539            57       0.40748
540            57       0.43531
541            57       0.46159
542            57       0.48991
543            57       0.51808
544            57       0.54521
545            57       0.57373
546            57       0.60175
547            57       0.63033
548            57       0.65849
549            57       0.68507
550            57       0.71271
551            57       0.74037
552            57       0.76272
553            57       0.79081
554            57       0.81487
555            57       0.84314
556            57       0.86997
557            57       0.89864
558            57       0.92564
559            57        0.9436
560            57       0.97213
561   57    1
81  58   0
562            58       0.02705
563            58       0.06031
564            58       0.09538
565            58       0.13231
566            58       0.16448
567            58       0.19658
568            58       0.23216
569            58       0.26477
570            58       0.30052
571            58       0.33641
572            58       0.37077
573            58        0.4068
574            58       0.44242
575            58       0.47779
576            58       0.51089
577            58       0.54583
578            58       0.58135
579            58        0.6163
580            58       0.65132
581            58       0.68756
582            58       0.72451
583            58        0.7596
584            58       0.79485
585            58       0.82946
586            58       0.86694
587            58       0.90073
588            58       0.93407
589            58       0.96623
590   58    1
590  102    0
591           102       0.09473
592           102       0.18859
593           102       0.28591
594           102       0.38256
595           102       0.47088
596           102       0.56371
597           102       0.65668
598           102       0.74478
599           102       0.82875
600           102        0.9149
601  102    1
73  59   0
602            59       0.01639
603            59       0.04169
604            59       0.06462
605            59       0.08866
606            59       0.11317
607            59       0.13631
608            59       0.15932
609            59       0.18262
610            59        0.2072
611            59        0.2298
612            59       0.25381
613            59       0.27825
614            59       0.30373
615            59       0.32888
616            59       0.35357
617            59       0.37722
618            59       0.40116
619            59       0.42527
620            59       0.44922
621            59       0.47397
622            59       0.49772
623            59        0.5205
624            59       0.54495
625            59       0.56995
626            59       0.59402
627            59       0.61875
628            59       0.64257
629            59        0.6665
630            59       0.69011
631            59       0.71485
632            59       0.73627
633            59       0.76087
634            59       0.78556
635            59        0.8085
636            59       0.82947
637            59       0.85517
638            59       0.87896
639            59       0.90235
640            59         0.927
641            59       0.95062
642            59       0.97561
643   59    1
643  103    0
644           103       0.17221
645           103       0.34554
646           103       0.51358
647           103       0.67358
648           103       0.83805
649  103    1
71  60   0
650            60       0.03495
651            60       0.07321
652            60       0.10817
653            60       0.14554
654            60       0.18421
655            60       0.22334
656            60       0.25984
657            60       0.29855
658            60       0.33703
659            60       0.36623
660            60       0.39777
661            60       0.43635
662            60       0.47257
663            60       0.51139
664            60       0.54997
665            60       0.58815
666            60       0.62699
667            60        0.6642
668            60       0.70081
669            60       0.73775
670            60       0.77655
671            60       0.81413
672            60       0.85267
673            60       0.89177
674            60       0.92388
675            60       0.96169
676   60    1
60  61   0
677            61       0.01907
678            61       0.03339
679            61        0.0544
680            61       0.07557
681            61       0.09725
682            61       0.11898
683            61       0.14031
684            61       0.16141
685            61         0.182
686            61       0.20347
687            61       0.22514
688            61       0.24678
689            61       0.26619
690            61       0.28742
691            61       0.30904
692            61       0.32947
693            61       0.34898
694            61       0.36997
695            61       0.39113
696            61       0.41277
697            61       0.43426
698            61       0.45582
699            61       0.47735
700            61       0.49863
701            61       0.51959
702            61       0.54091
703            61       0.56247
704            61       0.58384
705            61       0.60531
706            61       0.62675
707            61       0.64827
708            61        0.6698
709            61       0.69087
710            61       0.71261
711            61       0.73421
712            61       0.75534
713            61       0.77637
714            61       0.79786
715            61       0.81928
716            61       0.83989
717            61       0.86142
718            61       0.88214
719            61       0.90318
720            61       0.92449
721            61       0.94597
722            61       0.96716
723            61       0.98857
724   61    1
51  62   0
725            62       0.02207
726            62       0.04546
727            62       0.07054
728            62       0.09597
729            62       0.12108
730            62       0.14674
731            62       0.17253
732            62       0.19844
733            62        0.2242
734            62       0.24967
735            62       0.27529
736            62       0.30083
737            62       0.32582
738            62       0.35169
739            62       0.37597
740            62       0.40141
741            62       0.42722
742            62       0.45201
743            62        0.4774
744            62       0.50234
745            62       0.52781
746            62       0.55369
747            62       0.57929
748            62       0.60468
749            62       0.63014
750            62       0.65557
751            62       0.68135
752            62       0.70719
753            62        0.7331
754            62       0.75627
755            62        0.7812
756            62       0.80621
757            62       0.83052
758            62       0.85196
759            62       0.87759
760            62       0.90297
761            62       0.92766
762            62       0.95164
763            62       0.97606
764   62    1
50  63   0
765            63       0.04605
766            63       0.08419
767            63       0.12208
768            63       0.15886
769            63       0.19607
770            63       0.23385
771            63       0.27136
772            63       0.30751
773            63       0.34503
774            63       0.38202
775            63       0.41948
776            63       0.45653
777            63        0.4915
778            63       0.52131
779            63       0.55834
780            63       0.59543
781            63       0.63156
782            63       0.66888
783            63       0.70638
784            63       0.74325
785            63       0.78054
786            63        0.8156
787            63       0.85187
788            63       0.88865
789            63       0.92465
790            63       0.96213
791   63    1
41  64   0
792            64       0.01954
793            64       0.03823
794            64       0.05505
795            64       0.07485
796            64        0.0924
797            64       0.11034
798            64       0.13041
799            64       0.15068
800            64         0.171
801            64        0.1912
802            64       0.21141
803            64       0.23095
804            64       0.25087
805            64       0.27064
806            64       0.28919
807            64       0.30898
808            64       0.32915
809            64       0.34946
810            64       0.36963
811            64       0.38931
812            64       0.40959
813            64       0.42986
814            64       0.44994
815            64       0.46976
816            64       0.48977
817            64       0.50975
818            64       0.52977
819            64         0.549
820            64       0.56926
821            64       0.58859
822            64       0.60636
823            64       0.62622
824            64       0.64612
825            64       0.66646
826            64       0.68587
827            64       0.70588
828            64       0.72578
829            64         0.746
830            64       0.76513
831            64       0.78501
832            64       0.80238
833            64       0.82133
834            64       0.84104
835            64       0.86003
836            64       0.88011
837            64       0.90017
838            64       0.92011
839            64       0.93971
840            64       0.95985
841            64       0.98008
842   64    1
39  65   0
843            65        0.0192
844            65       0.04048
845            65       0.06146
846            65        0.0826
847            65       0.10356
848            65       0.12437
849            65       0.14539
850            65       0.16673
851            65        0.1876
852            65       0.20867
853            65       0.22982
854            65       0.25098
855            65       0.27236
856            65       0.29289
857            65       0.31358
858            65       0.33444
859            65       0.35565
860            65       0.37669
861            65       0.39725
862            65       0.41822
863            65       0.43963
864            65       0.46006
865            65       0.48097
866            65       0.50223
867            65        0.5231
868            65       0.54349
869            65       0.56224
870            65       0.58315
871            65       0.60458
872            65       0.62565
873            65       0.64699
874            65       0.66824
875            65       0.68935
876            65       0.71036
877            65       0.72936
878            65       0.74968
879            65       0.77085
880            65       0.79179
881            65       0.81217
882            65       0.83249
883            65       0.85306
884            65       0.87384
885            65       0.89485
886            65         0.916
887            65       0.93711
888            65        0.9583
889            65       0.97895
890   65    1
36  66   0
891            66       0.01895
892            66       0.04101
893            66       0.06326
894            66        0.0852
895            66       0.10696
896            66       0.12874
897            66       0.15056
898            66       0.17226
899            66       0.19414
900            66        0.2158
901            66       0.23708
902            66       0.25844
903            66       0.27959
904            66       0.30072
905            66       0.32278
906            66       0.34439
907            66       0.36607
908            66       0.38829
909            66       0.41043
910            66       0.43264
911            66       0.45454
912            66       0.47674
913            66        0.4987
914            66       0.52059
915            66       0.54258
916            66       0.56457
917            66        0.5865
918            66       0.60823
919            66       0.63007
920            66       0.65205
921            66       0.67406
922            66       0.69572
923            66       0.71797
924            66        0.7401
925            66       0.76201
926            66       0.78425
927            66       0.80638
928            66       0.82826
929            66       0.85052
930            66       0.87231
931            66        0.8944
932            66       0.91619
933            66       0.93726
934            66       0.95897
935            66       0.98038
936   66    1
35  67   0
937            67       0.01598
938            67       0.03293
939            67       0.05004
940            67       0.06694
941            67       0.08406
942            67       0.10216
943            67       0.12012
944            67       0.13786
945            67       0.15537
946            67        0.1721
947            67       0.19013
948            67       0.20831
949            67       0.22539
950            67       0.24241
951            67        0.2591
952            67        0.2773
953            67       0.29542
954            67       0.31349
955            67       0.33138
956            67       0.34942
957            67       0.36756
958            67       0.38522
959            67       0.40324
960            67       0.42051
961            67       0.43783
962            67       0.45554
963            67        0.4736
964            67        0.4911
965            67       0.50841
966            67       0.52598
967            67       0.54192
968            67       0.55974
969            67       0.57789
970            67        0.5959
971            67       0.61332
972            67       0.63155
973            67       0.64924
974            67       0.66691
975            67       0.68495
976            67        0.6951
977            67       0.71278
978            67       0.73059
979            67       0.74888
980            67       0.76693
981            67       0.78501
982            67       0.80322
983            67       0.82145
984            67       0.83911
985            67       0.85725
986            67        0.8753
987            67       0.89324
988            67       0.91069
989            67       0.92858
990            67       0.94638
991            67       0.96419
992            67       0.98243
993   67    1
22  68   0
994            68       0.48986
995   68    1
995   69    0
996            69       0.06703
997            69       0.14141
998            69       0.21502
999            69       0.28394
1000             69        0.35786
1001             69        0.43191
1002             69        0.50564
1003             69        0.57949
1004             69        0.65221
1005             69        0.72581
1006             69        0.79797
1007             69        0.87142
1008             69        0.93151
1009    69     1
995   70    0
1010             70        0.08728
1011             70        0.18654
1012             70        0.28191
1013             70        0.38684
1014             70        0.49112
1015             70        0.59394
1016             70        0.69824
1017             70         0.8027
1018             70        0.90643
1019    70     1
20  71   0
1020             71        0.02658
1021             71        0.04859
1022             71        0.07064
1023             71        0.09228
1024             71        0.11452
1025             71        0.13677
1026             71        0.15872
1027             71        0.17993
1028             71        0.20064
1029             71        0.22293
1030             71        0.24475
1031             71        0.26687
1032             71        0.28696
1033             71        0.30825
1034             71         0.3305
1035             71         0.3525
1036             71        0.37475
1037             71         0.3962
1038             71        0.41755
1039             71        0.43939
1040             71        0.46038
1041             71        0.48212
1042             71        0.50192
1043             71        0.52409
1044             71        0.54626
1045             71        0.56826
1046             71        0.59017
1047             71        0.61204
1048             71         0.6328
1049             71        0.65469
1050             71        0.67657
1051             71        0.69816
1052             71        0.72038
1053             71        0.74188
1054             71        0.76389
1055             71        0.78539
1056             71         0.8072
1057             71        0.82833
1058             71        0.84996
1059             71        0.87162
1060             71        0.89298
1061             71        0.91508
1062             71        0.93693
1063             71        0.95823
1064             71        0.97958
1065    71     1
9  72   0
1066             72        0.07443
1067             72        0.15867
1068             72        0.24249
1069             72        0.32598
1070             72        0.41093
1071             72        0.49595
1072             72        0.58088
1073             72        0.66595
1074             72        0.75114
1075             72        0.83642
1076             72         0.9213
1077    72     1
1077    73     0
1078             73        0.51766
1079    73     1
1079    74     0
1080             74        0.08846
1081             74        0.17879
1082             74        0.26912
1083             74        0.36102
1084             74        0.45303
1085             74        0.54336
1086             74        0.63602
1087             74         0.7273
1088             74        0.82049
1089             74        0.91248
1090    74     1
1090    75     0
1091             75        0.04073
1092             75        0.08062
1093             75        0.12413
1094             75        0.16668
1095             75        0.21015
1096             75        0.25341
1097             75        0.29636
1098             75        0.33793
1099             75        0.38012
1100             75        0.42087
1101             75        0.46281
1102             75        0.50463
1103             75        0.54677
1104             75        0.58946
1105             75        0.63142
1106             75        0.67461
1107             75        0.71774
1108             75        0.76056
1109             75        0.80202
1110             75        0.84222
1111             75        0.87857
1112             75         0.9188
1113             75        0.96036
1114    75     1
1090    76     0
1115             76        0.06198
1116             76        0.11719
1117             76        0.17763
1118             76        0.23907
1119             76        0.29824
1120             76        0.35968
1121             76        0.42073
1122             76        0.48189
1123             76        0.54324
1124             76        0.60462
1125             76        0.65359
1126             76        0.71133
1127             76        0.77103
1128             76        0.82551
1129             76        0.88687
1130             76        0.94594
1131    76     1
1079    77     0
1132             77        0.02785
1133             77        0.05598
1134             77        0.08513
1135             77         0.1108
1136             77        0.13845
1137             77        0.16936
1138             77        0.19658
1139             77        0.22664
1140             77        0.25463
1141             77        0.28534
1142             77        0.31435
1143             77        0.34314
1144             77        0.37049
1145             77        0.39966
1146             77        0.43074
1147             77        0.46169
1148             77         0.4901
1149             77        0.51715
1150             77        0.54356
1151             77        0.57026
1152             77        0.59488
1153             77        0.62333
1154             77        0.65144
1155             77        0.68229
1156             77        0.71212
1157             77        0.74004
1158             77        0.76902
1159             77        0.80014
1160             77        0.82814
1161             77        0.85779
1162             77        0.88782
1163             77        0.91879
1164             77        0.94685
1165             77        0.97285
1166    77     1
1077    78     0
1167             78        0.02263
1168             78        0.04305
1169             78        0.06329
1170             78         0.0838
1171             78        0.10421
1172             78        0.12438
1173             78        0.14508
1174             78        0.16563
1175             78        0.18195
1176             78        0.20289
1177             78        0.22374
1178             78        0.24394
1179             78        0.26481
1180             78        0.28515
1181             78        0.30592
1182             78        0.32671
1183             78        0.34663
1184             78        0.36727
1185             78        0.38761
1186             78        0.40849
1187             78        0.42906
1188             78        0.44999
1189             78        0.47092
1190             78        0.49174
1191             78        0.51243
1192             78        0.53288
1193             78        0.55351
1194             78        0.57326
1195             78        0.59341
1196             78        0.61381
1197             78        0.63452
1198             78         0.6553
1199             78        0.67597
1200             78        0.69604
1201             78        0.71665
1202             78        0.73715
1203             78        0.75732
1204             78        0.77808
1205             78        0.79803
1206             78        0.81737
1207             78        0.83789
1208             78         0.8585
1209             78        0.87946
1210             78         0.9004
1211             78        0.92116
1212             78        0.94136
1213             78        0.96195
1214             78          0.982
1215    78     1
3  1  0
1216     1     1
1216     4     0
1217              4        0.08625
1218              4        0.19318
1219              4        0.30011
1220              4        0.40704
1221              4        0.51172
1222              4        0.61804
1223              4        0.70719
1224              4        0.80947
1225              4        0.91035
1226     4     1
1226     5     0
1227              5        0.09922
1228              5        0.20884
1229              5        0.31956
1230              5        0.43364
1231              5        0.54739
1232              5        0.66227
1233              5        0.77685
1234              5        0.88869
1235     5     1
1235     6     0
1236              6        0.10414
1237              6        0.21322
1238              6        0.32534
1239              6        0.43871
1240              6        0.55157
1241              6        0.66432
1242              6        0.77747
1243              6        0.88982
1244     6     1
1244     7     0
1245              7        0.10452
1246              7        0.21593
1247              7        0.32844
1248              7         0.4408
1249              7        0.55037
1250              7        0.66132
1251              7         0.7749
1252              7        0.88732
1253     7     1
1253     8     0
1254              8        0.01617
1255              8        0.03003
1256              8        0.04652
1257              8        0.06341
1258              8        0.08039
1259              8        0.09707
1260              8        0.11388
1261              8        0.13093
1262              8        0.14827
1263              8         0.1648
1264              8        0.18151
1265              8        0.19895
1266              8        0.21596
1267              8        0.23291
1268              8           0.25
1269              8        0.26708
1270              8        0.27749
1271              8        0.29455
1272              8        0.31177
1273              8        0.32869
1274              8        0.34591
1275              8        0.36323
1276              8        0.38036
1277              8        0.39748
1278              8        0.41474
1279              8        0.43218
1280              8        0.44902
1281              8        0.46632
1282              8        0.48303
1283              8        0.50031
1284              8        0.51748
1285              8        0.53459
1286              8         0.5514
1287              8        0.56761
1288              8        0.58419
1289              8        0.60002
1290              8         0.6172
1291              8        0.63353
1292              8        0.65016
1293              8        0.66762
1294              8        0.68394
1295              8        0.70041
1296              8        0.71746
1297              8        0.73408
1298              8        0.75119
1299              8         0.7681
1300              8        0.78362
1301              8        0.80076
1302              8        0.81777
1303              8        0.83394
1304              8        0.85041
1305              8        0.86773
1306              8         0.8848
1307              8        0.90081
1308              8        0.91769
1309              8        0.93291
1310              8        0.94877
1311              8        0.96603
1312              8        0.98332
1313     8     1
1253     9     0
1314              9        0.03243
1315              9        0.06583
1316              9        0.09408
1317              9        0.12617
1318              9        0.15708
1319              9        0.18971
1320              9        0.21752
1321              9        0.25053
1322              9        0.27967
1323              9        0.31248
1324              9        0.34377
1325              9        0.37654
1326              9        0.40904
1327              9        0.44174
1328              9        0.47425
1329              9        0.50685
1330              9        0.53989
1331              9        0.57305
1332              9        0.60664
1333              9        0.63989
1334              9        0.67292
1335              9        0.70587
1336              9        0.73819
1337              9        0.76903
1338              9        0.80259
1339              9        0.83559
1340              9        0.86909
1341              9          0.902
1342              9        0.93432
1343              9        0.96669
1344     9     1
1244    10     0
1345             10        0.02448
1346             10        0.04847
1347             10        0.07164
1348             10        0.09547
1349             10        0.11746
1350             10        0.14166
1351             10        0.16621
1352             10        0.19004
1353             10        0.21395
1354             10        0.23652
1355             10        0.26009
1356             10        0.28418
1357             10        0.30726
1358             10        0.33142
1359             10        0.35588
1360             10        0.37959
1361             10         0.4041
1362             10        0.42806
1363             10        0.45225
1364             10        0.47663
1365             10         0.5009
1366             10        0.52551
1367             10         0.5499
1368             10        0.57443
1369             10        0.59884
1370             10         0.6229
1371             10        0.64739
1372             10        0.67151
1373             10        0.69495
1374             10        0.71953
1375             10        0.74357
1376             10        0.76634
1377             10        0.79004
1378             10        0.81426
1379             10         0.8386
1380             10        0.86184
1381             10         0.8865
1382             10         0.9086
1383             10        0.93065
1384             10        0.95285
1385             10        0.97632
1386    10     1
1235    11     0
1387             11        0.01445
1388             11        0.02877
1389             11        0.04456
1390             11        0.06012
1391             11        0.07575
1392             11        0.09123
1393             11        0.10654
1394             11        0.12207
1395             11        0.13783
1396             11        0.15341
1397             11        0.16888
1398             11        0.18434
1399             11        0.20003
1400             11        0.21474
1401             11        0.23051
1402             11        0.24621
1403             11        0.26138
1404             11        0.27688
1405             11        0.29191
1406             11        0.30705
1407             11        0.32226
1408             11        0.33786
1409             11        0.35289
1410             11        0.36791
1411             11        0.38327
1412             11        0.39901
1413             11        0.41492
1414             11        0.43084
1415             11        0.44624
1416             11        0.46217
1417             11        0.47801
1418             11        0.49352
1419             11        0.50931
1420             11        0.52411
1421             11        0.53666
1422             11        0.55099
1423             11        0.56642
1424             11        0.57785
1425             11        0.59333
1426             11        0.60895
1427             11        0.62404
1428             11        0.63868
1429             11        0.65451
1430             11         0.6698
1431             11         0.6851
1432             11        0.70088
1433             11         0.7165
1434             11        0.73214
1435             11        0.74806
1436             11        0.76226
1437             11        0.77802
1438             11        0.79397
1439             11        0.80972
1440             11        0.82469
1441             11        0.84045
1442             11        0.85316
1443             11        0.86915
1444             11        0.88465
1445             11        0.89654
1446             11        0.91202
1447             11        0.92739
1448             11        0.94329
1449             11        0.95746
1450             11         0.9718
1451             11        0.98623
1452    11     1
1226    12     0
1453             12        0.25387
1454             12        0.50509
1455             12          0.756
1456    12     1
1456    13     0
1457             13        0.20058
1458             13        0.40421
1459             13        0.60687
1460             13        0.81059
1461    13     1
1461    14     0
1462             14        0.12358
1463             14        0.24784
1464             14        0.37789
1465             14        0.50905
1466             14        0.63646
1467             14        0.76704
1468             14        0.89949
1469    14     1
1469    15     0
1470             15        0.02289
1471             15        0.04933
1472             15        0.07549
1473             15        0.10313
1474             15        0.13076
1475             15        0.15864
1476             15         0.1848
1477             15        0.21035
1478             15        0.23513
1479             15         0.2622
1480             15        0.28965
1481             15        0.31705
1482             15         0.3446
1483             15        0.37092
1484             15        0.39751
1485             15        0.42531
1486             15         0.4526
1487             15        0.48031
1488             15          0.508
1489             15        0.53506
1490             15        0.56258
1491             15        0.58969
1492             15        0.61784
1493             15        0.64588
1494             15        0.67317
1495             15        0.70029
1496             15        0.72726
1497             15        0.75422
1498             15        0.78111
1499             15        0.80873
1500             15        0.83508
1501             15        0.86198
1502             15        0.88953
1503             15        0.91684
1504             15        0.94398
1505             15        0.97203
1506    15     1
1469    16     0
1507             16        0.04117
1508             16        0.07637
1509             16        0.11162
1510             16        0.14336
1511             16        0.17735
1512             16        0.21222
1513             16        0.24705
1514             16        0.28021
1515             16        0.31517
1516             16        0.34992
1517             16        0.38349
1518             16        0.41821
1519             16        0.45366
1520             16        0.48959
1521             16        0.52556
1522             16        0.56127
1523             16        0.59608
1524             16        0.62967
1525             16        0.66282
1526             16        0.69763
1527             16        0.73288
1528             16        0.76578
1529             16        0.80164
1530             16        0.83126
1531             16        0.86445
1532             16        0.89774
1533             16        0.93113
1534             16        0.96637
1535    16     1
1461    17     0
1536             17        0.01695
1537             17        0.03393
1538             17        0.05197
1539             17        0.07036
1540             17        0.08838
1541             17         0.1068
1542             17        0.12524
1543             17        0.14353
1544             17        0.16077
1545             17        0.17654
1546             17        0.19457
1547             17        0.21303
1548             17        0.23148
1549             17        0.24944
1550             17        0.26643
1551             17        0.28361
1552             17        0.30061
1553             17        0.31873
1554             17        0.33718
1555             17        0.35098
1556             17        0.36878
1557             17        0.38669
1558             17         0.4046
1559             17        0.42196
1560             17        0.43984
1561             17        0.45699
1562             17        0.47533
1563             17        0.49392
1564             17         0.5117
1565             17        0.53008
1566             17         0.5483
1567             17        0.56681
1568             17        0.58445
1569             17        0.60173
1570             17        0.61891
1571             17         0.6368
1572             17        0.65535
1573             17         0.6736
1574             17        0.69141
1575             17        0.70916
1576             17        0.72667
1577             17        0.74505
1578             17         0.7634
1579             17         0.7817
1580             17        0.79971
1581             17        0.81778
1582             17        0.83601
1583             17        0.85301
1584             17        0.86077
1585             17         0.8789
1586             17        0.89742
1587             17        0.91589
1588             17        0.93265
1589             17         0.9504
1590             17        0.96758
1591             17        0.98417
1592    17     1
1456    18     0
1593             18        0.04346
1594             18        0.09005
1595             18        0.13262
1596             18        0.17894
1597             18        0.22282
1598             18        0.26859
1599             18        0.31535
1600             18        0.36242
1601             18        0.40952
1602             18        0.45611
1603             18        0.50315
1604             18        0.54786
1605             18        0.59374
1606             18         0.6405
1607             18        0.68546
1608             18        0.73219
1609             18        0.77796
1610             18        0.82019
1611             18         0.8668
1612             18         0.9111
1613             18        0.95317
1614    18     1
1614    19     0
1615             19        0.02628
1616             19        0.05171
1617             19        0.07784
1618             19        0.10333
1619             19        0.12948
1620             19        0.15545
1621             19        0.18157
1622             19        0.19838
1623             19         0.2199
1624             19        0.24614
1625             19        0.27254
1626             19        0.29899
1627             19        0.32528
1628             19        0.35108
1629             19        0.37712
1630             19        0.40311
1631             19        0.42947
1632             19         0.4539
1633             19        0.48009
1634             19        0.50539
1635             19         0.5319
1636             19        0.55826
1637             19        0.58307
1638             19        0.60767
1639             19        0.63138
1640             19        0.65758
1641             19        0.68398
1642             19        0.70981
1643             19        0.73559
1644             19        0.76139
1645             19        0.78582
1646             19        0.79898
1647             19        0.81724
1648             19        0.84299
1649             19        0.86891
1650             19        0.89526
1651             19        0.92132
1652             19        0.94752
1653             19        0.97392
1654    19     1
1614    20     0
1655             20        0.02604
1656             20        0.05365
1657             20        0.08208
1658             20         0.1103
1659             20        0.13844
1660             20        0.16681
1661             20        0.19548
1662             20        0.22423
1663             20        0.25256
1664             20          0.281
1665             20        0.30845
1666             20        0.33725
1667             20        0.36616
1668             20         0.3947
1669             20        0.41563
1670             20        0.44293
1671             20        0.47071
1672             20        0.49961
1673             20        0.52824
1674             20        0.55497
1675             20        0.58346
1676             20        0.61191
1677             20        0.64023
1678             20        0.66674
1679             20        0.69517
1680             20        0.72177
1681             20        0.75024
1682             20        0.77737
1683             20        0.80595
1684             20        0.83384
1685             20        0.86206
1686             20        0.89066
1687             20        0.91891
1688             20        0.94715
1689             20        0.97558
1690    20     1
1216     2     0
1691     2     1
1691    21     0
1692             21        0.09405
1693             21         0.1881
1694             21        0.28215
1695             21        0.37171
1696             21        0.46527
1697             21        0.55824
1698             21        0.64895
1699             21         0.7423
1700             21        0.83317
1701             21         0.9236
1702    21     1
1702    22     0
1703             22         0.2616
1704             22        0.51282
1705             22        0.76267
1706    22     1
1706    23     0
1707             23        0.15344
1708             23        0.33136
1709             23         0.4736
1710             23        0.65245
1711             23        0.82651
1712    23     1
1712    24     0
1713             24        0.02387
1714             24        0.04688
1715             24        0.06959
1716             24        0.09265
1717             24        0.11543
1718             24        0.13641
1719             24        0.15915
1720             24        0.17991
1721             24        0.20252
1722             24         0.2249
1723             24        0.24756
1724             24        0.26944
1725             24        0.29148
1726             24        0.31265
1727             24        0.33534
1728             24        0.35828
1729             24        0.38117
1730             24        0.40372
1731             24        0.42628
1732             24        0.44864
1733             24        0.47159
1734             24        0.49406
1735             24        0.51721
1736             24        0.53759
1737             24        0.55728
1738             24        0.57818
1739             24        0.60118
1740             24        0.62253
1741             24        0.64398
1742             24        0.66661
1743             24        0.68922
1744             24        0.71191
1745             24        0.73467
1746             24        0.75723
1747             24        0.77978
1748             24        0.80234
1749             24         0.8246
1750             24        0.84668
1751             24        0.86948
1752             24        0.88963
1753             24        0.91108
1754             24        0.93341
1755             24        0.95631
1756             24        0.97867
1757    24     1
1712    25     0
1758             25        0.04866
1759             25        0.09503
1760             25        0.13777
1761             25        0.18281
1762             25        0.22998
1763             25        0.27522
1764             25        0.32196
1765             25         0.3686
1766             25        0.41582
1767             25        0.46197
1768             25        0.50922
1769             25        0.55649
1770             25        0.60232
1771             25        0.64787
1772             25        0.69508
1773             25        0.74077
1774             25        0.78766
1775             25         0.8324
1776             25        0.87094
1777             25         0.9109
1778             25        0.95301
1779    25     1
1706    26     0
1780             26        0.04286
1781             26        0.08712
1782             26        0.13246
1783             26        0.18364
1784             26        0.23511
1785             26        0.28221
1786             26        0.33612
1787             26        0.39042
1788             26        0.44138
1789             26        0.49474
1790             26         0.5472
1791             26        0.59882
1792             26        0.65035
1793             26        0.68893
1794             26        0.74195
1795             26        0.79488
1796             26        0.84431
1797             26        0.89555
1798             26        0.94763
1799    26     1
1702    27     0
1800             27        0.02144
1801             27        0.04215
1802             27        0.06155
1803             27        0.08225
1804             27        0.10137
1805             27        0.12111
1806             27        0.14137
1807             27        0.16207
1808             27        0.18288
1809             27        0.20245
1810             27        0.22281
1811             27        0.24327
1812             27        0.26309
1813             27        0.28378
1814             27        0.30448
1815             27        0.32507
1816             27        0.34576
1817             27        0.36617
1818             27        0.38496
1819             27        0.40545
1820             27         0.4263
1821             27        0.44715
1822             27        0.46783
1823             27        0.48852
1824             27        0.50882
1825             27        0.52938
1826             27        0.54968
1827             27         0.5694
1828             27        0.59007
1829             27        0.61081
1830             27        0.63153
1831             27        0.65192
1832             27        0.67231
1833             27        0.69269
1834             27        0.71332
1835             27        0.73408
1836             27        0.75489
1837             27        0.77518
1838             27        0.79548
1839             27        0.81515
1840             27         0.8356
1841             27        0.85629
1842             27        0.87696
1843             27         0.8974
1844             27        0.91782
1845             27        0.93834
1846             27        0.95892
1847             27        0.97933
1848    27     1
1691    28     0
1849             28            0.2
1850             28            0.4
1851             28            0.6
1852             28            0.8
1853    28     1
1853    29     0
1854             29        0.08966
1855             29        0.23297
1856             29        0.38648
1857             29        0.54826
1858             29        0.69958
1859             29        0.85633
1860    29     1
1860    30     0
1861             30        0.01399
1862             30        0.03062
1863             30        0.04601
1864             30        0.05975
1865             30        0.07299
1866             30        0.08697
1867             30        0.10199
1868             30        0.11601
1869             30        0.13086
1870             30        0.14786
1871             30        0.16488
1872             30        0.18193
1873             30         0.1988
1874             30        0.21598
1875             30        0.23276
1876             30        0.24976
1877             30        0.26651
1878             30         0.2833
1879             30        0.30011
1880             30        0.31717
1881             30        0.33393
1882             30        0.35049
1883             30        0.36723
1884             30          0.382
1885             30        0.39914
1886             30        0.41556
1887             30        0.42826
1888             30        0.44467
1889             30        0.46115
1890             30        0.47728
1891             30        0.49266
1892             30        0.50901
1893             30        0.52576
1894             30        0.54219
1895             30        0.55911
1896             30        0.57532
1897             30        0.59219
1898             30        0.60906
1899             30        0.62565
1900             30        0.64175
1901             30        0.65784
1902             30        0.67452
1903             30          0.691
1904             30        0.70762
1905             30        0.72465
1906             30        0.74099
1907             30        0.75759
1908             30        0.77333
1909             30        0.79032
1910             30        0.80619
1911             30        0.82273
1912             30         0.8398
1913             30        0.85649
1914             30        0.87345
1915             30        0.89066
1916             30        0.90744
1917             30        0.92451
1918             30        0.94163
1919             30        0.95866
1920             30        0.97379
1921             30        0.99024
1922    30     1
1860    31     0
1923             31        0.09943
1924             31        0.19161
1925             31        0.28187
1926             31        0.37219
1927             31         0.4641
1928             31        0.55292
1929             31        0.64545
1930             31         0.7359
1931             31        0.82735
1932             31        0.92001
1933    31     1
1853    32     0
1934             32        0.33827
1935             32           0.68
1936    32     1
1936    33     0
1937             33        0.02329
1938             33        0.04502
1939             33        0.06725
1940             33        0.08861
1941             33        0.11069
1942             33        0.13294
1943             33        0.15439
1944             33        0.17507
1945             33        0.19718
1946             33        0.21931
1947             33        0.24137
1948             33        0.26332
1949             33        0.28539
1950             33        0.30728
1951             33        0.32926
1952             33         0.3509
1953             33        0.37277
1954             33        0.39386
1955             33        0.41608
1956             33        0.43799
1957             33        0.46001
1958             33        0.48221
1959             33        0.50444
1960             33        0.52656
1961             33        0.54753
1962             33        0.56953
1963             33         0.5912
1964             33         0.6134
1965             33        0.63563
1966             33        0.65725
1967             33        0.67924
1968             33        0.70123
1969             33        0.72264
1970             33        0.74469
1971             33         0.7663
1972             33        0.78829
1973             33        0.81005
1974             33        0.83134
1975             33        0.85254
1976             33        0.87435
1977             33        0.89626
1978             33        0.91778
1979             33        0.93936
1980             33        0.96168
1981             33        0.98296
1982    33     1
1936    34     0
1983             34        0.51807
1984    34     1
1691    35     0
1985             35        0.05738
1986             35        0.11477
1987             35         0.1649
1988             35        0.22075
1989             35        0.27553
1990             35         0.3324
1991             35        0.38906
1992             35        0.44614
1993             35        0.50216
1994             35        0.55708
1995             35        0.61336
1996             35        0.66957
1997             35        0.72587
1998             35        0.78159
1999             35         0.8378
2000             35        0.89197
2001             35        0.94357
2002    35     1
1691    36     0
2003             36        0.09053
2004             36        0.18973
2005             36        0.28893
2006             36        0.38772
2007             36        0.47835
2008             36        0.56493
2009             36         0.6499
2010             36        0.73651
2011             36        0.82433
2012             36        0.91758
2013    36     1
1691     3     0
2014              3        0.33333
2015              3        0.66667
2016     3     1
