0  0  0
1           0       2e-05
2           0     0.33334
3           0     0.66667
4  0  1
4  37   0
5  37   1
5  38   0
6           38      0.12546
7           38      0.25093
8           38      0.37639
9           38      0.50185
10           38      0.62732
11           38      0.75278
12           38      0.87685
13  38   1
13  75   0
14  75   1
14  76   0
15           76      0.10671
16           76      0.21788
17           76      0.32391
18           76      0.43611
19           76      0.54898
20           76      0.65586
21           76      0.76915
22           76      0.88478
23  76   1
23  77   0
24           77      0.18563
25           77      0.40135
26           77      0.61199
27           77      0.82928
28  77   1
28  78   0
29           78      0.13471
30           78      0.25974
31           78      0.38319
32           78      0.50846
33           78      0.63422
34           78      0.75647
35           78      0.88182
36  78   1
36  79   0
37           79      0.28248
38           79      0.53353
39           79      0.79009
40  79   1
40  80   0
41           80      0.60443
42  80   1
42  81   0
43           81      0.21239
44           81      0.42438
45           81      0.63659
46           81      0.84779
47  81   1
47  82   0
48           82      0.12552
49           82      0.22065
50           82      0.31788
51           82      0.41603
52           82      0.51423
53           82      0.61222
54           82      0.71019
55           82      0.80595
56           82      0.90351
57  82   1
57  83   0
58           83      0.09637
59           83      0.21086
60           83       0.3246
61           83      0.43737
62           83      0.55082
63           83      0.66468
64           83      0.77933
65           83      0.89197
66  83   1
66  42   0
67           42      0.15995
68           42      0.30541
69           42      0.44674
70           42      0.58701
71           42       0.7224
72           42      0.86487
73  42   1
73  43   0
74           43      0.10131
75           43      0.20191
76           43      0.30168
77           43       0.4007
78           43      0.49968
79           43      0.60028
80           43      0.69921
81           43      0.79945
82           43      0.89947
83  43   1
83  84   0
84           84      0.16817
85           84      0.33247
86           84      0.49762
87           84       0.6656
88           84      0.83181
89  84   1
89  44   0
90           44      0.03368
91           44      0.06745
92           44      0.09984
93           44       0.1336
94           44      0.16637
95           44      0.20006
96           44      0.23374
97           44      0.26757
98           44       0.3014
99           44      0.33514
100            44       0.36895
101            44        0.4026
102            44       0.43625
103            44       0.46934
104            44       0.50286
105            44       0.53431
106            44       0.56549
107            44       0.59918
108            44       0.63173
109            44       0.66475
110            44       0.69779
111            44       0.73129
112            44       0.76474
113            44       0.79826
114            44        0.8319
115            44       0.86503
116            44       0.89887
117            44       0.93271
118            44       0.96653
119   44    1
119   85    0
120            85        0.0678
121            85       0.13507
122            85       0.20027
123            85        0.2684
124            85       0.33629
125            85       0.40455
126            85       0.47274
127            85       0.54098
128            85       0.60833
129            85       0.67425
130            85       0.74272
131            85        0.8011
132            85       0.86615
133            85       0.93203
134   85    1
73  45   0
135            45        0.0673
136            45       0.13406
137            45       0.20089
138            45       0.26768
139            45       0.33451
140            45       0.40129
141            45       0.46799
142            45       0.53481
143            45       0.60157
144            45       0.66807
145            45       0.73491
146            45       0.80167
147            45       0.86633
148            45       0.93317
149   45    1
149   86    0
150            86       0.14268
151            86       0.28592
152            86       0.42904
153            86       0.57034
154            86       0.71357
155            86       0.85676
156   86    1
156   46    0
157            46        0.0618
158            46       0.12443
159            46        0.1868
160            46       0.24948
161            46       0.31222
162            46       0.37466
163            46       0.43589
164            46       0.49863
165            46       0.56134
166            46       0.62409
167            46       0.68667
168            46       0.74931
169            46       0.81203
170            46       0.87478
171            46       0.93743
172   46    1
66  87   0
173            87       0.10919
174            87        0.2069
175            87       0.30615
176            87       0.40553
177            87       0.50418
178            87        0.6036
179            87         0.703
180            87       0.80264
181            87       0.90134
182   87    1
182   39    0
183            39       0.19978
184            39       0.40123
185            39       0.59693
186            39       0.80005
187   39    1
187   88    0
188            88       0.01325
189            88       0.02754
190            88       0.04176
191            88       0.05578
192            88       0.07008
193            88        0.0844
194            88       0.09833
195            88       0.11253
196            88       0.12595
197            88       0.14014
198            88       0.15448
199            88       0.16876
200            88       0.18277
201            88       0.19659
202            88       0.21077
203            88       0.22504
204            88       0.23935
205            88       0.25367
206            88       0.26797
207            88       0.28206
208            88       0.29624
209            88       0.31031
210            88       0.32461
211            88       0.33868
212            88         0.353
213            88        0.3673
214            88       0.38154
215            88       0.39584
216            88       0.41018
217            88        0.4245
218            88       0.43884
219            88       0.45311
220            88       0.46723
221            88       0.48152
222            88       0.49584
223            88       0.50973
224            88       0.52239
225            88       0.53628
226            88       0.55041
227            88       0.56401
228            88       0.57826
229            88       0.59247
230            88       0.60681
231            88       0.62101
232            88       0.63392
233            88        0.6476
234            88       0.66189
235            88       0.67603
236            88       0.69013
237            88       0.70378
238            88       0.71753
239            88       0.73186
240            88        0.7462
241            88       0.76045
242            88       0.77478
243            88       0.78894
244            88       0.80321
245            88       0.81753
246            88       0.83179
247            88        0.8455
248            88       0.85867
249            88       0.87274
250            88       0.88708
251            88        0.9014
252            88       0.91531
253            88       0.92871
254            88        0.9428
255            88       0.95714
256            88       0.97148
257            88        0.9857
258   88    1
57  47   0
259            47       0.03498
260            47       0.07766
261            47       0.12033
262            47       0.16289
263            47       0.20552
264            47       0.24807
265            47       0.29065
266            47       0.33292
267            47       0.37546
268            47       0.41809
269            47       0.46025
270            47       0.50026
271            47       0.54096
272            47       0.58283
273            47       0.62512
274            47       0.66765
275            47       0.71027
276            47       0.75293
277            47       0.79452
278            47        0.8366
279            47       0.87923
280            47       0.92166
281            47       0.96386
282   47    1
282   48    0
283            48       0.52334
284   48    1
284   89    0
285            89        0.1032
286            89       0.21438
287            89       0.32706
288            89       0.43941
289            89       0.55223
290            89         0.665
291            89       0.77706
292            89       0.88703
293   89    1
293   49    0
294            49       0.02444
295            49       0.04896
296            49       0.07308
297            49       0.09744
298            49       0.12175
299            49       0.14617
300            49       0.17069
301            49       0.19509
302            49       0.21884
303            49        0.2433
304            49       0.26775
305            49       0.29226
306            49       0.31664
307            49       0.34116
308            49       0.36552
309            49       0.38982
310            49       0.41392
311            49       0.43843
312            49       0.46293
313            49       0.48743
314            49       0.51186
315            49       0.53638
316            49       0.56064
317            49       0.58512
318            49       0.60964
319            49       0.63414
320            49       0.65863
321            49       0.68315
322            49        0.7072
323            49       0.73153
324            49       0.75583
325            49       0.78025
326            49       0.80477
327            49       0.82929
328            49        0.8538
329            49        0.8777
330            49       0.90222
331            49       0.92659
332            49       0.95111
333            49       0.97563
334   49    1
293   50    0
335            50       0.02599
336            50       0.05199
337            50       0.07798
338            50        0.1038
339            50       0.12981
340            50       0.15583
341            50       0.18168
342            50       0.20663
343            50       0.23228
344            50        0.2583
345            50        0.2842
346            50       0.30922
347            50       0.33428
348            50       0.35943
349            50       0.38537
350            50       0.41139
351            50       0.43741
352            50       0.46327
353            50       0.48906
354            50       0.51458
355            50       0.54019
356            50       0.56587
357            50       0.59189
358            50       0.61755
359            50       0.64327
360            50       0.66857
361            50       0.69356
362            50       0.71952
363            50        0.7447
364            50       0.76903
365            50       0.79427
366            50       0.82029
367            50       0.84578
368            50       0.87117
369            50       0.89712
370            50       0.92286
371            50       0.94796
372            50       0.97398
373   50    1
282   90    0
374            90       0.13351
375            90       0.30786
376            90       0.47952
377            90       0.65288
378            90       0.82705
379   90    1
379   51    0
380            51       0.03846
381            51       0.07692
382            51       0.11504
383            51       0.15361
384            51       0.19242
385            51       0.23111
386            51       0.26967
387            51        0.3084
388            51        0.3465
389            51       0.38531
390            51       0.42303
391            51       0.46186
392            51       0.50028
393            51       0.53913
394            51       0.57597
395            51       0.61445
396            51       0.65298
397            51       0.69118
398            51       0.72983
399            51       0.76854
400            51       0.80725
401            51       0.84589
402            51       0.88462
403            51       0.92349
404            51       0.96136
405   51    1
405   91    0
406            91       0.04817
407            91       0.09468
408            91       0.14259
409            91       0.19064
410            91       0.23886
411            91       0.28708
412            91       0.33492
413            91       0.38183
414            91       0.42626
415            91       0.47453
416            91       0.52099
417            91        0.5691
418            91       0.61734
419            91       0.66508
420            91        0.7129
421            91       0.75981
422            91       0.80765
423            91        0.8558
424            91       0.90401
425            91       0.95228
426   91    1
47  92   0
427            92       0.08465
428            92       0.15071
429            92       0.21671
430            92        0.2826
431            92        0.3482
432            92       0.41382
433            92       0.47727
434            92        0.5395
435            92        0.6056
436            92       0.67163
437            92       0.73756
438            92       0.80338
439            92       0.86927
440            92       0.93496
441   92    1
441   93    0
442            93       0.05842
443            93       0.12135
444            93       0.18423
445            93       0.24729
446            93       0.31028
447            93       0.37316
448            93       0.43618
449            93       0.49862
450            93       0.56164
451            93       0.62466
452            93       0.68746
453            93       0.75017
454            93         0.813
455            93       0.87583
456            93       0.93883
457   93    1
457   40    0
458            40       0.20764
459            40       0.41303
460            40       0.61419
461            40        0.8167
462   40    1
462   41    0
463            41       0.36001
464            41       0.68013
465   41    1
465   94    0
466            94       0.04149
467            94       0.08332
468            94       0.12511
469            94       0.16713
470            94       0.20908
471            94       0.24887
472            94        0.2903
473            94        0.3323
474            94       0.37421
475            94       0.41621
476            94        0.4577
477            94       0.49967
478            94       0.54128
479            94       0.58317
480            94       0.62508
481            94       0.66708
482            94       0.70876
483            94       0.75008
484            94       0.79192
485            94       0.83361
486            94       0.87514
487            94       0.91666
488            94        0.9586
489   94    1
489   52    0
490            52       0.20065
491            52       0.39716
492            52       0.59806
493            52       0.79896
494   52    1
494   95    0
495            95        0.0305
496            95       0.06116
497            95       0.09156
498            95        0.1211
499            95       0.15057
500            95       0.18103
501            95       0.21105
502            95       0.24168
503            95       0.27209
504            95       0.30269
505            95       0.33307
506            95       0.36367
507            95       0.39428
508            95       0.42491
509            95       0.45516
510            95       0.48554
511            95       0.51612
512            95       0.54653
513            95       0.57709
514            95       0.60736
515            95       0.63792
516            95       0.66834
517            95       0.69899
518            95       0.72899
519            95       0.75936
520            95       0.78983
521            95       0.82016
522            95       0.85085
523            95       0.88112
524            95       0.91153
525            95       0.94141
526            95       0.97175
527   95    1
527   96    0
528            96       0.05921
529            96       0.11438
530            96       0.16965
531            96       0.22522
532            96        0.2797
533            96        0.3356
534            96       0.39134
535            96       0.44698
536            96       0.50227
537            96       0.55806
538            96        0.6133
539            96       0.66866
540            96       0.72397
541            96       0.77801
542            96       0.83328
543            96       0.88918
544            96       0.94481
545   96    1
527   97    0
546            97       0.19653
547            97       0.39304
548            97       0.59529
549            97        0.7968
550   97    1
462   53    0
551            53       0.04199
552            53       0.08121
553            53       0.12068
554            53       0.15981
555            53        0.1986
556            53        0.2372
557            53        0.2763
558            53       0.31488
559            53       0.35425
560            53       0.39187
561            53       0.42966
562            53       0.46845
563            53       0.50659
564            53         0.544
565            53       0.58301
566            53        0.6224
567            53       0.66136
568            53       0.69977
569            53       0.73848
570            53       0.77694
571            53       0.81335
572            53       0.84651
573            53       0.88417
574            53       0.92248
575            53       0.96169
576   53    1
576   98    0
577            98       0.06341
578            98       0.12661
579            98       0.18931
580            98       0.25217
581            98       0.31456
582            98        0.3781
583            98       0.44146
584            98       0.50454
585            98       0.56782
586            98       0.63068
587            98       0.69267
588            98       0.75492
589            98       0.81817
590            98       0.87784
591            98       0.93646
592   98    1
441   54    0
593            54       0.09742
594            54         0.201
595            54       0.30452
596            54       0.40806
597            54       0.51079
598            54       0.61349
599            54       0.71686
600            54       0.81519
601            54       0.91271
602   54    1
602   55    0
603            55       0.05316
604            55        0.1063
605            55       0.15944
606            55       0.21254
607            55       0.26568
608            55       0.31397
609            55       0.36588
610            55       0.41855
611            55       0.47156
612            55       0.52414
613            55       0.57661
614            55       0.62936
615            55       0.68216
616            55       0.73509
617            55        0.7882
618            55       0.84097
619            55        0.8938
620            55       0.94686
621   55    1
621   99    0
622            99       0.10014
623            99       0.20032
624            99       0.30042
625            99       0.40035
626            99       0.50054
627            99       0.60029
628            99           0.7
629            99       0.79988
630            99       0.90007
631   99    1
631   56    0
632            56       0.03075
633            56       0.06202
634            56       0.09365
635            56       0.12529
636            56       0.15663
637            56       0.18831
638            56       0.21948
639            56        0.2511
640            56       0.28243
641            56       0.31347
642            56       0.34165
643            56       0.37251
644            56       0.40368
645            56       0.43523
646            56       0.46666
647            56       0.49831
648            56       0.52901
649            56       0.56059
650            56       0.59227
651            56       0.62391
652            56       0.65539
653            56       0.68705
654            56       0.71868
655            56       0.75034
656            56        0.7817
657            56       0.81338
658            56       0.84461
659            56       0.87593
660            56       0.90751
661            56       0.93837
662            56       0.96877
663   56    1
663  100    0
664           100       0.10022
665           100       0.20132
666           100       0.30087
667           100       0.39782
668           100       0.49629
669           100       0.59422
670           100       0.69553
671           100       0.79649
672           100       0.89781
673  100    1
602   57    0
674            57       0.08427
675            57       0.16757
676            57       0.25082
677            57       0.33469
678            57       0.41877
679            57       0.49826
680            57       0.58191
681            57       0.66543
682            57       0.74949
683            57       0.83367
684            57       0.91713
685   57    1
685  101    0
686           101       0.14424
687           101       0.28793
688           101       0.43226
689           101       0.57636
690           101       0.71809
691           101       0.86236
692  101    1
692   58    0
693            58       0.02719
694            58       0.05438
695            58       0.08147
696            58       0.10845
697            58       0.13542
698            58       0.16255
699            58       0.18951
700            58       0.21671
701            58       0.24391
702            58       0.27111
703            58       0.29815
704            58       0.32529
705            58       0.35148
706            58       0.37841
707            58       0.40558
708            58       0.43266
709            58        0.4597
710            58        0.4861
711            58         0.513
712            58       0.54001
713            58       0.56693
714            58       0.59413
715            58       0.62125
716            58       0.64842
717            58       0.67549
718            58        0.7027
719            58        0.7298
720            58         0.757
721            58        0.7842
722            58       0.81141
723            58       0.83848
724            58       0.86501
725            58       0.89217
726            58       0.91928
727            58       0.94587
728            58        0.9728
729   58    1
729  102    0
730           102       0.06787
731           102       0.13428
732           102       0.20214
733           102       0.26878
734           102       0.33519
735           102       0.39936
736           102       0.46449
737           102       0.53206
738           102       0.59955
739           102       0.66666
740           102       0.73456
741           102       0.80032
742           102       0.86827
743           102       0.93339
744  102    1
42  59   0
745            59       0.03854
746            59       0.07588
747            59       0.11227
748            59       0.14952
749            59       0.18642
750            59       0.22371
751            59       0.26101
752            59       0.29834
753            59       0.33562
754            59       0.37268
755            59       0.40993
756            59       0.44659
757            59       0.48384
758            59       0.52061
759            59       0.55779
760            59       0.59403
761            59       0.63078
762            59       0.66807
763            59       0.70497
764            59       0.74179
765            59        0.7787
766            59       0.81592
767            59       0.85275
768            59       0.88879
769            59       0.92588
770            59       0.96308
771   59    1
771   60    0
772            60       0.07256
773            60        0.1745
774            60       0.27771
775            60       0.38105
776            60       0.48498
777            60       0.58935
778            60       0.69337
779            60       0.79706
780            60       0.90135
781   60    1
781  103    0
782           103       0.20168
783           103       0.39522
784           103       0.59549
785           103       0.79718
786  103    1
786   61    0
787            61       0.02642
788            61       0.05272
789            61        0.0793
790            61       0.10588
791            61       0.13246
792            61       0.15903
793            61       0.18561
794            61       0.21206
795            61       0.23854
796            61       0.26487
797            61       0.29145
798            61       0.31778
799            61       0.34425
800            61       0.37074
801            61       0.39686
802            61        0.4232
803            61       0.44968
804            61       0.47599
805            61       0.50235
806            61       0.52893
807            61       0.55544
808            61       0.58051
809            61       0.60665
810            61       0.63322
811            61       0.65927
812            61       0.68585
813            61       0.71243
814            61       0.73901
815            61       0.76476
816            61       0.79086
817            61       0.81743
818            61       0.84391
819            61       0.87015
820            61       0.89645
821            61       0.92275
822            61       0.94916
823            61       0.97413
824   61    1
824  104    0
825           104       0.03246
826           104       0.06405
827           104       0.09648
828           104       0.12896
829           104       0.16147
830           104       0.19388
831           104       0.22638
832           104       0.25861
833           104       0.29109
834           104       0.32292
835           104       0.35482
836           104       0.38724
837           104       0.41935
838           104       0.45184
839           104       0.48434
840           104       0.51675
841           104       0.54919
842           104       0.58129
843           104       0.61343
844           104       0.64522
845           104       0.67729
846           104        0.7098
847           104       0.74116
848           104       0.77333
849           104       0.80584
850           104       0.83835
851           104       0.87018
852           104       0.90269
853           104       0.93498
854           104       0.96749
855  104    1
771   62    0
856            62       0.10902
857            62       0.22047
858            62       0.33138
859            62       0.44304
860            62        0.5538
861            62       0.66524
862            62       0.77682
863            62       0.88858
864   62    1
864  105    0
865           105       0.12681
866           105       0.25236
867           105       0.36872
868           105       0.49152
869           105       0.61902
870           105       0.74609
871           105        0.8735
872  105    1
872   63    0
873            63       0.03751
874            63       0.07492
875            63       0.11213
876            63       0.14923
877            63       0.18674
878            63       0.22363
879            63       0.26114
880            63       0.29828
881            63       0.33566
882            63       0.37242
883            63       0.40952
884            63       0.44694
885            63        0.4839
886            63       0.52125
887            63       0.55867
888            63       0.59584
889            63       0.63261
890            63       0.67008
891            63       0.70728
892            63        0.7433
893            63        0.7806
894            63       0.81797
895            63       0.85348
896            63       0.88877
897            63       0.92572
898            63       0.96276
899   63    1
899  106    0
900           106        0.1439
901           106       0.28474
902           106       0.42881
903           106       0.57241
904           106       0.71477
905           106        0.8573
906  106    1
40  64   0
907            64       0.01649
908            64       0.03079
909            64       0.04508
910            64       0.05918
911            64       0.07347
912            64       0.08773
913            64       0.10203
914            64       0.11626
915            64       0.13054
916            64        0.1448
917            64       0.15903
918            64       0.17332
919            64       0.18752
920            64        0.2018
921            64       0.21608
922            64       0.23035
923            64       0.24465
924            64       0.25892
925            64       0.27318
926            64       0.28748
927            64       0.30177
928            64       0.31598
929            64       0.33013
930            64       0.34438
931            64       0.35868
932            64       0.37283
933            64       0.38686
934            64       0.40111
935            64        0.4154
936            64       0.42963
937            64       0.44384
938            64       0.45814
939            64       0.47242
940            64       0.48625
941            64       0.50054
942            64       0.51483
943            64       0.52909
944            64       0.54332
945            64       0.55759
946            64       0.57189
947            64       0.58617
948            64       0.60046
949            64       0.61471
950            64         0.629
951            64        0.6433
952            64       0.65756
953            64       0.67176
954            64       0.68602
955            64       0.70032
956            64       0.71453
957            64       0.72881
958            64        0.7431
959            64        0.7574
960            64        0.7716
961            64       0.78586
962            64       0.80016
963            64       0.81445
964            64       0.82874
965            64       0.84293
966            64       0.85721
967            64       0.87148
968            64       0.88577
969            64       0.90004
970            64       0.91433
971            64       0.92862
972            64       0.94291
973            64       0.95718
974            64       0.97141
975            64        0.9857
976   64    1
976  107    0
977           107       0.11137
978           107       0.22267
979           107       0.33385
980           107       0.44544
981           107       0.55699
982           107        0.6673
983           107       0.77884
984           107       0.89043
985  107    1
985   65    0
986   65    1
36  66   0
987            66       0.01786
988            66       0.03437
989            66       0.05087
990            66       0.06725
991            66       0.08356
992            66       0.09998
993            66       0.11626
994            66       0.13271
995            66       0.14918
996            66       0.16561
997            66       0.18212
998            66       0.19862
999            66       0.21513
1000             66         0.2316
1001             66        0.24806
1002             66        0.26449
1003             66          0.281
1004             66        0.29749
1005             66        0.31353
1006             66        0.32999
1007             66        0.34641
1008             66        0.36286
1009             66        0.37931
1010             66        0.39581
1011             66         0.4123
1012             66        0.42879
1013             66         0.4453
1014             66        0.46179
1015             66        0.47815
1016             66        0.49433
1017             66        0.51083
1018             66        0.52695
1019             66        0.54302
1020             66        0.55947
1021             66        0.57587
1022             66        0.59236
1023             66        0.60874
1024             66        0.62516
1025             66        0.64167
1026             66         0.6581
1027             66        0.67461
1028             66        0.69101
1029             66        0.70738
1030             66        0.72389
1031             66        0.74039
1032             66        0.75689
1033             66        0.77325
1034             66        0.78973
1035             66        0.80618
1036             66        0.82258
1037             66        0.83889
1038             66        0.85536
1039             66         0.8717
1040             66        0.88806
1041             66        0.90457
1042             66        0.92102
1043             66        0.93751
1044             66        0.95384
1045             66        0.96786
1046             66        0.98361
1047    66     1
1047   108     0
1048            108        0.12456
1049            108        0.24982
1050            108        0.37513
1051            108        0.49991
1052            108        0.62512
1053            108        0.75015
1054            108        0.87507
1055   108     1
1055    67     0
1056             67        0.06641
1057             67          0.131
1058             67        0.19813
1059             67        0.26526
1060             67        0.33219
1061             67        0.39932
1062             67        0.46643
1063             67         0.5333
1064             67        0.60017
1065             67        0.66551
1066             67        0.73251
1067             67        0.79943
1068             67        0.86574
1069             67        0.93287
1070    67     1
28  68   0
1071             68        0.09772
1072             68        0.18918
1073             68        0.28064
1074             68        0.36384
1075             68        0.45474
1076             68        0.54617
1077             68        0.63757
1078             68        0.72764
1079             68        0.81785
1080             68        0.90898
1081    68     1
23  69   0
1082             69        0.05398
1083             69        0.13323
1084             69        0.21248
1085             69         0.2901
1086             69        0.36888
1087             69         0.4478
1088             69        0.52686
1089             69        0.60592
1090             69        0.68471
1091             69        0.76314
1092             69        0.84224
1093             69        0.92103
1094    69     1
1094    70     0
1095             70        0.11204
1096             70        0.22506
1097             70        0.33711
1098             70        0.43993
1099             70        0.55152
1100             70        0.66406
1101             70         0.7767
1102             70         0.8892
1103    70     1
1103    71     0
1104             71        0.02746
1105             71        0.05446
1106             71         0.0793
1107             71        0.10537
1108             71        0.13206
1109             71        0.15879
1110             71        0.18515
1111             71        0.21245
1112             71        0.23914
1113             71        0.26643
1114             71        0.29339
1115             71        0.32085
1116             71        0.34806
1117             71        0.37522
1118             71        0.40247
1119             71        0.42977
1120             71        0.45705
1121             71        0.48431
1122             71        0.51159
1123             71         0.5389
1124             71        0.56637
1125             71        0.59343
1126             71        0.62023
1127             71        0.64671
1128             71        0.67402
1129             71        0.70134
1130             71        0.72874
1131             71        0.75578
1132             71        0.78301
1133             71        0.81006
1134             71        0.83735
1135             71        0.86478
1136             71        0.89215
1137             71        0.91932
1138             71        0.94629
1139             71        0.97287
1140    71     1
1140   109     0
1141            109        0.14383
1142            109        0.28897
1143            109        0.43036
1144            109        0.57439
1145            109        0.71211
1146            109        0.85513
1147   109     1
1103    72     0
1148             72        0.34329
1149             72        0.68317
1150    72     1
1094    73     0
1151             73        0.11617
1152             73        0.24262
1153             73        0.36907
1154             73        0.49552
1155             73        0.62197
1156             73        0.74765
1157             73        0.87382
1158    73     1
14  74   0
1159             74        0.06882
1160             74        0.18619
1161             74        0.30356
1162             74        0.41973
1163             74        0.53349
1164             74        0.65007
1165             74        0.76701
1166             74        0.88405
1167    74     1
5  1  0
1168     1     1
1168     4     0
1169     4     1
1169     5     0
1170              5        0.08656
1171              5        0.17077
1172              5        0.25498
1173              5        0.33919
1174              5         0.4234
1175              5        0.50761
1176              5        0.58798
1177              5        0.66796
1178              5        0.75037
1179              5        0.83281
1180              5         0.9158
1181     5     1
1181     6     0
1182              6          0.123
1183              6          0.269
1184              6        0.41343
1185              6        0.56004
1186              6        0.70674
1187              6        0.85333
1188     6     1
1188     7     0
1189              7        0.03783
1190              7        0.07982
1191              7        0.12185
1192              7        0.16384
1193              7        0.20581
1194              7        0.24782
1195              7        0.28947
1196              7        0.33054
1197              7        0.37243
1198              7        0.41453
1199              7         0.4566
1200              7        0.49762
1201              7        0.53953
1202              7        0.58157
1203              7        0.62306
1204              7        0.66479
1205              7        0.70683
1206              7        0.74889
1207              7        0.79083
1208              7        0.83288
1209              7        0.87494
1210              7        0.91679
1211              7        0.95886
1212     7     1
1212     8     0
1213              8        0.01332
1214              8        0.02663
1215              8        0.03993
1216              8         0.0532
1217              8        0.06614
1218              8         0.0793
1219              8        0.09257
1220              8        0.10579
1221              8        0.11904
1222              8        0.13203
1223              8        0.14412
1224              8        0.15723
1225              8        0.16959
1226              8        0.18282
1227              8        0.19598
1228              8        0.20916
1229              8         0.2224
1230              8        0.23558
1231              8         0.2487
1232              8        0.26184
1233              8        0.27471
1234              8        0.28772
1235              8        0.30102
1236              8        0.31402
1237              8        0.32733
1238              8        0.34036
1239              8         0.3535
1240              8        0.36666
1241              8        0.37908
1242              8        0.39231
1243              8        0.40553
1244              8        0.41834
1245              8        0.43164
1246              8        0.44491
1247              8        0.45778
1248              8        0.47096
1249              8        0.48407
1250              8        0.49735
1251              8        0.51054
1252              8        0.52377
1253              8        0.53702
1254              8        0.55032
1255              8        0.56333
1256              8        0.57614
1257              8        0.58899
1258              8        0.60197
1259              8        0.61519
1260              8        0.62841
1261              8        0.64154
1262              8        0.65299
1263              8        0.66611
1264              8        0.67935
1265              8        0.69259
1266              8        0.70583
1267              8         0.7191
1268              8        0.73211
1269              8        0.74428
1270              8        0.75672
1271              8        0.76975
1272              8        0.78281
1273              8        0.79511
1274              8        0.80794
1275              8          0.821
1276              8        0.83408
1277              8        0.84725
1278              8        0.86032
1279              8        0.87344
1280              8        0.88646
1281              8        0.89824
1282              8        0.91106
1283              8        0.92427
1284              8        0.93738
1285              8        0.95029
1286              8        0.96355
1287              8        0.97626
1288              8          0.988
1289     8     1
1212     9     0
1290              9        0.01612
1291              9        0.03238
1292              9        0.04911
1293              9        0.06594
1294              9        0.08255
1295              9        0.09936
1296              9        0.11623
1297              9         0.1329
1298              9        0.14943
1299              9         0.1661
1300              9        0.18282
1301              9        0.19944
1302              9        0.21619
1303              9        0.23302
1304              9        0.24908
1305              9        0.26574
1306              9        0.28256
1307              9        0.29904
1308              9        0.31585
1309              9        0.33043
1310              9        0.34717
1311              9        0.36404
1312              9        0.38086
1313              9        0.39754
1314              9        0.41416
1315              9        0.43093
1316              9        0.44778
1317              9         0.4646
1318              9        0.48145
1319              9        0.49807
1320              9         0.5147
1321              9        0.53143
1322              9        0.54831
1323              9        0.56514
1324              9        0.58201
1325              9        0.59883
1326              9        0.61562
1327              9        0.63249
1328              9        0.64897
1329              9        0.66503
1330              9        0.68162
1331              9        0.69809
1332              9        0.71468
1333              9        0.73148
1334              9        0.74804
1335              9        0.76489
1336              9        0.78175
1337              9        0.79862
1338              9        0.81541
1339              9        0.83227
1340              9        0.84907
1341              9        0.86594
1342              9         0.8828
1343              9        0.89925
1344              9        0.91596
1345              9        0.93269
1346              9        0.94949
1347              9        0.96633
1348              9        0.98314
1349     9     1
1188    10     0
1350             10        0.01529
1351             10        0.03099
1352             10        0.04669
1353             10        0.06237
1354             10        0.07807
1355             10        0.09373
1356             10        0.10942
1357             10        0.12511
1358             10        0.14081
1359             10        0.15649
1360             10        0.17218
1361             10        0.18788
1362             10        0.20357
1363             10        0.21921
1364             10         0.2348
1365             10        0.25044
1366             10        0.26614
1367             10        0.28184
1368             10        0.29739
1369             10        0.31305
1370             10        0.32875
1371             10        0.34444
1372             10        0.36014
1373             10        0.37577
1374             10        0.39143
1375             10        0.40712
1376             10        0.42282
1377             10        0.43849
1378             10        0.45415
1379             10        0.46971
1380             10        0.48541
1381             10        0.50099
1382             10        0.51641
1383             10         0.5321
1384             10         0.5478
1385             10         0.5634
1386             10        0.57901
1387             10        0.59471
1388             10        0.61039
1389             10        0.62602
1390             10        0.64162
1391             10        0.65732
1392             10        0.67301
1393             10        0.68824
1394             10        0.70387
1395             10        0.71941
1396             10        0.73509
1397             10        0.75074
1398             10        0.76623
1399             10        0.78182
1400             10        0.79736
1401             10        0.81286
1402             10        0.82843
1403             10          0.844
1404             10         0.8596
1405             10        0.87521
1406             10        0.89077
1407             10        0.90642
1408             10        0.92212
1409             10        0.93771
1410             10        0.95335
1411             10        0.96883
1412             10        0.98452
1413    10     1
1181    11     0
1414             11        0.10849
1415             11        0.23676
1416             11        0.36503
1417             11        0.49259
1418             11        0.62076
1419             11        0.74664
1420             11        0.87462
1421    11     1
1421    12     0
1422             12        0.04763
1423             12        0.09713
1424             12        0.14744
1425             12        0.19791
1426             12        0.24779
1427             12        0.29821
1428             12        0.34842
1429             12        0.39819
1430             12        0.44864
1431             12        0.49897
1432             12         0.5494
1433             12        0.59977
1434             12         0.6499
1435             12        0.69945
1436             12         0.7493
1437             12        0.79967
1438             12        0.84983
1439             12        0.89965
1440             12         0.9497
1441    12     1
1441    13     0
1442             13        0.01594
1443             13        0.03195
1444             13        0.04787
1445             13        0.06378
1446             13        0.07982
1447             13         0.0958
1448             13        0.11187
1449             13         0.1279
1450             13        0.14391
1451             13        0.15971
1452             13         0.1757
1453             13        0.19174
1454             13         0.2078
1455             13        0.22317
1456             13        0.23886
1457             13        0.25403
1458             13        0.26902
1459             13          0.285
1460             13        0.30095
1461             13        0.31679
1462             13        0.33242
1463             13        0.34847
1464             13        0.36444
1465             13        0.38011
1466             13        0.39602
1467             13        0.41196
1468             13        0.42774
1469             13        0.44372
1470             13        0.45955
1471             13        0.47501
1472             13         0.4909
1473             13        0.50675
1474             13        0.52226
1475             13        0.53826
1476             13        0.55422
1477             13        0.57029
1478             13        0.58633
1479             13        0.60161
1480             13        0.61766
1481             13        0.63354
1482             13        0.64957
1483             13        0.66549
1484             13        0.68149
1485             13        0.69755
1486             13        0.71346
1487             13        0.72936
1488             13        0.74507
1489             13        0.76093
1490             13        0.77668
1491             13        0.79275
1492             13        0.80877
1493             13        0.82484
1494             13        0.84084
1495             13        0.85691
1496             13        0.87298
1497             13         0.8889
1498             13        0.90466
1499             13        0.92071
1500             13        0.93672
1501             13        0.95266
1502             13        0.96786
1503             13        0.98393
1504    13     1
1441    14     0
1505             14        0.01888
1506             14        0.03662
1507             14        0.05627
1508             14        0.07531
1509             14        0.09485
1510             14        0.11416
1511             14        0.13381
1512             14        0.15353
1513             14        0.17328
1514             14        0.19306
1515             14        0.21285
1516             14        0.23252
1517             14         0.2519
1518             14         0.2714
1519             14        0.29117
1520             14        0.31102
1521             14        0.33082
1522             14        0.35057
1523             14        0.37038
1524             14        0.39021
1525             14         0.4096
1526             14        0.42916
1527             14        0.44894
1528             14        0.46872
1529             14        0.48805
1530             14        0.50782
1531             14        0.52766
1532             14        0.54746
1533             14        0.56694
1534             14        0.58678
1535             14        0.60659
1536             14        0.62629
1537             14        0.64607
1538             14        0.66582
1539             14        0.68544
1540             14        0.70509
1541             14        0.72485
1542             14        0.74467
1543             14        0.76447
1544             14        0.78416
1545             14        0.80388
1546             14        0.82367
1547             14        0.84338
1548             14        0.86269
1549             14        0.88222
1550             14        0.90074
1551             14        0.92059
1552             14        0.94045
1553             14        0.96029
1554             14        0.98015
1555    14     1
1421    15     0
1556             15        0.05813
1557             15        0.11702
1558             15        0.17552
1559             15         0.2347
1560             15        0.29391
1561             15        0.35259
1562             15        0.41173
1563             15        0.47088
1564             15        0.53007
1565             15        0.58917
1566             15        0.64831
1567             15        0.70725
1568             15        0.76638
1569             15        0.82513
1570             15        0.88432
1571             15        0.94299
1572    15     1
1169    16     0
1573             16        0.07483
1574             16        0.14763
1575             16        0.22043
1576             16        0.29323
1577             16        0.36603
1578             16        0.43883
1579             16        0.49584
1580             16        0.56536
1581             16        0.63807
1582             16        0.71081
1583             16        0.78212
1584             16        0.85491
1585             16        0.92728
1586    16     1
1168     2     0
1587     2     1
1587    17     0
1588    17     1
1588    18     0
1589             18        0.08471
1590             18        0.15711
1591             18        0.22952
1592             18        0.30193
1593             18        0.37433
1594             18        0.43606
1595             18        0.50519
1596             18        0.57237
1597             18        0.64406
1598             18        0.71638
1599             18        0.78872
1600             18        0.86077
1601             18        0.93247
1602    18     1
1602    19     0
1603             19        0.07372
1604             19        0.15104
1605             19        0.22837
1606             19        0.30474
1607             19        0.38206
1608             19        0.45927
1609             19        0.53647
1610             19        0.61379
1611             19          0.691
1612             19        0.76822
1613             19        0.84553
1614             19        0.92267
1615    19     1
1615    20     0
1616             20        0.00772
1617             20        0.02066
1618             20        0.03358
1619             20        0.04648
1620             20         0.0593
1621             20        0.07204
1622             20        0.08494
1623             20        0.09788
1624             20        0.11082
1625             20         0.1237
1626             20        0.13655
1627             20        0.14885
1628             20        0.16147
1629             20        0.17429
1630             20        0.18722
1631             20        0.20015
1632             20        0.21308
1633             20        0.22602
1634             20        0.23896
1635             20        0.25186
1636             20        0.26479
1637             20        0.27673
1638             20        0.28936
1639             20        0.30193
1640             20        0.31486
1641             20        0.32774
1642             20        0.34066
1643             20        0.35313
1644             20        0.36453
1645             20        0.37699
1646             20        0.38976
1647             20        0.40252
1648             20        0.41531
1649             20        0.42821
1650             20        0.44108
1651             20        0.45388
1652             20        0.46673
1653             20        0.47962
1654             20        0.49256
1655             20        0.50546
1656             20        0.51839
1657             20          0.531
1658             20        0.54384
1659             20        0.55668
1660             20        0.56962
1661             20        0.58216
1662             20        0.59508
1663             20        0.60675
1664             20        0.61948
1665             20        0.63243
1666             20        0.64533
1667             20        0.65822
1668             20        0.67114
1669             20        0.68372
1670             20        0.69657
1671             20        0.70949
1672             20        0.72241
1673             20        0.73533
1674             20        0.74824
1675             20        0.76109
1676             20        0.77341
1677             20        0.78633
1678             20        0.79921
1679             20        0.81199
1680             20        0.82484
1681             20        0.83773
1682             20        0.85047
1683             20        0.86298
1684             20        0.87576
1685             20        0.88863
1686             20        0.90155
1687             20        0.91449
1688             20        0.92742
1689             20         0.9399
1690             20        0.95242
1691             20        0.96487
1692             20        0.97755
1693             20         0.9904
1694    20     1
1615    21     0
1695             21        0.00984
1696             21        0.02279
1697             21        0.03587
1698             21        0.04894
1699             21        0.06193
1700             21        0.07496
1701             21        0.08801
1702             21        0.10109
1703             21        0.11415
1704             21        0.12714
1705             21        0.14018
1706             21        0.15327
1707             21         0.1663
1708             21        0.17938
1709             21        0.19238
1710             21        0.20542
1711             21        0.21833
1712             21        0.23128
1713             21        0.24432
1714             21        0.25734
1715             21         0.2704
1716             21        0.28339
1717             21        0.29635
1718             21        0.30929
1719             21        0.32232
1720             21        0.33536
1721             21        0.34841
1722             21        0.36138
1723             21        0.37418
1724             21        0.38708
1725             21        0.40015
1726             21         0.4131
1727             21        0.42608
1728             21        0.43817
1729             21        0.44994
1730             21        0.46292
1731             21         0.4759
1732             21        0.48869
1733             21        0.50145
1734             21        0.51426
1735             21        0.52723
1736             21        0.53997
1737             21         0.5525
1738             21        0.56542
1739             21        0.57822
1740             21          0.591
1741             21        0.60348
1742             21        0.61549
1743             21        0.62818
1744             21        0.64113
1745             21        0.65418
1746             21        0.66722
1747             21        0.67903
1748             21        0.69065
1749             21        0.70372
1750             21        0.71675
1751             21        0.72967
1752             21        0.74275
1753             21         0.7558
1754             21        0.76889
1755             21        0.78193
1756             21        0.79497
1757             21        0.80801
1758             21        0.82097
1759             21        0.83401
1760             21        0.84699
1761             21        0.86002
1762             21        0.87296
1763             21         0.8856
1764             21         0.8982
1765             21        0.91108
1766             21        0.92403
1767             21        0.93704
1768             21        0.95012
1769             21         0.9628
1770             21        0.97587
1771             21         0.9888
1772    21     1
1602    22     0
1773             22        0.29748
1774             22        0.64994
1775    22     1
1775    23     0
1776             23        0.04761
1777             23        0.09581
1778             23        0.14378
1779             23        0.19178
1780             23         0.2399
1781             23        0.28794
1782             23        0.33569
1783             23        0.38387
1784             23        0.43055
1785             23        0.47698
1786             23        0.52255
1787             23         0.5692
1788             23        0.61643
1789             23        0.66405
1790             23        0.71202
1791             23        0.76005
1792             23        0.80826
1793             23        0.85646
1794             23         0.9045
1795             23        0.95267
1796    23     1
1796    24     0
1797             24        0.01228
1798             24        0.02434
1799             24        0.03633
1800             24        0.04838
1801             24        0.06042
1802             24        0.07237
1803             24        0.08417
1804             24        0.09404
1805             24        0.10557
1806             24        0.11763
1807             24        0.12947
1808             24        0.14136
1809             24        0.15329
1810             24        0.16524
1811             24        0.17707
1812             24        0.18912
1813             24        0.20106
1814             24        0.21309
1815             24         0.2251
1816             24        0.23711
1817             24        0.24912
1818             24         0.2611
1819             24        0.27276
1820             24        0.28477
1821             24        0.29683
1822             24        0.30876
1823             24        0.32079
1824             24        0.33283
1825             24        0.34477
1826             24        0.35679
1827             24        0.36878
1828             24        0.38084
1829             24        0.39255
1830             24        0.40448
1831             24        0.41635
1832             24        0.42835
1833             24        0.44029
1834             24        0.45223
1835             24         0.4641
1836             24        0.47609
1837             24        0.48811
1838             24         0.5001
1839             24        0.51178
1840             24        0.52384
1841             24         0.5359
1842             24        0.54734
1843             24        0.55929
1844             24        0.57105
1845             24        0.58303
1846             24        0.59508
1847             24          0.607
1848             24        0.61855
1849             24        0.63036
1850             24        0.64221
1851             24        0.65425
1852             24        0.66606
1853             24        0.67805
1854             24        0.69011
1855             24        0.70204
1856             24        0.71398
1857             24        0.72579
1858             24        0.73784
1859             24        0.74981
1860             24        0.76178
1861             24        0.77381
1862             24        0.78574
1863             24         0.7978
1864             24        0.80955
1865             24        0.82152
1866             24         0.8334
1867             24        0.84537
1868             24        0.85738
1869             24        0.86933
1870             24        0.88116
1871             24        0.89303
1872             24        0.90506
1873             24        0.91684
1874             24        0.92886
1875             24        0.94064
1876             24        0.95267
1877             24        0.96472
1878             24        0.97674
1879             24        0.98878
1880    24     1
1796    25     0
1881             25        0.02467
1882             25        0.04865
1883             25        0.07318
1884             25        0.09768
1885             25        0.12215
1886             25        0.14577
1887             25        0.17036
1888             25        0.19494
1889             25        0.21952
1890             25        0.24401
1891             25        0.26841
1892             25        0.29299
1893             25        0.31741
1894             25        0.34192
1895             25        0.36649
1896             25        0.39076
1897             25        0.41502
1898             25        0.43959
1899             25        0.46377
1900             25        0.48796
1901             25        0.51251
1902             25        0.53691
1903             25        0.56109
1904             25        0.58538
1905             25        0.60977
1906             25        0.63436
1907             25        0.65887
1908             25        0.68342
1909             25        0.70801
1910             25        0.73245
1911             25        0.75684
1912             25        0.78134
1913             25        0.80585
1914             25        0.82854
1915             25        0.85313
1916             25        0.87725
1917             25        0.90184
1918             25        0.92643
1919             25        0.95082
1920             25        0.97541
1921    25     1
1775    26     0
1922             26        0.04331
1923             26        0.08714
1924             26        0.13123
1925             26        0.17532
1926             26        0.21928
1927             26        0.26246
1928             26        0.30553
1929             26        0.34849
1930             26         0.3921
1931             26        0.43622
1932             26        0.47978
1933             26        0.52378
1934             26        0.56784
1935             26        0.61201
1936             26        0.65615
1937             26        0.70032
1938             26        0.74388
1939             26        0.78763
1940             26        0.83154
1941             26        0.87559
1942             26        0.91975
1943             26        0.96394
1944    26     1
1588     3     0
1945              3        0.08299
1946              3        0.38866
1947              3        0.69433
1948     3     1
1587    27     0
1949    27     1
1949    28     0
1950             28         0.0755
1951             28        0.14685
1952             28        0.21819
1953             28        0.28953
1954             28        0.36087
1955             28        0.43221
1956             28        0.50338
1957             28        0.57421
1958             28        0.64538
1959             28        0.71585
1960             28        0.78626
1961             28        0.85732
1962             28        0.92866
1963    28     1
1949    29     0
1964             29        0.20946
1965             29         0.4071
1966             29        0.60473
1967             29        0.80237
1968    29     1
5  30   0
1969             30        0.07281
1970             30        0.14562
1971             30        0.21843
1972             30        0.29125
1973             30        0.36406
1974             30        0.43688
1975             30        0.49809
1976             30        0.57091
1977             30        0.63767
1978             30        0.70953
1979             30        0.78219
1980             30         0.8546
1981             30        0.92733
1982    30     1
1982    31     0
1983             31        0.09972
1984             31        0.20094
1985             31        0.30187
1986             31        0.40303
1987             31        0.50414
1988             31        0.60515
1989             31        0.70622
1990             31        0.80669
1991             31        0.90754
1992    31     1
1992    32     0
1993             32        0.01358
1994             32        0.02718
1995             32        0.04057
1996             32        0.05354
1997             32        0.06687
1998             32        0.08036
1999             32        0.09394
2000             32        0.10755
2001             32        0.12115
2002             32        0.13476
2003             32        0.14796
2004             32         0.1615
2005             32        0.17463
2006             32         0.1882
2007             32         0.2018
2008             32        0.21539
2009             32        0.22892
2010             32        0.24248
2011             32        0.25606
2012             32        0.26962
2013             32        0.28305
2014             32        0.29641
2015             32        0.30991
2016             32        0.32348
2017             32        0.33695
2018             32         0.3504
2019             32        0.36398
2020             32        0.37758
2021             32        0.39118
2022             32        0.40478
2023             32        0.41838
2024             32        0.43199
2025             32        0.44549
2026             32        0.45887
2027             32        0.47243
2028             32        0.48584
2029             32        0.49944
2030             32        0.51304
2031             32        0.52662
2032             32        0.54022
2033             32        0.55382
2034             32        0.56743
2035             32        0.58103
2036             32        0.59463
2037             32        0.60819
2038             32         0.6218
2039             32         0.6354
2040             32        0.64899
2041             32         0.6625
2042             32        0.67611
2043             32         0.6896
2044             32         0.7031
2045             32        0.71666
2046             32        0.73014
2047             32         0.7437
2048             32         0.7573
2049             32        0.77091
2050             32        0.78451
2051             32        0.79812
2052             32        0.81168
2053             32        0.82526
2054             32        0.83883
2055             32        0.85243
2056             32        0.86599
2057             32        0.87959
2058             32        0.89302
2059             32         0.9066
2060             32         0.9201
2061             32        0.93359
2062             32        0.94679
2063             32        0.96004
2064             32        0.97345
2065             32         0.9864
2066    32     1
1992    33     0
2067             33        0.01512
2068             33         0.0302
2069             33        0.04541
2070             33        0.06063
2071             33        0.07584
2072             33        0.09104
2073             33        0.10623
2074             33        0.12144
2075             33        0.13666
2076             33        0.15187
2077             33        0.16708
2078             33        0.18229
2079             33        0.19751
2080             33         0.2127
2081             33        0.22784
2082             33        0.24306
2083             33        0.25828
2084             33        0.27348
2085             33        0.28866
2086             33        0.30388
2087             33        0.31908
2088             33        0.33429
2089             33        0.34932
2090             33        0.36447
2091             33        0.37961
2092             33        0.39483
2093             33        0.41004
2094             33        0.42523
2095             33        0.44045
2096             33        0.45563
2097             33        0.47085
2098             33        0.48606
2099             33        0.50125
2100             33        0.51631
2101             33        0.53144
2102             33        0.54658
2103             33        0.56179
2104             33          0.577
2105             33        0.59216
2106             33        0.60653
2107             33        0.62159
2108             33        0.63618
2109             33        0.65086
2110             33        0.66588
2111             33        0.68102
2112             33        0.69621
2113             33        0.71142
2114             33        0.72664
2115             33        0.74185
2116             33        0.75707
2117             33        0.77226
2118             33        0.78747
2119             33        0.80267
2120             33        0.81786
2121             33        0.83306
2122             33        0.84825
2123             33        0.86347
2124             33        0.87865
2125             33        0.89384
2126             33        0.90901
2127             33        0.92419
2128             33        0.93941
2129             33        0.95444
2130             33        0.96957
2131             33        0.98478
2132    33     1
1982    34     0
2133             34        0.01032
2134             34        0.02106
2135             34        0.03153
2136             34        0.04224
2137             34        0.05281
2138             34        0.06318
2139             34        0.07385
2140             34        0.08443
2141             34        0.09516
2142             34        0.10568
2143             34        0.11637
2144             34        0.12645
2145             34         0.1371
2146             34         0.1478
2147             34        0.15836
2148             34        0.16709
2149             34        0.17764
2150             34        0.18828
2151             34        0.19897
2152             34        0.20965
2153             34         0.2203
2154             34        0.23096
2155             34        0.24158
2156             34        0.25224
2157             34        0.26293
2158             34        0.27362
2159             34        0.28433
2160             34        0.29501
2161             34        0.30564
2162             34        0.31615
2163             34        0.32686
2164             34         0.3375
2165             34        0.34822
2166             34        0.35888
2167             34        0.36958
2168             34        0.38029
2169             34        0.39099
2170             34        0.40171
2171             34        0.41244
2172             34        0.42317
2173             34        0.43384
2174             34        0.44456
2175             34        0.45529
2176             34        0.46596
2177             34        0.47648
2178             34        0.48721
2179             34        0.49786
2180             34         0.5077
2181             34         0.5183
2182             34        0.52901
2183             34        0.53962
2184             34        0.55034
2185             34        0.56106
2186             34        0.57168
2187             34        0.58202
2188             34        0.59224
2189             34        0.60294
2190             34        0.61356
2191             34        0.62423
2192             34        0.63474
2193             34        0.64547
2194             34        0.65617
2195             34        0.66676
2196             34        0.67743
2197             34        0.68811
2198             34        0.69878
2199             34        0.70944
2200             34        0.72011
2201             34        0.73085
2202             34        0.74156
2203             34        0.75229
2204             34        0.76299
2205             34        0.77351
2206             34        0.78403
2207             34        0.79459
2208             34        0.80516
2209             34        0.81559
2210             34        0.82595
2211             34        0.83663
2212             34        0.84732
2213             34        0.85802
2214             34        0.86859
2215             34        0.87923
2216             34        0.88972
2217             34        0.90035
2218             34        0.91088
2219             34        0.92148
2220             34        0.93205
2221             34        0.94242
2222             34          0.953
2223             34        0.96363
2224             34        0.97431
2225             34        0.98502
2226             34        0.99547
2227    34     1
5  35   0
2228             35        0.07709
2229             35        0.15418
2230             35        0.23127
2231             35        0.30837
2232             35        0.38546
2233             35        0.46255
2234             35        0.53965
2235             35        0.61625
2236             35        0.69328
2237             35        0.76943
2238             35        0.84609
2239             35        0.92302
2240    35     1
4  36   0
2241             36        0.03784
2242             36        0.11367
2243             36         0.1895
2244             36        0.26532
2245             36        0.34115
2246             36        0.40985
2247             36        0.47972
2248             36        0.55555
2249             36         0.6303
2250             36         0.7061
2251             36        0.78162
2252             36        0.85708
2253             36        0.93166
2254    36     1
