0  0  0
1  0  1
1  1  0
2           1     0.06681
3           1     0.12542
4           1     0.21655
5           1      0.3258
6           1     0.44713
7           1     0.55337
8           1     0.66142
9           1     0.75535
10            1      0.85716
11   1   1
11  102    0
12           102       0.09159
13           102       0.17667
14           102       0.26306
15           102       0.36051
16           102       0.45317
17           102       0.53174
18           102       0.59144
19           102        0.6623
20           102       0.72262
21           102       0.78893
22           102       0.85476
23           102       0.91938
24  102    1
24  103    0
25  103    1
25  162    0
26           162       0.01715
27           162       0.06075
28           162       0.10188
29           162       0.15052
30           162       0.20246
31           162        0.2459
32           162       0.31689
33           162       0.39277
34           162       0.46882
35           162       0.54557
36           162        0.6208
37           162       0.69147
38           162       0.77603
39           162       0.86796
40           162       0.94253
41  162    1
41  163    0
42           163       0.10661
43           163        0.1959
44           163       0.23174
45           163       0.27031
46           163       0.32448
47           163       0.39075
48           163       0.44799
49           163        0.5318
50           163       0.62361
51           163       0.70001
52           163        0.7972
53           163       0.90343
54  163    1
54  104    0
55           104       0.55281
56  104    1
56  105    0
57  105    1
57  164    0
58           164        0.2301
59           164       0.50014
60           164       0.71697
61           164       0.85923
62  164    1
62  165    0
63           165       0.04932
64           165       0.09687
65           165       0.13448
66           165       0.17198
67           165       0.21609
68           165       0.25452
69           165       0.28492
70           165       0.31525
71           165       0.34398
72           165       0.37821
73           165       0.41073
74           165       0.44067
75           165       0.48292
76           165       0.53043
77           165       0.58186
78           165       0.63225
79           165       0.68009
80           165       0.72196
81           165       0.75524
82           165       0.78845
83           165       0.82403
84           165       0.85371
85           165       0.89524
86           165       0.92787
87           165       0.96577
88  165    1
88  106    0
89           106       0.87345
90  106    1
90  107    0
91  107    1
91  166    0
92  166    1
92  167    0
93           167       0.11065
94           167       0.25375
95           167       0.39063
96           167       0.50254
97           167       0.57918
98           167       0.67309
99           167       0.75884
100           167       0.84019
101           167       0.93102
102  167    1
102  168    0
103           168       0.54206
104  168    1
104  169    0
105           169       0.56419
106  169    1
106  170    0
107           170        0.0987
108           170       0.18679
109           170       0.24284
110           170       0.32959
111           170       0.42893
112           170       0.53217
113           170       0.65895
114           170        0.7674
115           170       0.89617
116  170    1
116  110    0
117           110       0.10893
118           110       0.18791
119           110       0.25899
120           110       0.32905
121           110       0.41287
122           110       0.49017
123           110        0.5649
124           110       0.66322
125           110       0.77558
126           110       0.89899
127  110    1
127  171    0
128           171       0.52348
129  171    1
129  172    0
130           172       0.16219
131           172       0.25586
132           172       0.39459
133           172       0.64055
134           172       0.82897
135  172    1
135  173    0
136           173       0.06409
137           173       0.11475
138           173       0.16203
139           173       0.20636
140           173       0.24057
141           173       0.26323
142           173       0.29982
143           173       0.34093
144           173       0.37826
145           173       0.42074
146           173       0.47121
147           173       0.52377
148           173       0.57183
149           173       0.62499
150           173       0.68637
151           173       0.74102
152           173       0.78939
153           173       0.82706
154           173       0.86618
155           173       0.90072
156           173       0.92492
157           173        0.9642
158  173    1
135  174    0
159           174       0.04203
160           174       0.06825
161           174       0.08743
162           174       0.12159
163           174       0.14987
164           174       0.18562
165           174       0.23865
166           174       0.29364
167           174       0.34185
168           174       0.38975
169           174       0.42818
170           174        0.4696
171           174       0.49377
172           174       0.54731
173           174       0.60208
174           174       0.64544
175           174       0.70703
176           174       0.76756
177           174       0.82254
178           174       0.86893
179           174       0.91232
180           174       0.95082
181  174    1
129  175    0
182           175       0.06047
183           175        0.1109
184           175       0.15415
185           175       0.20392
186           175        0.2493
187           175       0.29472
188           175       0.34373
189           175         0.367
190           175        0.4321
191           175       0.50043
192           175       0.56538
193           175       0.61874
194           175        0.6781
195           175       0.73868
196           175       0.80875
197           175       0.85657
198           175       0.90004
199           175       0.95564
200  175    1
106  111    0
201           111       0.07883
202           111       0.11227
203           111       0.13638
204           111       0.17253
205           111       0.20155
206           111       0.23821
207           111       0.28436
208           111       0.34874
209           111       0.42487
210           111       0.49637
211           111       0.55382
212           111       0.60655
213           111       0.66705
214           111       0.71749
215           111       0.75813
216           111       0.79729
217           111       0.85617
218           111       0.90861
219           111       0.95137
220  111    1
220  176    0
221           176       0.19763
222           176       0.34781
223           176       0.50165
224           176       0.68226
225           176       0.82578
226  176    1
104  112    0
227           112       0.04743
228           112       0.09346
229           112       0.12525
230           112       0.15743
231           112        0.2127
232           112       0.27928
233           112       0.34812
234           112       0.40445
235           112       0.46179
236           112       0.51492
237           112       0.54428
238           112       0.56013
239           112       0.58191
240           112       0.61118
241           112       0.64551
242           112       0.70413
243           112       0.75541
244           112       0.80582
245           112       0.85224
246           112       0.89979
247           112       0.94976
248  112    1
248  177    0
249           177        0.0617
250           177       0.11076
251           177       0.16792
252           177       0.21984
253           177       0.28372
254           177       0.35607
255           177       0.41075
256           177       0.48568
257           177       0.55827
258           177       0.61081
259           177       0.64942
260           177       0.70315
261           177       0.76356
262           177        0.8181
263           177       0.87517
264           177       0.93452
265  177    1
102  113    0
266           113       0.14689
267           113       0.22407
268           113       0.26386
269           113       0.30636
270           113         0.343
271           113       0.34387
272           113       0.39627
273           113       0.43062
274           113       0.48286
275           113       0.51507
276           113       0.57188
277           113       0.64037
278           113       0.72994
279           113       0.82631
280           113       0.91267
281  113    1
92  114    0
282           114       0.02901
283           114       0.05383
284           114       0.09188
285           114       0.13994
286           114       0.17703
287           114       0.20036
288           114       0.22852
289           114        0.2465
290           114       0.26401
291           114       0.28877
292           114       0.31261
293           114       0.34834
294           114       0.38024
295           114       0.40978
296           114       0.44667
297           114       0.47896
298           114       0.50979
299           114       0.53884
300           114        0.5618
301           114       0.59152
302           114       0.63069
303           114       0.65898
304           114       0.68551
305           114       0.70691
306           114       0.73759
307           114       0.77732
308           114       0.80612
309           114       0.83149
310           114       0.86216
311           114       0.89082
312           114       0.90731
313           114       0.93105
314           114       0.95712
315           114       0.97643
316  114    1
316  178    0
317           178       0.09452
318           178       0.19989
319           178       0.27166
320           178       0.37331
321           178        0.4599
322           178       0.58965
323           178       0.69423
324           178       0.78591
325           178       0.88808
326  178    1
326  179    0
327           179       0.08308
328           179       0.17524
329           179       0.25258
330           179       0.32647
331           179       0.38668
332           179       0.43508
333           179         0.462
334           179       0.51329
335           179       0.55529
336           179        0.6264
337           179       0.66596
338           179       0.71268
339           179       0.73695
340           179       0.77302
341           179         0.826
342           179       0.88772
343           179       0.93538
344  179    1
326  180    0
345           180       0.08879
346           180       0.14914
347           180       0.21746
348           180       0.29152
349           180       0.37008
350           180       0.44867
351           180       0.52157
352           180       0.58336
353           180       0.62622
354           180       0.67029
355           180       0.69644
356           180       0.73615
357           180       0.77451
358           180       0.81983
359           180       0.88078
360           180       0.94746
361  180    1
90  115    0
362           115       0.06988
363           115       0.12605
364           115       0.15815
365           115       0.19703
366           115       0.22996
367           115       0.26316
368           115       0.29311
369           115       0.32274
370           115       0.35248
371           115       0.40149
372           115       0.44541
373           115       0.47621
374           115       0.50906
375           115       0.55293
376           115        0.5928
377           115        0.6424
378           115       0.70074
379           115       0.75322
380           115       0.80528
381           115       0.86103
382           115       0.92186
383           115       0.96457
384  115    1
62  116    0
385           116       0.04564
386           116       0.05397
387           116       0.08491
388           116       0.10348
389           116       0.13899
390           116       0.17769
391           116       0.22041
392           116       0.25968
393           116       0.30687
394           116       0.35602
395           116       0.38993
396           116       0.42588
397           116        0.4697
398           116       0.49544
399           116        0.5135
400           116       0.54959
401           116       0.58552
402           116       0.62056
403           116       0.67073
404           116       0.72886
405           116       0.78791
406           116       0.83217
407           116       0.88655
408           116       0.92865
409           116       0.95835
410  116    1
410  181    0
411           181       0.35406
412           181       0.73184
413  181    1
413  117    0
414           117       0.06921
415           117       0.14037
416           117       0.20849
417           117       0.25793
418           117       0.30742
419           117       0.37114
420           117       0.41772
421           117       0.48766
422           117       0.55596
423           117       0.64615
424           117        0.7338
425           117       0.81467
426           117       0.87696
427           117       0.93395
428  117    1
428  118    0
429           118       0.07545
430           118       0.15249
431           118       0.21268
432           118       0.24826
433           118       0.30694
434           118       0.34572
435           118       0.39273
436           118       0.43969
437           118       0.46639
438           118       0.51368
439           118       0.55986
440           118       0.58288
441           118       0.61868
442           118       0.64979
443           118       0.67015
444           118       0.70677
445           118       0.73728
446           118       0.77781
447           118       0.84885
448           118       0.92249
449  118    1
449  182    0
450           182       0.09771
451           182       0.17628
452           182        0.2504
453           182       0.31998
454           182       0.37596
455           182        0.4347
456           182       0.49054
457           182       0.57241
458           182       0.66752
459           182       0.73318
460           182       0.80395
461           182       0.87791
462           182       0.93778
463  182    1
428  119    0
464           119       0.07522
465           119       0.18476
466           119       0.26104
467           119       0.33066
468           119       0.42035
469           119       0.51459
470           119       0.61936
471           119       0.71933
472           119       0.82238
473           119       0.90711
474  119    1
56  120    0
475           120       0.07667
476           120       0.15727
477           120       0.20873
478           120       0.27684
479           120       0.34195
480           120        0.4334
481           120       0.53211
482           120       0.62705
483           120       0.71913
484           120       0.80826
485           120        0.8919
486           120        0.9533
487  120    1
41  183    0
488  183    1
488  184    0
489           184        0.0854
490           184       0.14246
491           184       0.20468
492           184       0.26865
493           184       0.34852
494           184       0.43397
495           184       0.53898
496           184       0.63698
497           184       0.73558
498           184       0.82048
499           184       0.91394
500  184    1
500  108    0
501           108       0.47316
502  108    1
502  185    0
503           185       0.15668
504           185       0.31496
505           185        0.4879
506           185       0.62684
507           185       0.75283
508           185       0.85025
509           185       0.91329
510           185       0.95883
511           185       0.96035
512  185    1
512  186    0
513  186    1
513  187    0
514           187       0.06806
515           187       0.15006
516           187       0.22523
517           187       0.28449
518           187       0.33417
519           187       0.37853
520           187        0.4177
521           187       0.44819
522           187       0.49278
523           187        0.5191
524           187        0.5521
525           187       0.57849
526           187       0.60978
527           187       0.64332
528           187       0.69191
529           187        0.7393
530           187       0.78945
531           187       0.83707
532           187       0.88513
533           187       0.94598
534  187    1
534  109    0
535           109       0.47817
536  109    1
536  188    0
537           188       0.05357
538           188       0.11849
539           188        0.1837
540           188       0.24639
541           188       0.30289
542           188       0.34534
543           188       0.37471
544           188       0.41295
545           188       0.44389
546           188       0.47492
547           188       0.52038
548           188       0.56982
549           188       0.61966
550           188       0.67336
551           188       0.72642
552           188       0.77129
553           188       0.81232
554           188       0.82446
555           188       0.84896
556           188       0.88519
557           188       0.92178
558           188        0.9594
559  188    1
559  121    0
560           121       0.11504
561           121       0.20958
562           121       0.30699
563           121       0.41871
564           121       0.51481
565           121       0.61997
566           121       0.71416
567           121       0.81069
568           121       0.90278
569  121    1
569  122    0
570           122        0.3818
571           122       0.70559
572  122    1
572  189    0
573           189       0.03762
574           189       0.08495
575           189       0.12087
576           189       0.14253
577           189       0.15927
578           189       0.19984
579           189       0.25593
580           189       0.30514
581           189       0.36238
582           189       0.42038
583           189       0.48495
584           189       0.54714
585           189       0.59997
586           189       0.64733
587           189        0.6852
588           189       0.71324
589           189       0.74484
590           189       0.78856
591           189       0.82467
592           189        0.8569
593           189       0.90138
594           189       0.94657
595  189    1
569  123    0
596           123       0.38555
597           123       0.72222
598  123    1
598  190    0
599           190       0.05086
600           190       0.17722
601           190       0.27692
602           190       0.37906
603           190       0.46527
604           190       0.56522
605           190       0.65984
606           190       0.77364
607           190        0.8778
608  190    1
513  124    0
609           124       0.07397
610           124       0.13505
611           124       0.20878
612           124       0.27818
613           124       0.33311
614           124       0.38417
615           124       0.43686
616           124       0.46496
617           124       0.49267
618           124        0.5237
619           124       0.56888
620           124       0.61557
621           124       0.67937
622           124       0.73491
623           124       0.78814
624           124       0.82942
625           124       0.86494
626           124        0.8989
627           124       0.94957
628  124    1
628  191    0
629           191       0.28734
630           191       0.59208
631  191    1
512  125    0
632           125       0.07709
633           125       0.13817
634           125        0.2154
635           125       0.28945
636           125        0.3552
637           125       0.42976
638           125       0.51491
639           125       0.60589
640           125       0.70372
641           125       0.79507
642           125       0.87646
643           125       0.94002
644  125    1
488  126    0
645           126       0.13977
646           126       0.22886
647           126       0.32631
648           126       0.39095
649           126       0.48827
650           126       0.54747
651           126       0.59144
652           126       0.64921
653           126       0.72097
654           126       0.79169
655           126       0.86079
656           126       0.92146
657  126    1
24  127    0
658           127       0.04537
659           127       0.07124
660           127        0.1023
661           127       0.13207
662           127       0.19685
663           127       0.23359
664           127       0.27944
665           127       0.32678
666           127       0.36582
667           127       0.41656
668           127       0.47065
669           127       0.52651
670           127       0.58007
671           127       0.63792
672           127       0.69491
673           127       0.73381
674           127        0.7913
675           127       0.84038
676           127       0.86496
677           127       0.90787
678           127       0.94713
679  127    1
679  128    0
680           128       0.23168
681           128       0.41702
682           128       0.58867
683           128       0.71382
684           128       0.85689
685           128       0.95332
686  128    1
686  129    0
687  129    1
687  192    0
688           192       0.32162
689           192       0.67702
690  192    1
690  130    0
691           130         0.456
692  130    1
692  131    0
693           131       0.09078
694           131       0.17475
695           131       0.21041
696           131       0.28401
697           131       0.36142
698           131        0.4605
699           131       0.57085
700           131       0.71555
701           131       0.86204
702  131    1
702  132    0
703           132       0.15392
704           132       0.31802
705           132       0.48888
706           132       0.63254
707           132       0.73266
708           132       0.80642
709           132        0.8682
710           132       0.90929
711  132    1
711  133    0
712           133       0.12646
713           133       0.24299
714           133       0.42177
715           133       0.60975
716           133       0.81002
717  133    1
717  134    0
718           134       0.32712
719           134       0.59791
720  134    1
720  193    0
721           193       0.25933
722           193       0.61988
723           193         0.625
724  193    1
724  135    0
725           135       0.39492
726           135        0.7317
727  135    1
727  136    0
728           136       0.03496
729           136       0.11335
730           136       0.20495
731           136       0.29765
732           136       0.41094
733           136       0.56047
734           136       0.71311
735           136       0.89884
736  136    1
736  137    0
737           137       0.03072
738           137       0.07113
739           137       0.10637
740           137       0.15676
741           137       0.20098
742           137       0.22951
743           137        0.2755
744           137       0.31474
745           137       0.35348
746           137       0.41713
747           137       0.47654
748           137       0.53843
749           137       0.59136
750           137       0.63611
751           137       0.69259
752           137        0.7476
753           137        0.8015
754           137       0.84296
755           137       0.87157
756           137       0.90389
757           137       0.94422
758           137       0.96458
759  137    1
759  194    0
760           194       0.03062
761           194        0.0671
762           194       0.10077
763           194       0.14387
764           194       0.19289
765           194       0.24838
766           194       0.29395
767           194       0.34606
768           194       0.39436
769           194       0.44202
770           194       0.47779
771           194       0.52159
772           194       0.54946
773           194       0.57537
774           194       0.59518
775           194       0.62184
776           194       0.65211
777           194       0.68159
778           194       0.71969
779           194       0.75058
780           194         0.786
781           194       0.83099
782           194       0.87514
783           194       0.92256
784           194       0.96499
785  194    1
736  138    0
786           138       0.12146
787           138        0.1698
788           138       0.24313
789           138        0.3068
790           138       0.37614
791           138       0.43514
792           138       0.51754
793           138       0.60126
794           138       0.66161
795           138       0.71937
796           138       0.78867
797           138       0.85746
798           138       0.92816
799  138    1
727  139    0
800           139       0.10725
801           139       0.13947
802           139       0.17031
803           139       0.24371
804           139       0.31518
805           139       0.39377
806           139       0.47054
807           139        0.5473
808           139        0.6277
809           139       0.69517
810           139       0.75286
811           139       0.80236
812           139       0.86001
813           139       0.93257
814  139    1
720  195    0
815           195       0.24966
816           195       0.60778
817  195    1
817  140    0
818           140       0.12989
819           140       0.28903
820           140       0.37983
821           140       0.50558
822           140        0.6336
823           140       0.73865
824           140       0.82251
825           140       0.92178
826  140    1
826  141    0
827           141       0.03871
828           141       0.07253
829           141       0.10546
830           141       0.14822
831           141       0.18894
832           141       0.22255
833           141       0.26728
834           141       0.31903
835           141       0.37093
836           141       0.41903
837           141        0.4637
838           141       0.49987
839           141       0.52232
840           141       0.54111
841           141       0.56547
842           141       0.59381
843           141       0.62094
844           141       0.65722
845           141       0.68703
846           141       0.73243
847           141       0.78158
848           141       0.82602
849           141       0.86915
850           141       0.90118
851           141       0.93873
852           141        0.9698
853  141    1
853  196    0
854           196       0.08256
855           196       0.15094
856           196       0.24409
857           196       0.31704
858           196       0.41323
859           196       0.51072
860           196       0.60974
861           196       0.69949
862           196       0.81771
863           196       0.89705
864  196    1
826  142    0
865           142       0.13362
866           142       0.19013
867           142       0.26402
868           142       0.35026
869           142        0.4315
870           142       0.51516
871           142       0.57776
872           142       0.65091
873           142       0.71594
874           142       0.78048
875           142        0.8478
876           142        0.9302
877  142    1
717  143    0
878           143       0.16894
879           143       0.48864
880  143    1
880  197    0
881           197       0.41384
882           197       0.73627
883  197    1
883  144    0
884           144       0.04694
885           144       0.09353
886           144       0.14066
887           144       0.18463
888           144        0.2392
889           144       0.30171
890           144        0.3799
891           144       0.45925
892           144       0.54653
893           144       0.62901
894           144       0.71777
895           144       0.78826
896           144       0.84808
897           144       0.88916
898           144       0.92803
899           144       0.96359
900  144    1
711  145    0
901           145       0.03476
902           145       0.15636
903           145       0.31093
904           145       0.43299
905           145       0.57865
906           145       0.71295
907           145       0.81657
908           145       0.93087
909  145    1
909  198    0
910           198       0.51371
911  198    1
911  146    0
912           146       0.04622
913           146       0.09764
914           146       0.15281
915           146       0.22516
916           146       0.28746
917           146        0.3405
918           146       0.39343
919           146       0.43479
920           146       0.48208
921           146       0.52107
922           146       0.55677
923           146       0.60358
924           146       0.65097
925           146       0.70849
926           146       0.74403
927           146       0.79868
928           146       0.85251
929           146       0.90158
930           146         0.949
931  146    1
702  147    0
932           147       0.05862
933           147       0.14712
934           147       0.23456
935           147       0.34015
936           147       0.45212
937           147       0.53703
938           147       0.60593
939           147       0.68769
940           147       0.77544
941           147       0.84599
942           147       0.93199
943  147    1
943  148    0
944           148       0.25315
945           148       0.48248
946           148       0.70141
947           148       0.83584
948  148    1
948  199    0
949           199       0.37576
950           199       0.72218
951  199    1
951  149    0
952           149       0.08124
953           149       0.19599
954           149        0.2704
955           149       0.39296
956           149       0.52966
957           149       0.67869
958           149       0.83682
959  149    1
943  150    0
960           150       0.16297
961           150       0.28943
962           150       0.44906
963           150       0.59636
964           150       0.79651
965  150    1
965  200    0
966           200       0.41434
967           200       0.67933
968  200    1
968  151    0
969           151        0.4783
970  151    1
692  152    0
971           152       0.04647
972           152       0.08934
973           152       0.13656
974           152       0.17581
975           152       0.20967
976           152       0.24215
977           152        0.2789
978           152       0.31447
979           152       0.35361
980           152       0.39273
981           152        0.4388
982           152       0.48452
983           152       0.52874
984           152       0.56164
985           152       0.59041
986           152       0.62418
987           152       0.65853
988           152       0.67555
989           152       0.70759
990           152       0.74209
991           152       0.78391
992           152       0.82376
993           152       0.85979
994           152       0.88879
995           152       0.91281
996           152       0.94219
997           152       0.96705
998  152    1
998  201    0
999           201       0.26538
1000            201         0.6187
1001   201     1
1001   153     0
1002            153        0.14932
1003            153        0.28928
1004            153        0.43355
1005            153        0.52432
1006            153        0.65306
1007            153        0.75717
1008            153        0.86712
1009   153     1
686  154    0
1010   154     1
1010   202     0
1011            202        0.45569
1012   202     1
1012   155     0
1013            155        0.05565
1014            155        0.11035
1015            155        0.16275
1016            155        0.21084
1017            155        0.25044
1018            155        0.28283
1019            155        0.30074
1020            155        0.32643
1021            155        0.35086
1022            155        0.36371
1023            155        0.37634
1024            155        0.39654
1025            155        0.43195
1026            155         0.4726
1027            155        0.51065
1028            155        0.54384
1029            155        0.58679
1030            155         0.6214
1031            155        0.65017
1032            155        0.68306
1033            155        0.71595
1034            155        0.74492
1035            155         0.7699
1036            155         0.8012
1037            155         0.8356
1038            155        0.87367
1039            155        0.90824
1040            155        0.95173
1041   155     1
679  156    0
1042   156     1
1042   157     0
1043            157        0.18514
1044            157        0.31876
1045            157        0.46931
1046            157        0.60395
1047            157        0.81783
1048   157     1
1048   203     0
1049            203         0.2827
1050            203        0.62749
1051   203     1
1051   158     0
1052            158        0.03968
1053            158        0.08226
1054            158        0.12228
1055            158        0.16287
1056            158        0.19491
1057            158         0.2301
1058            158         0.2597
1059            158        0.28306
1060            158        0.31055
1061            158         0.3356
1062            158        0.34051
1063            158        0.35791
1064            158        0.38437
1065            158        0.41532
1066            158        0.45252
1067            158        0.49044
1068            158        0.53605
1069            158        0.57797
1070            158        0.60757
1071            158        0.64882
1072            158        0.69032
1073            158        0.72758
1074            158        0.76935
1075            158        0.81427
1076            158        0.85689
1077            158        0.89034
1078            158        0.92313
1079            158        0.95667
1080            158        0.97413
1081   158     1
1081   204     0
1082            204         0.3432
1083            204        0.66388
1084   204     1
1084   159     0
1085            159        0.15952
1086            159        0.25785
1087            159        0.34973
1088            159        0.42372
1089            159        0.49303
1090            159        0.57501
1091            159        0.70132
1092            159        0.82322
1093   159     1
1042   160     0
1094            160        0.17397
1095            160        0.40727
1096            160        0.52327
1097            160        0.69943
1098            160        0.84249
1099   160     1
1099   205     0
1100            205        0.34939
1101            205         0.6867
1102   205     1
1102   161     0
1103            161        0.06292
1104            161        0.12008
1105            161        0.17831
1106            161        0.21224
1107            161        0.24811
1108            161        0.29883
1109            161        0.35868
1110            161        0.43801
1111            161        0.51995
1112            161        0.59724
1113            161        0.66424
1114            161        0.73744
1115            161        0.78926
1116            161        0.84178
1117            161        0.88979
1118            161        0.93709
1119   161     1
1  2  0
1120              2         0.1262
1121              2         0.2297
1122              2        0.34332
1123              2        0.43148
1124              2        0.51557
1125              2        0.61161
1126              2        0.72712
1127              2        0.84903
1128     2     1
1128     3     0
1129              3        0.09152
1130              3        0.18807
1131              3        0.29906
1132              3        0.38793
1133              3        0.48826
1134              3        0.58056
1135              3        0.67791
1136              3        0.78684
1137              3        0.90544
1138     3     1
1138     4     0
1139              4        0.51768
1140     4     1
1140     5     0
1141     5     1
1141     6     0
1142              6        0.05823
1143              6        0.12886
1144              6        0.20798
1145              6        0.29158
1146              6        0.36375
1147              6        0.43813
1148              6        0.50572
1149              6        0.54193
1150              6        0.59097
1151              6        0.64306
1152              6        0.69057
1153              6         0.7483
1154              6        0.81919
1155              6        0.88685
1156              6        0.94355
1157     6     1
1157     7     0
1158              7        0.17412
1159              7        0.31695
1160              7        0.49452
1161              7        0.64894
1162              7        0.79906
1163              7        0.89915
1164              7        0.92718
1165     7     1
1165     8     0
1166              8        0.31696
1167              8        0.55717
1168              8        0.76535
1169     8     1
1169     9     0
1170              9        0.14126
1171              9        0.31107
1172              9        0.45427
1173              9        0.60762
1174              9        0.82956
1175     9     1
1175    10     0
1176             10        0.06416
1177             10        0.13601
1178             10        0.20701
1179             10        0.27173
1180             10        0.34086
1181             10        0.40802
1182             10        0.49441
1183             10        0.59191
1184             10        0.67028
1185             10        0.75764
1186             10        0.82851
1187             10        0.89922
1188             10        0.95866
1189    10     1
1189    11     0
1190             11        0.04706
1191             11        0.14217
1192             11        0.27676
1193             11        0.40196
1194             11        0.55404
1195             11        0.72261
1196             11        0.85287
1197    11     1
1197    12     0
1198             12        0.13366
1199             12         0.2955
1200             12        0.43239
1201             12        0.59333
1202             12        0.70359
1203             12        0.81814
1204             12        0.88622
1205             12         0.9619
1206    12     1
1206    13     0
1207             13        0.05428
1208             13        0.11355
1209             13        0.16171
1210             13        0.21898
1211             13        0.27625
1212             13        0.31913
1213             13        0.35263
1214             13        0.39773
1215             13        0.42185
1216             13        0.47503
1217             13        0.53164
1218             13        0.57784
1219             13        0.63879
1220             13        0.68935
1221             13        0.74389
1222             13         0.7998
1223             13        0.85226
1224             13        0.89214
1225             13        0.94137
1226    13     1
1206    14     0
1227             14        0.14214
1228             14        0.14252
1229             14        0.20637
1230             14        0.27173
1231             14        0.34185
1232             14        0.41691
1233             14        0.48425
1234             14        0.57238
1235             14        0.63843
1236             14        0.70388
1237             14        0.78049
1238             14        0.85644
1239             14        0.92403
1240    14     1
1197    15     0
1241             15        0.09408
1242             15        0.15393
1243             15        0.20307
1244             15        0.25988
1245             15        0.31377
1246             15        0.36996
1247             15        0.41349
1248             15        0.46666
1249             15          0.527
1250             15        0.58456
1251             15        0.62104
1252             15        0.65696
1253             15        0.70475
1254             15         0.7592
1255             15        0.79962
1256             15        0.84076
1257             15        0.88854
1258             15        0.94459
1259    15     1
1189    16     0
1260             16        0.05483
1261             16        0.08351
1262             16        0.11348
1263             16        0.13649
1264             16        0.15517
1265             16        0.17546
1266             16        0.20093
1267             16        0.22474
1268             16        0.25126
1269             16          0.273
1270             16        0.30159
1271             16        0.33223
1272             16        0.35753
1273             16        0.38002
1274             16        0.40831
1275             16        0.43906
1276             16        0.47361
1277             16         0.5145
1278             16        0.54273
1279             16        0.57285
1280             16        0.60379
1281             16         0.6258
1282             16         0.6503
1283             16        0.67289
1284             16        0.69184
1285             16        0.70674
1286             16        0.72658
1287             16        0.75641
1288             16        0.78739
1289             16        0.82315
1290             16        0.85086
1291             16        0.88019
1292             16        0.90745
1293             16        0.93717
1294             16        0.96745
1295    16     1
1175    17     0
1296             17        0.01346
1297             17         0.0327
1298             17        0.05382
1299             17        0.07642
1300             17        0.10384
1301             17        0.12665
1302             17        0.14467
1303             17        0.16576
1304             17        0.17648
1305             17        0.19095
1306             17        0.21015
1307             17        0.22616
1308             17        0.25016
1309             17        0.27234
1310             17        0.29684
1311             17        0.32269
1312             17        0.34145
1313             17        0.36167
1314             17        0.37941
1315             17        0.39431
1316             17        0.41033
1317             17        0.42571
1318             17        0.43756
1319             17        0.45328
1320             17        0.47466
1321             17        0.49271
1322             17        0.51564
1323             17        0.53491
1324             17        0.55374
1325             17        0.57279
1326             17         0.5916
1327             17        0.60894
1328             17        0.62945
1329             17        0.64889
1330             17        0.67316
1331             17        0.69272
1332             17        0.70932
1333             17        0.72683
1334             17        0.74331
1335             17        0.75815
1336             17         0.7689
1337             17        0.78243
1338             17        0.80431
1339             17        0.82604
1340             17        0.84603
1341             17        0.86936
1342             17        0.88882
1343             17        0.91194
1344             17        0.92661
1345             17        0.94297
1346             17        0.94773
1347             17        0.96247
1348             17        0.98245
1349    17     1
1169    18     0
1350             18        0.08351
1351             18        0.17356
1352             18        0.23369
1353             18        0.30482
1354             18        0.41413
1355             18        0.53145
1356             18         0.5923
1357             18        0.68458
1358             18        0.79039
1359             18        0.87977
1360             18        0.94395
1361    18     1
1361    19     0
1362             19        0.08184
1363             19        0.17216
1364             19        0.24336
1365             19        0.32238
1366             19        0.38238
1367             19         0.4462
1368             19        0.50546
1369             19        0.59387
1370             19        0.68076
1371             19        0.77999
1372             19        0.89486
1373    19     1
1373    20     0
1374             20        0.06077
1375             20        0.12532
1376             20        0.18457
1377             20        0.22501
1378             20        0.25112
1379             20        0.29827
1380             20        0.35762
1381             20        0.42439
1382             20        0.47995
1383             20        0.53061
1384             20        0.59361
1385             20        0.66345
1386             20        0.71995
1387             20          0.776
1388             20          0.824
1389             20        0.86888
1390             20        0.90985
1391             20        0.95265
1392    20     1
1373    21     0
1393             21        0.11641
1394             21         0.2212
1395             21        0.31825
1396             21        0.40895
1397             21        0.49107
1398             21         0.5775
1399             21        0.65583
1400             21         0.7118
1401             21        0.75436
1402             21        0.81085
1403             21        0.86747
1404             21         0.9427
1405    21     1
1373    22     0
1406             22        0.08158
1407             22        0.14218
1408             22        0.18691
1409             22        0.23168
1410             22        0.31612
1411             22        0.39745
1412             22        0.48594
1413             22        0.56229
1414             22        0.63317
1415             22        0.72765
1416             22         0.8189
1417             22        0.92521
1418    22     1
1361    23     0
1419             23        0.17516
1420             23        0.26354
1421             23        0.33404
1422             23        0.42356
1423             23        0.51577
1424             23        0.59056
1425             23        0.69217
1426             23        0.80249
1427             23        0.90601
1428    23     1
1165    24     0
1429             24        0.09063
1430             24        0.15355
1431             24         0.2069
1432             24        0.27792
1433             24        0.36854
1434             24        0.46883
1435             24        0.53985
1436             24        0.60376
1437             24        0.66495
1438             24        0.71517
1439             24        0.75523
1440             24        0.80852
1441             24        0.87409
1442             24        0.93598
1443    24     1
1443    25     0
1444             25        0.07054
1445             25        0.16449
1446             25        0.28361
1447             25         0.3936
1448             25        0.49597
1449             25        0.59367
1450             25        0.67777
1451             25        0.76117
1452             25        0.83717
1453             25        0.91069
1454    25     1
1454    26     0
1455             26        0.04277
1456             26        0.08501
1457             26        0.13387
1458             26        0.17264
1459             26        0.21373
1460             26        0.26099
1461             26        0.29938
1462             26        0.33575
1463             26        0.37904
1464             26        0.42499
1465             26        0.45606
1466             26        0.47872
1467             26        0.51129
1468             26        0.54767
1469             26        0.57747
1470             26        0.58555
1471             26        0.62168
1472             26        0.65387
1473             26        0.69894
1474             26        0.75912
1475             26        0.81942
1476             26        0.86021
1477             26        0.89682
1478             26        0.92929
1479             26         0.9643
1480    26     1
1454    27     0
1481             27        0.08048
1482             27        0.14773
1483             27        0.21597
1484             27        0.28077
1485             27        0.34944
1486             27        0.41088
1487             27        0.47487
1488             27        0.53312
1489             27        0.57795
1490             27        0.63142
1491             27        0.69082
1492             27        0.75997
1493             27         0.8221
1494             27        0.87823
1495             27        0.93387
1496    27     1
1443    28     0
1497             28        0.06333
1498             28         0.1376
1499             28         0.2643
1500             28        0.39553
1501             28        0.52586
1502             28        0.61444
1503             28         0.6867
1504             28        0.76735
1505             28        0.83616
1506             28        0.89664
1507             28        0.95364
1508    28     1
1508    29     0
1509             29        0.04465
1510             29        0.09519
1511             29        0.16376
1512             29        0.22668
1513             29        0.27488
1514             29        0.32613
1515             29        0.37992
1516             29        0.44165
1517             29        0.48572
1518             29        0.53762
1519             29         0.5897
1520             29        0.64879
1521             29        0.71685
1522             29         0.7732
1523             29         0.8197
1524             29        0.86571
1525             29        0.90434
1526             29        0.94751
1527    29     1
1508    30     0
1528             30        0.21458
1529             30        0.30387
1530             30        0.37239
1531             30        0.44231
1532             30        0.53003
1533             30        0.62331
1534             30        0.71471
1535             30        0.81617
1536             30        0.89601
1537    30     1
1157    31     0
1538             31          0.079
1539             31        0.17493
1540             31        0.27718
1541             31        0.35578
1542             31        0.44912
1543             31        0.54167
1544             31        0.61345
1545             31        0.67512
1546             31        0.73366
1547             31         0.7948
1548             31        0.85713
1549             31        0.92273
1550    31     1
1141    32     0
1551             32        0.03317
1552             32        0.08806
1553             32        0.13929
1554             32        0.18179
1555             32        0.21553
1556             32        0.24853
1557             32        0.28485
1558             32        0.31288
1559             32        0.34456
1560             32        0.38234
1561             32        0.41434
1562             32        0.45969
1563             32         0.5046
1564             32         0.5438
1565             32        0.57573
1566             32          0.601
1567             32        0.62501
1568             32         0.6655
1569             32        0.71153
1570             32        0.74458
1571             32        0.77847
1572             32         0.8019
1573             32        0.82471
1574             32        0.84663
1575             32        0.87623
1576             32        0.91297
1577             32        0.95893
1578    32     1
1578    33     0
1579             33        0.06092
1580             33        0.13448
1581             33        0.19053
1582             33        0.25121
1583             33        0.31031
1584             33        0.36208
1585             33        0.40976
1586             33        0.45495
1587             33        0.50148
1588             33        0.56076
1589             33        0.61603
1590             33        0.68251
1591             33        0.75734
1592             33        0.81755
1593             33        0.85935
1594             33        0.90697
1595             33         0.9627
1596    33     1
1596    34     0
1597             34        0.02545
1598             34        0.05811
1599             34        0.08411
1600             34        0.12303
1601             34        0.15328
1602             34        0.18958
1603             34         0.2344
1604             34        0.28267
1605             34        0.32789
1606             34        0.37157
1607             34        0.42054
1608             34        0.46572
1609             34        0.51437
1610             34        0.56054
1611             34        0.62407
1612             34        0.68943
1613             34        0.74727
1614             34        0.79258
1615             34        0.82888
1616             34        0.86274
1617             34        0.89694
1618             34        0.91524
1619             34        0.93602
1620             34        0.96668
1621    34     1
1596    35     0
1622             35        0.04002
1623             35        0.06653
1624             35        0.10303
1625             35        0.15604
1626             35        0.21443
1627             35        0.26924
1628             35        0.32772
1629             35        0.38063
1630             35        0.43454
1631             35        0.48899
1632             35        0.51938
1633             35        0.54039
1634             35        0.56074
1635             35        0.60135
1636             35        0.65623
1637             35        0.68633
1638             35        0.72638
1639             35        0.78658
1640             35        0.84455
1641             35        0.89836
1642             35        0.95054
1643    35     1
1578    36     0
1644             36        0.02739
1645             36        0.03572
1646             36         0.0713
1647             36         0.1113
1648             36        0.14475
1649             36        0.18595
1650             36        0.23708
1651             36        0.27875
1652             36        0.31169
1653             36        0.34692
1654             36        0.37516
1655             36        0.40855
1656             36        0.44174
1657             36        0.46761
1658             36        0.49858
1659             36        0.53367
1660             36        0.57037
1661             36        0.60548
1662             36        0.63747
1663             36        0.66257
1664             36        0.68932
1665             36        0.70544
1666             36        0.72437
1667             36        0.75291
1668             36        0.78371
1669             36        0.82388
1670             36        0.86507
1671             36        0.91151
1672             36        0.95691
1673    36     1
1140    37     0
1674             37        0.01999
1675             37        0.03688
1676             37        0.05377
1677             37        0.07627
1678             37        0.09395
1679             37        0.12277
1680             37        0.15138
1681             37        0.17341
1682             37        0.19631
1683             37        0.22208
1684             37        0.25448
1685             37        0.28854
1686             37        0.32594
1687             37        0.35716
1688             37        0.38654
1689             37        0.41474
1690             37        0.43834
1691             37        0.46533
1692             37        0.48637
1693             37        0.50757
1694             37        0.52713
1695             37        0.53964
1696             37        0.55868
1697             37        0.58331
1698             37        0.60973
1699             37        0.63182
1700             37        0.65727
1701             37        0.68901
1702             37        0.71545
1703             37        0.74062
1704             37        0.77057
1705             37        0.79473
1706             37        0.82195
1707             37        0.84834
1708             37        0.86261
1709             37        0.88449
1710             37        0.90802
1711             37        0.92973
1712             37        0.94525
1713             37        0.97513
1714    37     1
1714    38     0
1715             38        0.18701
1716             38        0.37002
1717             38        0.56854
1718             38        0.78301
1719    38     1
1719    39     0
1720             39        0.06008
1721             39        0.11702
1722             39        0.18273
1723             39        0.25327
1724             39        0.31254
1725             39         0.3743
1726             39         0.4515
1727             39        0.49489
1728             39        0.54627
1729             39        0.60595
1730             39        0.66816
1731             39        0.71516
1732             39        0.75994
1733             39        0.82251
1734             39        0.89755
1735             39        0.94611
1736    39     1
1719    40     0
1737             40        0.08094
1738             40        0.14145
1739             40        0.21899
1740             40          0.288
1741             40        0.35447
1742             40        0.40891
1743             40         0.4823
1744             40        0.54943
1745             40        0.62816
1746             40        0.72447
1747             40        0.80851
1748             40        0.87176
1749             40        0.91273
1750             40        0.95165
1751    40     1
1714    41     0
1752             41        0.15228
1753             41        0.28481
1754             41        0.41689
1755             41        0.53869
1756             41        0.61531
1757             41        0.68094
1758             41        0.75365
1759             41        0.80277
1760             41        0.85483
1761             41        0.91136
1762    41     1
1138    42     0
1763             42        0.10483
1764             42         0.1858
1765             42         0.2511
1766             42        0.30271
1767             42        0.36589
1768             42        0.42128
1769             42        0.46392
1770             42        0.51412
1771             42         0.5704
1772             42        0.63941
1773             42        0.70419
1774             42         0.7645
1775             42        0.84575
1776             42        0.92929
1777    42     1
1777    43     0
1778             43        0.03003
1779             43        0.05954
1780             43        0.11903
1781             43        0.17132
1782             43        0.22242
1783             43        0.26443
1784             43        0.30958
1785             43        0.36062
1786             43        0.38902
1787             43        0.42276
1788             43        0.46374
1789             43        0.49186
1790             43        0.52226
1791             43        0.54204
1792             43        0.56835
1793             43        0.58497
1794             43         0.6062
1795             43        0.64118
1796             43        0.67694
1797             43        0.71898
1798             43        0.75403
1799             43        0.78941
1800             43        0.81936
1801             43        0.84418
1802             43        0.86886
1803             43         0.8998
1804             43        0.92391
1805             43        0.95906
1806    43     1
1777    44     0
1807             44        0.11994
1808             44        0.15731
1809             44        0.19238
1810             44        0.23722
1811             44        0.28298
1812             44        0.32284
1813             44        0.36851
1814             44        0.42246
1815             44        0.47466
1816             44        0.52938
1817             44         0.5793
1818             44         0.6394
1819             44        0.69686
1820             44        0.74262
1821             44        0.81586
1822             44        0.88906
1823             44        0.95199
1824    44     1
1128    45     0
1825             45        0.02916
1826             45        0.05928
1827             45        0.09082
1828             45        0.11486
1829             45        0.13521
1830             45        0.15506
1831             45        0.17426
1832             45        0.19387
1833             45        0.21712
1834             45        0.24555
1835             45        0.27676
1836             45        0.30998
1837             45        0.34241
1838             45        0.37906
1839             45        0.40874
1840             45        0.44129
1841             45        0.46705
1842             45        0.49611
1843             45        0.52348
1844             45        0.54401
1845             45        0.56365
1846             45        0.58611
1847             45        0.60974
1848             45        0.63223
1849             45         0.6595
1850             45        0.68782
1851             45        0.71607
1852             45        0.73608
1853             45        0.75628
1854             45        0.77687
1855             45        0.79399
1856             45        0.81689
1857             45        0.84203
1858             45        0.86795
1859             45        0.89189
1860             45        0.92665
1861             45         0.9658
1862    45     1
1862    46     0
1863             46        0.03867
1864             46        0.06881
1865             46        0.10434
1866             46        0.12703
1867             46         0.1437
1868             46        0.15612
1869             46        0.18102
1870             46        0.21838
1871             46         0.2499
1872             46        0.29721
1873             46        0.35259
1874             46        0.41786
1875             46         0.4708
1876             46        0.53592
1877             46         0.5898
1878             46        0.62922
1879             46        0.66409
1880             46        0.69604
1881             46        0.72922
1882             46        0.74865
1883             46        0.77248
1884             46        0.79826
1885             46        0.83679
1886             46        0.87513
1887             46        0.92063
1888             46        0.96244
1889    46     1
1862    47     0
1890             47        0.08815
1891             47        0.14259
1892             47        0.21775
1893             47        0.28435
1894             47        0.36363
1895             47        0.42656
1896             47        0.50847
1897             47        0.59293
1898             47        0.66668
1899             47        0.72231
1900             47         0.7771
1901             47        0.83099
1902             47         0.8934
1903             47        0.93709
1904    47     1
1  48   0
1905             48        0.49886
1906    48     1
1906    49     0
1907             49        0.11096
1908             49        0.19303
1909             49         0.2706
1910             49         0.3772
1911             49        0.45606
1912             49        0.51549
1913             49        0.57198
1914             49        0.66192
1915             49        0.75218
1916             49        0.84517
1917             49        0.92996
1918    49     1
1918    50     0
1919             50         0.3159
1920             50        0.76096
1921    50     1
1921    51     0
1922             51        0.09458
1923             51        0.26445
1924             51        0.43772
1925             51        0.64125
1926             51        0.80717
1927    51     1
1927    52     0
1928             52        0.07802
1929             52        0.16374
1930             52        0.26468
1931             52         0.3461
1932             52        0.41722
1933             52        0.47989
1934             52        0.53783
1935             52        0.62612
1936             52        0.70484
1937             52        0.80198
1938             52        0.89339
1939    52     1
1939    53     0
1940             53         0.1623
1941             53         0.3385
1942             53        0.50824
1943             53        0.62151
1944             53         0.8346
1945    53     1
1945    54     0
1946             54        0.09817
1947             54        0.20622
1948             54        0.27788
1949             54        0.38306
1950             54        0.45224
1951             54        0.51044
1952             54        0.57477
1953             54        0.66039
1954             54        0.75722
1955             54        0.85897
1956    54     1
1956    55     0
1957             55        0.04287
1958             55        0.11791
1959             55        0.18886
1960             55        0.26274
1961             55        0.37137
1962             55        0.50152
1963             55        0.62331
1964             55        0.73954
1965             55        0.87374
1966    55     1
1966    56     0
1967             56        0.06082
1968             56        0.09329
1969             56        0.14704
1970             56        0.17842
1971             56        0.24592
1972             56        0.32214
1973             56        0.41089
1974             56        0.51808
1975             56        0.61165
1976             56        0.69692
1977             56         0.8039
1978             56        0.86614
1979             56         0.9346
1980    56     1
1980    57     0
1981             57        0.05813
1982             57        0.11965
1983             57        0.18347
1984             57         0.2468
1985             57        0.31096
1986             57        0.36722
1987             57         0.4257
1988             57        0.49173
1989             57         0.5491
1990             57        0.61787
1991             57        0.69035
1992             57        0.76035
1993             57         0.8174
1994             57        0.87994
1995             57        0.93713
1996    57     1
1980    58     0
1997             58        0.08751
1998             58        0.16692
1999             58        0.26274
2000             58        0.32846
2001             58        0.39991
2002             58        0.47411
2003             58        0.57398
2004             58        0.65721
2005             58        0.72095
2006             58         0.7775
2007             58        0.83044
2008             58        0.87581
2009             58        0.94155
2010    58     1
1966    59     0
2011             59        0.05397
2012             59        0.08659
2013             59        0.12667
2014             59        0.16068
2015             59        0.18948
2016             59        0.23018
2017             59        0.26575
2018             59        0.29625
2019             59        0.33088
2020             59        0.36752
2021             59        0.39769
2022             59        0.43071
2023             59         0.4559
2024             59        0.47985
2025             59        0.51466
2026             59        0.54698
2027             59        0.58566
2028             59        0.62022
2029             59        0.65922
2030             59        0.69353
2031             59        0.72182
2032             59        0.75463
2033             59        0.78189
2034             59         0.8126
2035             59        0.85264
2036             59        0.89342
2037             59        0.92629
2038             59        0.96558
2039    59     1
1956    60     0
2040             60        0.06181
2041             60        0.11648
2042             60        0.15808
2043             60        0.19506
2044             60        0.22108
2045             60        0.23865
2046             60        0.24383
2047             60        0.25482
2048             60        0.28243
2049             60        0.32017
2050             60         0.3518
2051             60        0.36924
2052             60        0.40067
2053             60        0.44183
2054             60        0.48554
2055             60        0.53072
2056             60        0.56964
2057             60        0.61079
2058             60        0.64311
2059             60        0.66526
2060             60        0.68807
2061             60        0.71868
2062             60        0.74089
2063             60        0.76789
2064             60        0.78618
2065             60        0.80026
2066             60        0.83798
2067             60        0.86991
2068             60        0.90334
2069             60         0.9355
2070             60        0.96455
2071    60     1
1945    61     0
2072             61        0.02943
2073             61        0.06595
2074             61        0.09467
2075             61        0.12052
2076             61         0.1557
2077             61        0.19923
2078             61        0.24048
2079             61        0.28278
2080             61        0.32168
2081             61        0.38716
2082             61        0.44603
2083             61         0.5007
2084             61        0.54464
2085             61        0.59195
2086             61        0.62819
2087             61        0.65884
2088             61        0.68182
2089             61        0.72234
2090             61        0.76475
2091             61        0.78573
2092             61        0.81185
2093             61        0.83409
2094             61        0.85533
2095             61        0.88613
2096             61        0.91593
2097             61        0.95346
2098    61     1
2098    62     0
2099             62        0.10925
2100             62        0.20745
2101             62         0.2927
2102             62        0.36345
2103             62        0.42804
2104             62        0.47868
2105             62        0.51728
2106             62         0.5461
2107             62        0.57981
2108             62        0.62973
2109             62        0.68678
2110             62        0.76131
2111             62        0.84267
2112             62        0.92746
2113    62     1
2098    63     0
2114             63        0.09006
2115             63        0.18431
2116             63        0.27782
2117             63        0.35315
2118             63        0.43917
2119             63        0.53099
2120             63        0.62647
2121             63        0.69058
2122             63        0.75706
2123             63        0.82281
2124             63        0.86714
2125             63        0.89854
2126             63        0.94197
2127    63     1
1939    64     0
2128             64        0.12364
2129             64        0.17818
2130             64        0.23465
2131             64        0.31509
2132             64        0.38106
2133             64        0.43608
2134             64        0.50411
2135             64        0.53782
2136             64        0.59556
2137             64        0.64968
2138             64        0.70596
2139             64        0.77704
2140             64        0.85261
2141             64        0.91857
2142    64     1
1927    65     0
2143             65          0.048
2144             65        0.08695
2145             65          0.123
2146             65        0.16085
2147             65        0.18325
2148             65        0.23196
2149             65        0.26718
2150             65        0.30111
2151             65        0.33391
2152             65        0.37439
2153             65        0.41655
2154             65        0.46529
2155             65        0.51458
2156             65        0.56153
2157             65         0.6115
2158             65        0.66225
2159             65        0.70769
2160             65        0.74816
2161             65        0.78913
2162             65        0.83042
2163             65        0.86634
2164             65        0.89295
2165             65        0.92743
2166             65        0.96562
2167    65     1
1921    66     0
2168             66        0.01129
2169             66        0.02488
2170             66        0.03495
2171             66        0.04913
2172             66        0.06918
2173             66        0.08728
2174             66        0.10771
2175             66        0.12826
2176             66        0.15182
2177             66        0.17137
2178             66        0.18946
2179             66        0.21141
2180             66        0.23332
2181             66        0.25001
2182             66        0.26543
2183             66        0.27567
2184             66        0.28751
2185             66        0.29241
2186             66        0.30536
2187             66        0.31704
2188             66        0.32938
2189             66        0.34025
2190             66        0.35181
2191             66        0.36686
2192             66        0.38487
2193             66        0.40401
2194             66        0.42648
2195             66        0.44778
2196             66         0.4731
2197             66        0.49924
2198             66         0.5232
2199             66        0.54264
2200             66        0.55946
2201             66        0.57467
2202             66        0.58698
2203             66        0.59733
2204             66        0.60817
2205             66        0.61927
2206             66        0.62701
2207             66        0.63675
2208             66        0.64906
2209             66        0.66148
2210             66        0.67799
2211             66        0.69269
2212             66        0.70316
2213             66        0.72259
2214             66        0.74605
2215             66        0.76912
2216             66        0.79402
2217             66        0.82554
2218             66        0.84817
2219             66          0.873
2220             66        0.89709
2221             66        0.91839
2222             66        0.93216
2223             66        0.94743
2224             66         0.9596
2225             66        0.97455
2226             66        0.98638
2227    66     1
1918    67     0
2228             67        0.08723
2229             67        0.13518
2230             67        0.17563
2231             67        0.21379
2232             67        0.25376
2233             67        0.30367
2234             67        0.36057
2235             67        0.41857
2236             67        0.47747
2237             67        0.50975
2238             67        0.55172
2239             67        0.58394
2240             67         0.6212
2241             67        0.65723
2242             67        0.67131
2243             67        0.67582
2244             67        0.70846
2245             67        0.73822
2246             67        0.78094
2247             67        0.83715
2248             67        0.90124
2249             67        0.95386
2250    67     1
2250    68     0
2251             68        0.06712
2252             68        0.12267
2253             68        0.17042
2254             68        0.23423
2255             68        0.29537
2256             68        0.35297
2257             68        0.40505
2258             68        0.45784
2259             68        0.52571
2260             68        0.57781
2261             68        0.62572
2262             68        0.67779
2263             68         0.7457
2264             68        0.81139
2265             68        0.87216
2266             68        0.92813
2267    68     1
2250    69     0
2268             69        0.25231
2269             69        0.38814
2270             69        0.50896
2271             69        0.55753
2272             69        0.65107
2273             69         0.7003
2274             69        0.74907
2275             69        0.78557
2276             69        0.84393
2277             69        0.92328
2278    69     1
1906    70     0
2279             70        0.04985
2280             70        0.07639
2281             70        0.09688
2282             70         0.1135
2283             70        0.12617
2284             70        0.14765
2285             70        0.16692
2286             70        0.18547
2287             70         0.2087
2288             70        0.24446
2289             70        0.27343
2290             70        0.29377
2291             70        0.30536
2292             70        0.32435
2293             70        0.33324
2294             70         0.3574
2295             70        0.36403
2296             70        0.38579
2297             70        0.41181
2298             70         0.4384
2299             70        0.46556
2300             70        0.48992
2301             70        0.52163
2302             70        0.55713
2303             70        0.58983
2304             70        0.61898
2305             70        0.64536
2306             70        0.67229
2307             70         0.6991
2308             70        0.72095
2309             70        0.73917
2310             70        0.75746
2311             70        0.77398
2312             70        0.79137
2313             70        0.80779
2314             70        0.82896
2315             70         0.8459
2316             70        0.86674
2317             70        0.89517
2318             70        0.91215
2319             70        0.92929
2320             70        0.95446
2321             70        0.97738
2322    70     1
1  71   0
2323             71        0.96176
2324    71     1
2324    72     0
2325             72        0.35922
2326             72        0.71967
2327    72     1
2327    73     0
2328             73        0.16711
2329             73        0.33286
2330             73        0.44646
2331             73        0.51533
2332             73        0.60503
2333             73         0.7433
2334             73        0.84526
2335             73         0.9328
2336    73     1
2336    74     0
2337             74        0.05102
2338             74        0.07691
2339             74        0.09838
2340             74        0.12545
2341             74        0.14548
2342             74        0.16355
2343             74        0.17458
2344             74        0.18945
2345             74        0.20607
2346             74        0.22591
2347             74        0.24725
2348             74        0.26371
2349             74         0.2898
2350             74        0.31086
2351             74        0.33209
2352             74        0.35144
2353             74        0.36435
2354             74        0.37069
2355             74          0.384
2356             74          0.399
2357             74        0.41194
2358             74        0.43307
2359             74        0.45136
2360             74        0.47397
2361             74        0.49001
2362             74        0.51174
2363             74        0.52633
2364             74        0.54426
2365             74        0.56825
2366             74        0.59049
2367             74         0.6152
2368             74        0.63494
2369             74        0.64947
2370             74        0.66443
2371             74        0.67719
2372             74        0.69033
2373             74        0.70226
2374             74         0.7163
2375             74        0.73607
2376             74         0.7631
2377             74        0.79136
2378             74         0.8105
2379             74        0.83461
2380             74        0.85558
2381             74        0.87634
2382             74        0.89505
2383             74        0.91567
2384             74        0.93101
2385             74         0.9385
2386             74        0.94429
2387             74        0.95568
2388             74        0.97603
2389    74     1
2389    75     0
2390             75        0.03635
2391             75        0.08366
2392             75        0.13057
2393             75        0.19132
2394             75        0.23821
2395             75        0.28788
2396             75        0.33855
2397             75        0.38263
2398             75        0.42663
2399             75        0.45754
2400             75        0.49538
2401             75         0.5326
2402             75        0.57712
2403             75        0.63567
2404             75        0.68292
2405             75        0.73832
2406             75        0.78477
2407             75        0.83212
2408             75        0.87447
2409             75        0.90915
2410             75        0.93091
2411             75        0.96296
2412    75     1
2389    76     0
2413             76        0.10894
2414             76        0.19545
2415             76        0.28494
2416             76        0.36816
2417             76        0.44759
2418             76        0.54547
2419             76        0.63036
2420             76        0.70314
2421             76        0.75512
2422             76        0.81493
2423             76         0.8676
2424             76        0.91869
2425             76        0.95353
2426    76     1
2336    77     0
2427             77        0.05657
2428             77        0.12602
2429             77        0.19152
2430             77        0.24131
2431             77        0.29468
2432             77        0.33361
2433             77        0.40279
2434             77        0.48384
2435             77        0.57663
2436             77        0.66024
2437             77        0.74697
2438             77        0.82079
2439             77        0.89801
2440             77        0.95521
2441    77     1
2441    78     0
2442             78        0.18887
2443             78        0.45988
2444             78        0.75085
2445    78     1
2445    79     0
2446             79        0.08558
2447             79        0.15122
2448             79        0.27731
2449             79        0.40838
2450             79        0.56065
2451             79        0.76708
2452    79     1
2452    80     0
2453             80        0.06195
2454             80         0.1196
2455             80        0.18164
2456             80        0.24455
2457             80        0.29281
2458             80        0.33041
2459             80        0.36327
2460             80        0.39007
2461             80        0.41209
2462             80        0.45071
2463             80        0.49784
2464             80        0.53385
2465             80        0.57366
2466             80        0.63319
2467             80        0.68549
2468             80        0.74617
2469             80        0.79509
2470             80        0.84015
2471             80        0.87073
2472             80        0.90089
2473             80        0.93071
2474             80        0.96814
2475    80     1
2452    81     0
2476             81        0.09022
2477             81        0.17536
2478             81        0.27332
2479             81        0.37642
2480             81        0.48177
2481             81        0.57946
2482             81        0.67958
2483             81        0.76975
2484             81        0.86183
2485             81        0.93225
2486    81     1
2445    82     0
2487             82        0.06352
2488             82        0.11548
2489             82        0.16297
2490             82        0.19981
2491             82        0.24841
2492             82        0.27421
2493             82        0.29736
2494             82        0.31152
2495             82        0.33928
2496             82        0.36051
2497             82        0.39963
2498             82        0.44991
2499             82         0.5088
2500             82        0.57718
2501             82        0.63998
2502             82        0.71139
2503             82        0.77572
2504             82        0.81991
2505             82        0.86159
2506             82        0.90328
2507             82        0.93518
2508             82        0.96423
2509    82     1
2441    83     0
2510             83        0.08617
2511             83        0.14596
2512             83        0.18497
2513             83        0.24033
2514             83        0.31276
2515             83        0.37099
2516             83        0.41912
2517             83        0.45963
2518             83        0.50583
2519             83        0.54712
2520             83        0.58099
2521             83        0.63066
2522             83        0.69509
2523             83        0.75744
2524             83        0.82148
2525             83        0.87492
2526             83        0.91899
2527             83        0.95139
2528    83     1
2327    84     0
2529             84        0.15875
2530             84        0.25531
2531             84        0.37228
2532             84        0.52039
2533             84        0.65429
2534             84        0.79202
2535             84        0.89987
2536    84     1
2536    85     0
2537             85         0.0352
2538             85        0.09535
2539             85        0.12436
2540             85        0.20398
2541             85        0.28351
2542             85        0.36149
2543             85        0.46713
2544             85        0.56207
2545             85        0.63045
2546             85        0.72154
2547             85        0.79696
2548             85        0.90971
2549    85     1
2549    86     0
2550             86        0.52929
2551    86     1
2551    87     0
2552             87        0.02864
2553             87        0.07006
2554             87        0.12427
2555             87        0.18182
2556             87          0.234
2557             87        0.29204
2558             87        0.34983
2559             87        0.40376
2560             87        0.46617
2561             87        0.52224
2562             87        0.57618
2563             87        0.62766
2564             87        0.65151
2565             87        0.68753
2566             87        0.72494
2567             87         0.7518
2568             87        0.77063
2569             87        0.79851
2570             87        0.83979
2571             87        0.87646
2572             87        0.92102
2573             87        0.96225
2574    87     1
2574    88     0
2575             88        0.03039
2576             88        0.04706
2577             88        0.06847
2578             88          0.102
2579             88        0.13338
2580             88        0.16809
2581             88        0.21336
2582             88         0.2564
2583             88        0.29606
2584             88        0.33505
2585             88        0.37038
2586             88        0.39488
2587             88        0.42577
2588             88        0.44665
2589             88        0.47721
2590             88        0.50785
2591             88        0.54037
2592             88        0.56722
2593             88         0.5886
2594             88        0.61061
2595             88        0.64021
2596             88         0.6612
2597             88        0.68074
2598             88        0.70707
2599             88        0.73989
2600             88        0.77692
2601             88        0.80968
2602             88         0.8469
2603             88        0.89487
2604             88        0.93678
2605             88        0.96476
2606    88     1
2574    89     0
2607             89        0.18146
2608             89         0.3331
2609             89        0.44687
2610             89         0.5216
2611             89        0.60086
2612             89        0.66088
2613             89        0.71315
2614             89        0.78467
2615             89        0.84071
2616             89         0.9126
2617    89     1
2551    90     0
2618             90        0.25814
2619             90        0.41093
2620             90        0.49873
2621             90        0.55347
2622             90        0.61631
2623             90         0.6681
2624             90        0.71066
2625             90        0.79211
2626             90        0.90063
2627    90     1
2627    91     0
2628             91        0.33351
2629             91        0.75633
2630    91     1
2630    92     0
2631             92        0.05044
2632             92        0.09971
2633             92        0.15033
2634             92        0.19564
2635             92        0.26634
2636             92        0.34791
2637             92        0.42929
2638             92        0.51108
2639             92        0.59634
2640             92        0.66807
2641             92        0.71234
2642             92        0.77033
2643             92        0.82431
2644             92        0.86603
2645             92        0.89608
2646             92        0.94173
2647    92     1
2630    93     0
2648             93        0.12031
2649             93        0.21744
2650             93        0.32206
2651             93        0.39735
2652             93        0.45232
2653             93        0.51482
2654             93        0.58328
2655             93        0.61758
2656             93        0.66509
2657             93        0.71616
2658             93        0.78697
2659             93        0.84787
2660             93        0.92918
2661    93     1
2627    94     0
2662             94        0.06786
2663             94        0.14291
2664             94        0.23122
2665             94        0.30496
2666             94        0.38727
2667             94        0.46991
2668             94        0.54078
2669             94        0.61183
2670             94        0.66968
2671             94        0.72684
2672             94        0.77865
2673             94         0.8225
2674             94        0.87637
2675             94        0.93395
2676    94     1
2549    95     0
2677             95        0.13596
2678             95        0.19761
2679             95        0.27669
2680             95        0.36966
2681             95        0.47302
2682             95        0.57414
2683             95        0.66955
2684             95        0.78748
2685             95        0.88452
2686    95     1
2536    96     0
2687             96        0.05425
2688             96        0.09185
2689             96        0.11687
2690             96        0.13894
2691             96         0.1483
2692             96        0.16312
2693             96        0.19612
2694             96        0.23601
2695             96        0.28248
2696             96        0.33824
2697             96        0.39312
2698             96        0.44094
2699             96        0.48845
2700             96        0.53124
2701             96        0.56725
2702             96        0.58506
2703             96        0.61844
2704             96        0.64138
2705             96        0.66652
2706             96        0.68595
2707             96        0.71364
2708             96        0.74515
2709             96        0.77508
2710             96        0.81621
2711             96        0.85605
2712             96        0.89706
2713             96        0.92881
2714             96        0.96383
2715    96     1
2324    97     0
2716             97        0.08741
2717             97        0.17341
2718             97        0.26705
2719             97        0.35705
2720             97         0.4629
2721             97        0.59897
2722             97        0.73913
2723             97         0.8732
2724    97     1
2724    98     0
2725             98        0.01167
2726             98          0.024
2727             98        0.04037
2728             98        0.06488
2729             98        0.08644
2730             98         0.1007
2731             98        0.12547
2732             98        0.15426
2733             98        0.17706
2734             98        0.19536
2735             98        0.21718
2736             98        0.25081
2737             98        0.27418
2738             98        0.30643
2739             98        0.33869
2740             98        0.36702
2741             98        0.38868
2742             98        0.41763
2743             98        0.44416
2744             98        0.46967
2745             98        0.49747
2746             98        0.52703
2747             98        0.55273
2748             98        0.57174
2749             98        0.58917
2750             98        0.61331
2751             98        0.64284
2752             98        0.67238
2753             98        0.70329
2754             98        0.73415
2755             98        0.76687
2756             98         0.7955
2757             98        0.81448
2758             98        0.83148
2759             98        0.85676
2760             98        0.88582
2761             98        0.90895
2762             98        0.93997
2763             98        0.96552
2764    98     1
2724    99     0
2765             99        0.03056
2766             99        0.05861
2767             99        0.07994
2768             99        0.09917
2769             99        0.11891
2770             99        0.13237
2771             99        0.15306
2772             99        0.18299
2773             99        0.22637
2774             99        0.25935
2775             99        0.28892
2776             99        0.31983
2777             99        0.34565
2778             99         0.3739
2779             99        0.40204
2780             99        0.42463
2781             99        0.45747
2782             99         0.4881
2783             99        0.51153
2784             99        0.52628
2785             99        0.54264
2786             99        0.56742
2787             99        0.57808
2788             99        0.59381
2789             99        0.61944
2790             99        0.64394
2791             99        0.66972
2792             99        0.69918
2793             99        0.73185
2794             99        0.77157
2795             99        0.80756
2796             99        0.84913
2797             99        0.89011
2798             99        0.92742
2799             99        0.96362
2800    99     1
1  100    0
2801            100        0.03264
2802            100        0.07633
2803            100        0.12914
2804            100        0.17646
2805            100        0.23525
2806            100        0.27774
2807            100        0.31758
2808            100        0.35217
2809            100        0.38744
2810            100         0.4306
2811            100        0.47852
2812            100        0.52024
2813            100        0.56435
2814            100        0.62075
2815            100        0.65274
2816            100        0.68393
2817            100        0.72244
2818            100        0.76173
2819            100        0.80301
2820            100        0.85875
2821            100        0.91102
2822            100        0.95849
2823   100     1
1  101    0
2824            101        0.06942
2825            101        0.12053
2826            101        0.14865
2827            101        0.16665
2828            101        0.21538
2829            101        0.28415
2830            101        0.34882
2831            101        0.40175
2832            101        0.46363
2833            101        0.54111
2834            101        0.60146
2835            101        0.66498
2836            101        0.70682
2837            101          0.769
2838            101        0.81682
2839            101        0.86941
2840            101        0.90444
2841            101        0.95336
2842   101     1
