0  0  0
1           0       2e-05
2           0     0.50001
3  0  1
3  1  0
4           1     0.36942
5           1     0.73884
6  1  1
6  2  0
7  2  1
7  49   0
8           49      0.11871
9           49      0.21945
10           49      0.32019
11           49      0.42093
12           49      0.52166
13           49       0.6224
14           49      0.72206
15           49       0.8228
16           49      0.92354
17  49   1
17  72   0
18           72       0.1164
19           72      0.21975
20           72      0.31647
21           72      0.40613
22           72      0.50609
23           72       0.6088
24           72      0.71141
25           72      0.81282
26           72      0.91593
27  72   1
27  73   0
28  73   1
28  50   0
29           50      0.10767
30           50      0.21615
31           50      0.32902
32           50      0.44094
33           50      0.55558
34           50      0.67063
35           50      0.78663
36           50      0.90294
37  50   1
37  74   0
38           74      0.10081
39           74      0.19194
40           74      0.28294
41           74      0.37288
42           74      0.46423
43           74      0.55411
44           74      0.64293
45           74      0.73027
46           74      0.82121
47           74       0.9117
48  74   1
48  75   0
49           75      0.07083
50           75      0.14286
51           75      0.21439
52           75      0.28569
53           75      0.35722
54           75      0.42867
55           75      0.49888
56           75      0.57099
57           75      0.64263
58           75      0.71473
59           75      0.78616
60           75      0.85752
61           75      0.92915
62  75   1
62  76   0
63           76      0.06622
64           76      0.13244
65           76       0.1993
66           76      0.26625
67           76      0.33313
68           76      0.39936
69           76      0.46614
70           76      0.53255
71           76      0.59959
72           76      0.66584
73           76      0.73197
74           76        0.799
75           76      0.86588
76           76      0.93295
77  76   1
77  77   0
78           77      0.05655
79           77      0.11327
80           77      0.16924
81           77      0.22422
82           77      0.28082
83           77      0.33739
84           77      0.38776
85           77      0.44303
86           77      0.49874
87           77       0.5554
88           77      0.61201
89           77       0.6683
90           77      0.72434
91           77      0.78105
92           77      0.83736
93           77      0.88983
94           77      0.94592
95  77   1
95  51   0
96           51      0.03093
97           51      0.06256
98           51      0.09407
99           51      0.12537
100            51       0.15664
101            51       0.18803
102            51       0.21973
103            51       0.25037
104            51       0.28209
105            51       0.31337
106            51       0.34494
107            51       0.37555
108            51       0.40695
109            51       0.43854
110            51       0.46884
111            51       0.50025
112            51       0.53166
113            51       0.56301
114            51       0.59473
115            51       0.62644
116            51       0.65816
117            51       0.68893
118            51       0.71956
119            51       0.75076
120            51       0.78214
121            51       0.81385
122            51       0.84522
123            51       0.87568
124            51       0.90677
125            51       0.93803
126            51       0.96945
127   51    1
127   78    0
128            78       0.01536
129            78       0.03323
130            78       0.05126
131            78       0.06886
132            78       0.08707
133            78       0.10522
134            78       0.12326
135            78       0.14142
136            78       0.15944
137            78       0.17753
138            78       0.19532
139            78       0.21325
140            78       0.23147
141            78       0.24969
142            78       0.26785
143            78       0.28602
144            78       0.30409
145            78       0.32112
146            78       0.33761
147            78       0.35534
148            78       0.37224
149            78       0.39034
150            78       0.40851
151            78       0.42659
152            78       0.44473
153            78       0.46262
154            78       0.48064
155            78       0.49865
156            78       0.51668
157            78       0.53484
158            78       0.55296
159            78       0.57056
160            78       0.58823
161            78       0.60592
162            78       0.62411
163            78       0.64228
164            78       0.66043
165            78       0.67855
166            78       0.69676
167            78       0.71478
168            78       0.73288
169            78       0.75059
170            78        0.7684
171            78        0.7863
172            78       0.80405
173            78       0.82136
174            78       0.83943
175            78       0.85686
176            78       0.87492
177            78       0.89234
178            78        0.9104
179            78       0.92822
180            78       0.94629
181            78        0.9644
182            78       0.98189
183   78    1
183   79    0
184            79       0.01046
185            79       0.02466
186            79       0.03826
187            79       0.05202
188            79       0.06609
189            79       0.08009
190            79       0.09426
191            79        0.1083
192            79       0.12236
193            79       0.13648
194            79       0.15064
195            79       0.16463
196            79        0.1787
197            79        0.1929
198            79       0.20709
199            79       0.22126
200            79       0.23491
201            79       0.24762
202            79        0.2614
203            79       0.27549
204            79       0.28901
205            79       0.30285
206            79       0.31702
207            79       0.33085
208            79       0.34486
209            79       0.35901
210            79       0.37289
211            79        0.3867
212            79       0.40087
213            79       0.41497
214            79       0.42904
215            79       0.44312
216            79       0.45731
217            79       0.47111
218            79       0.48485
219            79       0.49878
220            79       0.51286
221            79       0.52695
222            79       0.54114
223            79       0.55526
224            79        0.5692
225            79       0.58329
226            79       0.59745
227            79       0.61155
228            79       0.62573
229            79       0.63986
230            79       0.65356
231            79       0.66618
232            79       0.67978
233            79       0.69315
234            79       0.70734
235            79       0.72137
236            79       0.73536
237            79       0.74943
238            79       0.76359
239            79       0.77765
240            79       0.79168
241            79       0.80534
242            79       0.81952
243            79       0.83355
244            79       0.84775
245            79        0.8619
246            79       0.87596
247            79       0.89012
248            79       0.90426
249            79        0.9183
250            79       0.93059
251            79       0.94451
252            79       0.95855
253            79       0.97222
254            79        0.9858
255   79    1
183   80    0
256            80       0.01238
257            80       0.02805
258            80       0.04223
259            80       0.05686
260            80       0.07272
261            80       0.08864
262            80       0.10458
263            80       0.12044
264            80       0.13488
265            80       0.14902
266            80       0.16474
267            80       0.18067
268            80        0.1965
269            80       0.21203
270            80       0.22797
271            80       0.24386
272            80       0.25972
273            80       0.27564
274            80       0.29084
275            80       0.30645
276            80       0.32208
277            80       0.33756
278            80       0.35332
279            80       0.36838
280            80       0.38408
281            80       0.39952
282            80       0.41539
283            80       0.43127
284            80       0.44694
285            80       0.46277
286            80       0.47867
287            80       0.49436
288            80       0.50962
289            80       0.52529
290            80       0.54112
291            80       0.55702
292            80       0.57288
293            80       0.58874
294            80       0.60393
295            80       0.61971
296            80       0.63542
297            80       0.65129
298            80       0.66722
299            80       0.68314
300            80       0.69905
301            80       0.71493
302            80       0.73078
303            80        0.7466
304            80       0.76253
305            80       0.77831
306            80       0.79418
307            80        0.8101
308            80       0.82598
309            80       0.84173
310            80       0.85759
311            80       0.87349
312            80       0.88937
313            80        0.9053
314            80       0.92123
315            80       0.93711
316            80       0.95305
317            80       0.96888
318            80       0.98476
319   80    1
77  53   0
320            53       0.04623
321            53       0.09489
322            53       0.14355
323            53       0.19018
324            53        0.2372
325            53       0.28423
326            53       0.33183
327            53       0.37918
328            53       0.42695
329            53       0.47481
330            53       0.51839
331            53       0.56596
332            53         0.613
333            53       0.66095
334            53       0.70958
335            53       0.75824
336            53        0.8069
337            53       0.85452
338            53       0.90298
339            53        0.9516
340   53    1
340   81    0
341   81    1
341   82    0
342            82        0.0255
343            82        0.0492
344            82       0.07202
345            82        0.0962
346            82       0.12039
347            82       0.14457
348            82       0.16842
349            82       0.19242
350            82       0.21609
351            82       0.23726
352            82       0.25844
353            82       0.28244
354            82       0.30644
355            82       0.32981
356            82       0.35365
357            82       0.37772
358            82       0.40175
359            82       0.42571
360            82       0.44933
361            82       0.47318
362            82       0.49715
363            82       0.52069
364            82       0.54426
365            82       0.56804
366            82       0.59181
367            82       0.61514
368            82       0.63932
369            82        0.6633
370            82       0.68695
371            82       0.71113
372            82       0.73531
373            82        0.7595
374            82       0.78356
375            82       0.80713
376            82       0.83129
377            82       0.85542
378            82        0.8796
379            82       0.90377
380            82       0.92794
381            82        0.9521
382            82       0.97615
383   82    1
341   54    0
384   54    1
384   83    0
385            83       0.05309
386            83       0.10626
387            83       0.15653
388            83       0.20986
389            83       0.26335
390            83       0.31678
391            83       0.37019
392            83        0.4216
393            83       0.47331
394            83       0.52628
395            83       0.57914
396            83       0.63089
397            83       0.68405
398            83       0.73754
399            83       0.79104
400            83       0.84453
401            83       0.89806
402            83       0.95041
403   83    1
340   55    0
404            55       0.24661
405            55       0.49894
406            55       0.74962
407   55    1
407   84    0
408            84       0.01949
409            84       0.03899
410            84       0.05864
411            84       0.07825
412            84       0.09788
413            84       0.11753
414            84       0.13717
415            84       0.15683
416            84       0.17635
417            84        0.1951
418            84       0.21475
419            84       0.23429
420            84       0.25389
421            84       0.27332
422            84        0.2929
423            84       0.31251
424            84       0.33128
425            84       0.35064
426            84       0.37004
427            84       0.38969
428            84       0.40794
429            84       0.42687
430            84        0.4463
431            84       0.46593
432            84       0.48528
433            84       0.50489
434            84       0.52454
435            84        0.5438
436            84       0.56316
437            84       0.58187
438            84       0.59952
439            84       0.61861
440            84       0.63739
441            84       0.65679
442            84       0.67499
443            84        0.6946
444            84       0.71398
445            84       0.73353
446            84       0.75066
447            84        0.7701
448            84        0.7895
449            84       0.80894
450            84       0.82842
451            84       0.84801
452            84       0.86565
453            84       0.88381
454            84       0.90246
455            84       0.92189
456            84       0.94144
457            84        0.9609
458            84       0.98037
459   84    1
62  56   0
460            56       0.02788
461            56       0.06904
462            56        0.1102
463            56       0.14648
464            56       0.18764
465            56       0.22853
466            56       0.26963
467            56       0.31076
468            56       0.35122
469            56       0.39153
470            56       0.43265
471            56       0.47328
472            56       0.51282
473            56       0.55097
474            56       0.59129
475            56        0.6324
476            56       0.67355
477            56        0.7146
478            56       0.75556
479            56       0.79642
480            56       0.83708
481            56       0.87823
482            56       0.91936
483            56       0.96045
484   56    1
48  57   0
485            57       0.01933
486            57       0.03874
487            57        0.0579
488            57       0.07698
489            57       0.09616
490            57       0.11557
491            57       0.13222
492            57       0.15163
493            57       0.17082
494            57       0.18923
495            57       0.20839
496            57        0.2278
497            57       0.24698
498            57       0.26635
499            57       0.28553
500            57       0.30491
501            57       0.32432
502            57       0.34356
503            57       0.36278
504            57       0.38219
505            57       0.40156
506            57       0.42065
507            57       0.43994
508            57       0.45915
509            57       0.47856
510            57       0.49793
511            57       0.51653
512            57       0.53557
513            57       0.55482
514            57       0.57421
515            57       0.59354
516            57       0.61291
517            57       0.63192
518            57       0.65116
519            57       0.67055
520            57       0.68995
521            57       0.70929
522            57       0.72869
523            57        0.7481
524            57       0.76744
525            57       0.78681
526            57       0.80621
527            57       0.82556
528            57       0.84497
529            57       0.86436
530            57        0.8837
531            57       0.90311
532            57        0.9225
533            57       0.94186
534            57       0.96122
535            57       0.98063
536   57    1
536   58    0
537            58       0.04156
538            58       0.08342
539            58       0.12537
540            58       0.16701
541            58       0.20826
542            58       0.24977
543            58       0.29172
544            58       0.33352
545            58       0.37499
546            58       0.41652
547            58       0.45848
548            58       0.49993
549            58       0.54184
550            58       0.58377
551            58       0.62558
552            58       0.66565
553            58        0.7075
554            58       0.74945
555            58       0.79095
556            58        0.8326
557            58       0.87434
558            58       0.91614
559            58        0.9581
560   58    1
560   85    0
561            85        0.0301
562            85       0.06024
563            85       0.09023
564            85       0.11944
565            85       0.14929
566            85       0.17946
567            85       0.20914
568            85       0.23929
569            85       0.26942
570            85       0.29952
571            85       0.32969
572            85       0.35985
573            85       0.38989
574            85       0.41698
575            85       0.44705
576            85        0.4767
577            85       0.50677
578            85       0.53612
579            85       0.56608
580            85       0.59622
581            85       0.62631
582            85       0.65639
583            85       0.68652
584            85       0.71646
585            85       0.74464
586            85       0.77368
587            85       0.80384
588            85       0.83312
589            85       0.85829
590            85       0.88816
591            85       0.91295
592            85       0.94212
593            85       0.96984
594   85    1
536   59    0
595            59       0.05967
596            59       0.11934
597            59       0.17901
598            59       0.23838
599            59       0.29723
600            59       0.35585
601            59       0.41524
602            59       0.47481
603            59       0.53395
604            59       0.59075
605            59       0.65009
606            59       0.70962
607            59       0.76897
608            59       0.82805
609            59       0.88557
610            59       0.94168
611   59    1
611   86    0
612            86       0.05772
613            86       0.11363
614            86       0.16785
615            86        0.2241
616            86       0.28226
617            86       0.33186
618            86       0.38802
619            86       0.44651
620            86        0.5048
621            86       0.56049
622            86       0.61653
623            86       0.67364
624            86       0.73268
625            86       0.79008
626            86       0.84535
627            86       0.90254
628            86       0.95733
629   86    1
37  60   0
630            60       0.06502
631            60       0.12342
632            60        0.1813
633            60       0.24033
634            60       0.29958
635            60       0.35869
636            60       0.41757
637            60       0.47545
638            60        0.5336
639            60         0.587
640            60       0.64622
641            60       0.70542
642            60       0.76462
643            60       0.82387
644            60       0.88294
645            60       0.94182
646   60    1
27  87   0
647            87        0.2199
648            87       0.41599
649            87       0.61208
650            87       0.80818
651   87    1
651   52    0
652            52       0.07112
653            52       0.14286
654            52       0.21449
655            52       0.28571
656            52       0.35592
657            52       0.42757
658            52       0.49893
659            52       0.57066
660            52       0.64231
661            52       0.71351
662            52        0.7852
663            52       0.85694
664            52       0.92828
665   52    1
665   88    0
666            88       0.33296
667            88       0.66657
668   88    1
668   89    0
669            89       0.05794
670            89       0.11684
671            89       0.17576
672            89       0.23464
673            89       0.29352
674            89       0.35242
675            89       0.41134
676            89       0.47018
677            89       0.52897
678            89       0.58789
679            89       0.64679
680            89       0.70569
681            89       0.76447
682            89       0.82338
683            89       0.88219
684            89       0.94109
685   89    1
685   90    0
686            90       0.07729
687            90       0.15457
688            90       0.23186
689            90       0.30918
690            90        0.3864
691            90       0.46351
692            90       0.54074
693            90         0.618
694            90       0.69533
695            90       0.77225
696            90       0.84951
697            90       0.92683
698   90    1
698   91    0
699            91       0.01841
700            91       0.04003
701            91       0.06167
702            91        0.0833
703            91       0.10494
704            91       0.12653
705            91       0.14815
706            91       0.16979
707            91       0.19087
708            91       0.21197
709            91       0.23301
710            91       0.25396
711            91       0.27442
712            91       0.29606
713            91        0.3177
714            91       0.33929
715            91       0.36052
716            91       0.38212
717            91       0.39934
718            91       0.41768
719            91       0.43903
720            91       0.46065
721            91       0.48229
722            91       0.50393
723            91       0.52536
724            91       0.54677
725            91        0.5683
726            91       0.58972
727            91        0.6113
728            91       0.63294
729            91       0.65456
730            91       0.67607
731            91       0.69771
732            91       0.71934
733            91       0.74097
734            91       0.76261
735            91       0.78413
736            91       0.80569
737            91       0.82732
738            91       0.84896
739            91       0.87041
740            91         0.892
741            91       0.91364
742            91       0.93524
743            91       0.95685
744            91       0.97836
745   91    1
745   61    0
746            61       0.03447
747            61       0.06912
748            61       0.10378
749            61       0.13845
750            61       0.17313
751            61       0.20779
752            61       0.24244
753            61       0.27712
754            61       0.31173
755            61       0.34637
756            61       0.38104
757            61       0.41571
758            61       0.45039
759            61         0.485
760            61       0.51956
761            61       0.55424
762            61       0.58891
763            61       0.62356
764            61       0.65821
765            61        0.6929
766            61       0.72752
767            61       0.76053
768            61        0.7948
769            61        0.8293
770            61       0.86186
771            61        0.8962
772            61       0.93088
773            61       0.96543
774   61    1
774   92    0
775            92       0.07737
776            92       0.15485
777            92       0.23214
778            92       0.30842
779            92       0.38582
780            92       0.46318
781            92       0.54066
782            92       0.61801
783            92       0.69312
784            92        0.7679
785            92       0.84517
786            92       0.92264
787   92    1
698   62    0
788            62       0.01824
789            62       0.03722
790            62       0.05614
791            62       0.07511
792            62       0.09409
793            62       0.11296
794            62       0.13183
795            62       0.15081
796            62       0.16978
797            62       0.18842
798            62       0.20737
799            62       0.22635
800            62       0.24529
801            62       0.26405
802            62       0.28279
803            62       0.30177
804            62       0.32061
805            62       0.33958
806            62       0.35845
807            62       0.37743
808            62       0.39603
809            62       0.41501
810            62       0.43252
811            62       0.45134
812            62       0.47011
813            62         0.489
814            62       0.50798
815            62       0.52695
816            62        0.5459
817            62       0.56485
818            62        0.5834
819            62       0.60238
820            62       0.62121
821            62       0.64012
822            62        0.6591
823            62       0.67804
824            62       0.69695
825            62       0.71591
826            62       0.73487
827            62       0.75384
828            62       0.77282
829            62        0.7918
830            62       0.81071
831            62       0.82968
832            62       0.84866
833            62       0.86745
834            62        0.8864
835            62       0.90538
836            62       0.92433
837            62       0.94314
838            62       0.96206
839            62       0.98104
840   62    1
685   63    0
841            63       0.02016
842            63       0.04066
843            63       0.06105
844            63       0.08152
845            63       0.10196
846            63       0.12242
847            63       0.14284
848            63       0.16312
849            63       0.18337
850            63       0.20281
851            63        0.2233
852            63       0.24379
853            63       0.26429
854            63       0.28426
855            63       0.30456
856            63       0.32361
857            63       0.34362
858            63       0.36347
859            63       0.38353
860            63       0.40388
861            63       0.42368
862            63       0.44407
863            63       0.46432
864            63       0.48437
865            63       0.50474
866            63       0.52496
867            63       0.54437
868            63       0.56463
869            63       0.58501
870            63       0.60531
871            63        0.6258
872            63       0.64622
873            63       0.66664
874            63        0.6856
875            63       0.70586
876            63       0.72596
877            63       0.74487
878            63       0.76461
879            63       0.78509
880            63       0.80549
881            63       0.82598
882            63       0.84647
883            63       0.86695
884            63       0.88684
885            63       0.90605
886            63       0.92127
887            63       0.94173
888            63       0.96215
889            63       0.98107
890   63    1
668   64    0
891            64       0.01272
892            64       0.02558
893            64        0.0383
894            64       0.05115
895            64       0.06399
896            64       0.07685
897            64       0.08958
898            64       0.10197
899            64       0.11483
900            64        0.1273
901            64          0.14
902            64       0.15254
903            64       0.16509
904            64       0.17774
905            64        0.1903
906            64       0.20314
907            64       0.21522
908            64       0.22754
909            64       0.24018
910            64       0.25284
911            64       0.26548
912            64         0.278
913            64       0.29079
914            64       0.30354
915            64       0.31632
916            64       0.32844
917            64       0.33982
918            64       0.35262
919            64       0.36501
920            64       0.37767
921            64       0.39053
922            64       0.40328
923            64       0.41609
924            64       0.42889
925            64       0.44171
926            64       0.45348
927            64       0.46594
928            64       0.47868
929            64       0.49151
930            64       0.50433
931            64       0.51707
932            64       0.52975
933            64       0.54246
934            64       0.55521
935            64       0.56786
936            64       0.58049
937            64       0.59318
938            64       0.60593
939            64       0.61879
940            64       0.63164
941            64       0.64305
942            64       0.65532
943            64       0.66807
944            64       0.68054
945            64       0.69335
946            64       0.70609
947            64       0.71895
948            64       0.73181
949            64       0.74463
950            64       0.75739
951            64       0.77025
952            64       0.78311
953            64       0.79527
954            64       0.80765
955            64        0.8205
956            64       0.83317
957            64       0.84601
958            64       0.85886
959            64       0.87166
960            64       0.88447
961            64       0.89729
962            64       0.91016
963            64       0.92302
964            64       0.93588
965            64       0.94867
966            64       0.96153
967            64       0.97428
968            64       0.98714
969   64    1
969   93    0
970            93       0.05663
971            93       0.11344
972            93       0.17025
973            93        0.2267
974            93       0.28333
975            93       0.33819
976            93       0.39465
977            93       0.45121
978            93       0.50657
979            93       0.56339
980            93       0.61979
981            93       0.67643
982            93       0.73307
983            93       0.78894
984            93       0.83516
985            93       0.88923
986            93       0.94509
987   93    1
17  65   0
988            65       0.10239
989            65       0.18988
990            65       0.28121
991            65       0.36573
992            65       0.45706
993            65       0.54683
994            65       0.63621
995            65       0.72724
996            65        0.8185
997            65       0.90958
998   65    1
998   66    0
999            66       0.11238
1000             66        0.22334
1001             66        0.33427
1002             66        0.44523
1003             66        0.55619
1004             66        0.66713
1005             66        0.77807
1006             66        0.88903
1007    66     1
1007    94     0
1008             94        0.07151
1009             94        0.14301
1010             94        0.21436
1011             94        0.28587
1012             94        0.35738
1013             94        0.42886
1014             94        0.50021
1015             94        0.57115
1016             94        0.64264
1017             94        0.71416
1018             94        0.78551
1019             94        0.85698
1020             94        0.92848
1021    94     1
1021    67     0
1022             67        0.17099
1023             67        0.34169
1024             67        0.51281
1025             67        0.68393
1026             67        0.85479
1027    67     1
1027    68     0
1028             68        0.00995
1029             68        0.02053
1030             68        0.03112
1031             68         0.0417
1032             68         0.0523
1033             68        0.06264
1034             68        0.07264
1035             68        0.08264
1036             68         0.0932
1037             68         0.1038
1038             68        0.11422
1039             68        0.12483
1040             68        0.13532
1041             68        0.14594
1042             68        0.15655
1043             68        0.16717
1044             68        0.17779
1045             68        0.18839
1046             68        0.19901
1047             68        0.20962
1048             68        0.22023
1049             68        0.23073
1050             68        0.24135
1051             68        0.25196
1052             68        0.26258
1053             68         0.2732
1054             68         0.2838
1055             68         0.2944
1056             68        0.30502
1057             68        0.31563
1058             68        0.32623
1059             68        0.33672
1060             68        0.34724
1061             68        0.35786
1062             68        0.36847
1063             68        0.37907
1064             68        0.38952
1065             68        0.40011
1066             68        0.41073
1067             68        0.42124
1068             68        0.43186
1069             68        0.44218
1070             68        0.45278
1071             68         0.4634
1072             68        0.47401
1073             68        0.48462
1074             68        0.49524
1075             68        0.50586
1076             68        0.51647
1077             68        0.52708
1078             68        0.53769
1079             68         0.5483
1080             68        0.55892
1081             68        0.56952
1082             68         0.5801
1083             68        0.59072
1084             68        0.60133
1085             68        0.61195
1086             68        0.62256
1087             68        0.63316
1088             68        0.64377
1089             68        0.65438
1090             68        0.66497
1091             68        0.67558
1092             68         0.6862
1093             68        0.69682
1094             68        0.70741
1095             68        0.71801
1096             68        0.72862
1097             68        0.73924
1098             68        0.74985
1099             68        0.76046
1100             68        0.77108
1101             68         0.7817
1102             68        0.79231
1103             68        0.80293
1104             68        0.81354
1105             68        0.82405
1106             68        0.83466
1107             68        0.84528
1108             68        0.85562
1109             68        0.86612
1110             68        0.87671
1111             68        0.88723
1112             68        0.89785
1113             68        0.90802
1114             68        0.91842
1115             68        0.92884
1116             68        0.93933
1117             68        0.94969
1118             68        0.95993
1119             68        0.97055
1120             68        0.98061
1121             68        0.98954
1122    68     1
1122    95     0
1123             95        0.08543
1124             95        0.16948
1125             95        0.25138
1126             95        0.33002
1127             95        0.41392
1128             95        0.49932
1129             95        0.58284
1130             95        0.66659
1131             95         0.7494
1132             95        0.83292
1133             95        0.91413
1134    95     1
1027    69     0
1135             69        0.01995
1136             69        0.03885
1137             69        0.05768
1138             69        0.07651
1139             69        0.09538
1140             69        0.11427
1141             69        0.13315
1142             69        0.15196
1143             69        0.17086
1144             69        0.18974
1145             69        0.20848
1146             69        0.22737
1147             69        0.24627
1148             69        0.26512
1149             69        0.28401
1150             69        0.30291
1151             69        0.32178
1152             69        0.34067
1153             69        0.35956
1154             69        0.37846
1155             69         0.3973
1156             69        0.41618
1157             69        0.43504
1158             69        0.45393
1159             69        0.47275
1160             69        0.49164
1161             69        0.51051
1162             69         0.5294
1163             69        0.54829
1164             69        0.56718
1165             69        0.58605
1166             69        0.60458
1167             69        0.62341
1168             69        0.64229
1169             69        0.66118
1170             69        0.68005
1171             69        0.69888
1172             69        0.71753
1173             69        0.73643
1174             69        0.75501
1175             69        0.77378
1176             69        0.79267
1177             69        0.81155
1178             69         0.8304
1179             69        0.84929
1180             69        0.86806
1181             69        0.88693
1182             69        0.90574
1183             69        0.92462
1184             69        0.94351
1185             69         0.9624
1186             69        0.98111
1187    69     1
998   70    0
1188             70        0.16185
1189             70        0.33029
1190             70        0.49429
1191             70        0.66221
1192             70        0.83099
1193    70     1
1193    96     0
1194             96        0.10025
1195             96        0.20051
1196             96        0.30038
1197             96        0.40064
1198             96        0.50047
1199             96        0.60014
1200             96        0.69981
1201             96        0.79974
1202             96        0.89979
1203    96     1
1203    71     0
1204             71        0.01188
1205             71        0.02374
1206             71        0.03529
1207             71        0.04721
1208             71        0.05897
1209             71        0.07076
1210             71        0.08249
1211             71        0.09442
1212             71        0.10632
1213             71        0.11821
1214             71        0.13009
1215             71        0.14199
1216             71        0.15356
1217             71        0.16549
1218             71         0.1774
1219             71        0.18928
1220             71        0.20096
1221             71        0.21213
1222             71        0.22366
1223             71        0.23528
1224             71        0.24721
1225             71        0.25914
1226             71        0.27105
1227             71        0.28298
1228             71        0.29488
1229             71        0.30672
1230             71        0.31787
1231             71        0.32943
1232             71        0.34126
1233             71        0.35319
1234             71        0.36509
1235             71          0.377
1236             71        0.38889
1237             71        0.40082
1238             71        0.41251
1239             71        0.42424
1240             71        0.43611
1241             71          0.448
1242             71        0.45982
1243             71        0.47175
1244             71        0.48368
1245             71        0.49554
1246             71        0.50747
1247             71        0.51934
1248             71        0.53124
1249             71        0.54298
1250             71         0.5549
1251             71         0.5668
1252             71        0.57873
1253             71        0.59029
1254             71        0.60215
1255             71        0.61377
1256             71        0.62543
1257             71        0.63707
1258             71        0.64884
1259             71        0.66064
1260             71        0.67256
1261             71        0.68439
1262             71         0.6962
1263             71        0.70789
1264             71        0.71982
1265             71        0.73174
1266             71        0.74366
1267             71        0.75555
1268             71        0.76745
1269             71        0.77934
1270             71        0.79116
1271             71        0.80261
1272             71        0.81427
1273             71        0.82618
1274             71        0.83801
1275             71        0.84989
1276             71        0.86181
1277             71        0.87357
1278             71        0.88376
1279             71        0.89503
1280             71        0.90691
1281             71        0.91868
1282             71        0.93059
1283             71         0.9425
1284             71        0.95442
1285             71        0.96635
1286             71        0.97807
1287             71        0.98961
1288    71     1
1288    97     0
1289             97        0.17025
1290             97        0.33942
1291             97         0.5086
1292             97        0.68001
1293             97        0.82793
1294    97     1
7  5  0
1295              5        0.07096
1296              5        0.12448
1297              5          0.178
1298              5        0.23152
1299              5        0.28503
1300              5        0.33855
1301              5        0.36885
1302              5        0.42196
1303              5        0.47548
1304              5        0.52653
1305              5        0.57637
1306              5         0.6288
1307              5        0.68166
1308              5        0.73518
1309              5        0.78792
1310              5        0.84117
1311              5        0.89416
1312              5        0.94736
1313     5     1
1313     6     0
1314     6     1
1314     7     0
1315              7        0.01107
1316              7        0.02234
1317              7         0.0336
1318              7        0.04486
1319              7        0.05608
1320              7        0.06728
1321              7        0.07846
1322              7        0.08971
1323              7        0.10097
1324              7        0.11219
1325              7        0.12332
1326              7        0.13458
1327              7         0.1458
1328              7        0.15707
1329              7        0.16813
1330              7        0.17934
1331              7        0.19056
1332              7        0.20156
1333              7         0.2128
1334              7        0.22403
1335              7        0.23524
1336              7        0.24644
1337              7        0.25767
1338              7         0.2689
1339              7        0.27982
1340              7        0.29094
1341              7        0.30215
1342              7        0.31339
1343              7        0.32453
1344              7        0.33567
1345              7        0.34686
1346              7        0.35806
1347              7        0.36929
1348              7        0.38052
1349              7        0.39178
1350              7        0.40303
1351              7        0.41429
1352              7        0.42539
1353              7         0.4363
1354              7        0.44742
1355              7        0.45867
1356              7        0.46988
1357              7        0.48091
1358              7        0.49213
1359              7        0.50301
1360              7        0.51402
1361              7        0.52518
1362              7        0.53601
1363              7        0.54715
1364              7        0.55833
1365              7        0.56942
1366              7        0.58067
1367              7        0.59193
1368              7        0.60308
1369              7        0.61419
1370              7        0.62545
1371              7        0.63662
1372              7        0.64784
1373              7        0.65907
1374              7        0.67011
1375              7        0.68127
1376              7        0.69232
1377              7        0.70317
1378              7        0.71426
1379              7        0.72467
1380              7        0.73578
1381              7        0.74702
1382              7        0.75683
1383              7         0.7676
1384              7        0.77861
1385              7        0.78987
1386              7        0.80105
1387              7        0.81212
1388              7        0.82328
1389              7        0.83451
1390              7        0.84573
1391              7        0.85687
1392              7          0.868
1393              7        0.87926
1394              7        0.89035
1395              7        0.90076
1396              7        0.91133
1397              7        0.92252
1398              7        0.93334
1399              7        0.94456
1400              7        0.95573
1401              7        0.96679
1402              7        0.97765
1403              7        0.98891
1404     7     1
1314     8     0
1405              8        0.01171
1406              8        0.02329
1407              8        0.03515
1408              8        0.04702
1409              8        0.05891
1410              8         0.0704
1411              8        0.08222
1412              8        0.09408
1413              8        0.10577
1414              8        0.11764
1415              8         0.1293
1416              8        0.14093
1417              8        0.15281
1418              8        0.16467
1419              8        0.17648
1420              8        0.18833
1421              8        0.20005
1422              8        0.21169
1423              8        0.22356
1424              8        0.23438
1425              8        0.24616
1426              8        0.25803
1427              8        0.26991
1428              8        0.28175
1429              8        0.29358
1430              8        0.30521
1431              8        0.31702
1432              8        0.32862
1433              8         0.3404
1434              8        0.35226
1435              8        0.36399
1436              8        0.37583
1437              8        0.38768
1438              8        0.39922
1439              8          0.411
1440              8        0.42265
1441              8        0.43453
1442              8        0.44632
1443              8         0.4582
1444              8        0.47008
1445              8        0.48193
1446              8        0.49356
1447              8        0.50469
1448              8        0.51649
1449              8        0.52826
1450              8        0.54011
1451              8        0.55194
1452              8        0.56376
1453              8        0.57556
1454              8        0.58724
1455              8        0.59905
1456              8        0.61091
1457              8        0.62272
1458              8        0.63427
1459              8        0.64596
1460              8        0.65783
1461              8        0.66971
1462              8        0.68156
1463              8         0.6934
1464              8        0.70524
1465              8        0.71707
1466              8        0.72883
1467              8        0.74071
1468              8        0.75259
1469              8        0.76447
1470              8        0.77635
1471              8        0.78751
1472              8        0.79869
1473              8        0.81056
1474              8        0.82244
1475              8        0.83432
1476              8        0.84613
1477              8         0.8577
1478              8        0.86958
1479              8        0.88146
1480              8        0.89332
1481              8        0.90518
1482              8        0.91704
1483              8        0.92881
1484              8        0.94068
1485              8        0.95253
1486              8         0.9644
1487              8        0.97628
1488              8        0.98812
1489     8     1
1313     9     0
1490              9        0.03793
1491              9        0.08044
1492              9        0.11838
1493              9        0.15989
1494              9        0.20198
1495              9        0.24307
1496              9        0.28471
1497              9        0.32551
1498              9        0.36772
1499              9        0.40508
1500              9        0.44638
1501              9        0.48487
1502              9        0.52419
1503              9         0.5652
1504              9        0.60699
1505              9        0.64948
1506              9        0.67818
1507              9        0.71372
1508              9        0.75618
1509              9        0.79636
1510              9        0.83737
1511              9        0.87961
1512              9        0.92183
1513              9        0.96429
1514     9     1
7  3  0
1515     3     1
1515    10     0
1516             10        0.05756
1517             10        0.11512
1518             10        0.17268
1519             10        0.23024
1520             10        0.28781
1521             10        0.34537
1522             10        0.40293
1523             10        0.46049
1524             10        0.48949
1525             10        0.54439
1526             10        0.60155
1527             10        0.65892
1528             10        0.71579
1529             10        0.77331
1530             10        0.83033
1531             10        0.88688
1532             10         0.9442
1533    10     1
1533    11     0
1534             11        0.05273
1535             11        0.10569
1536             11        0.15866
1537             11         0.2109
1538             11         0.2634
1539             11        0.31633
1540             11        0.36928
1541             11        0.42183
1542             11        0.47469
1543             11        0.52734
1544             11        0.58023
1545             11        0.63232
1546             11          0.685
1547             11        0.73793
1548             11        0.79073
1549             11        0.84344
1550             11         0.8962
1551             11        0.94859
1552    11     1
1552    12     0
1553             12        0.04831
1554             12        0.09674
1555             12        0.14481
1556             12        0.19242
1557             12        0.24086
1558             12        0.28888
1559             12        0.33593
1560             12        0.38317
1561             12        0.43144
1562             12        0.47931
1563             12         0.5238
1564             12        0.57214
1565             12        0.61824
1566             12        0.66591
1567             12        0.71385
1568             12        0.76194
1569             12        0.81039
1570             12         0.8586
1571             12        0.90596
1572             12        0.95425
1573    12     1
1573    13     0
1574             13        0.01533
1575             13        0.03254
1576             13         0.0497
1577             13        0.06616
1578             13        0.08288
1579             13        0.09952
1580             13        0.11667
1581             13        0.13391
1582             13        0.15115
1583             13         0.1684
1584             13        0.18519
1585             13        0.20172
1586             13        0.21864
1587             13        0.23587
1588             13        0.25299
1589             13        0.27016
1590             13        0.28703
1591             13        0.30413
1592             13        0.32139
1593             13        0.33864
1594             13        0.35586
1595             13        0.37308
1596             13        0.39032
1597             13        0.40752
1598             13        0.42469
1599             13         0.4419
1600             13        0.45851
1601             13        0.47472
1602             13        0.49195
1603             13        0.50921
1604             13        0.52632
1605             13         0.5435
1606             13        0.56075
1607             13        0.57792
1608             13        0.59516
1609             13        0.61241
1610             13        0.62966
1611             13        0.64686
1612             13        0.66411
1613             13        0.68129
1614             13        0.69854
1615             13        0.71553
1616             13        0.73247
1617             13        0.74941
1618             13        0.76641
1619             13        0.78177
1620             13        0.79794
1621             13        0.81519
1622             13        0.83191
1623             13        0.84879
1624             13        0.86601
1625             13        0.88291
1626             13        0.90013
1627             13        0.91577
1628             13        0.93119
1629             13        0.94836
1630             13        0.96562
1631             13        0.98274
1632    13     1
1573    14     0
1633             14        0.03727
1634             14        0.07948
1635             14        0.12091
1636             14        0.16128
1637             14        0.20345
1638             14        0.24399
1639             14        0.28595
1640             14        0.32669
1641             14        0.36829
1642             14        0.41051
1643             14        0.45269
1644             14         0.4949
1645             14        0.53698
1646             14        0.57842
1647             14        0.62064
1648             14        0.66275
1649             14        0.70496
1650             14        0.74718
1651             14        0.78928
1652             14        0.83123
1653             14        0.87344
1654             14        0.91566
1655             14        0.95778
1656    14     1
1552    15     0
1657             15        0.01858
1658             15        0.04607
1659             15        0.07322
1660             15        0.10071
1661             15        0.12817
1662             15        0.15566
1663             15        0.18315
1664             15        0.21065
1665             15        0.23811
1666             15         0.2656
1667             15        0.29302
1668             15        0.32052
1669             15        0.34799
1670             15        0.37537
1671             15        0.40282
1672             15        0.43029
1673             15        0.45779
1674             15        0.48493
1675             15        0.51243
1676             15        0.53973
1677             15        0.56596
1678             15         0.5928
1679             15          0.618
1680             15        0.64545
1681             15        0.67292
1682             15         0.7004
1683             15         0.7279
1684             15        0.75535
1685             15        0.78235
1686             15        0.80938
1687             15        0.83674
1688             15        0.86422
1689             15        0.89052
1690             15        0.91802
1691             15        0.94516
1692             15         0.9725
1693    15     1
1533    16     0
1694             16        0.12982
1695             16        0.27599
1696             16        0.42078
1697             16        0.56346
1698             16        0.70919
1699             16        0.85434
1700    16     1
1515     4     0
1701              4        0.33333
1702              4        0.66667
1703              4        0.66667
1704     4     1
6  17   0
1705             17        0.06801
1706             17        0.11824
1707             17        0.16846
1708             17        0.21868
1709             17        0.26891
1710             17        0.31913
1711             17        0.36936
1712             17        0.41958
1713             17         0.4698
1714             17        0.51082
1715             17        0.55793
1716             17        0.60801
1717             17        0.65804
1718             17        0.70747
1719             17        0.75736
1720             17        0.80726
1721             17        0.85745
1722             17         0.9076
1723             17        0.95577
1724    17     1
3  18   0
1725             18         0.1024
1726             18         0.2048
1727             18         0.3072
1728             18        0.40522
1729             18        0.50762
1730             18        0.61002
1731             18        0.71242
1732             18        0.81482
1733             18        0.91703
1734    18     1
1734    19     0
1735             19        0.55124
1736    19     1
1736    20     0
1737             20        0.32894
1738             20        0.68085
1739    20     1
1739    21     0
1740             21        0.08752
1741             21        0.19023
1742             21        0.29294
1743             21        0.39566
1744             21        0.49837
1745             21        0.60021
1746             21        0.70277
1747             21         0.8052
1748             21        0.90786
1749    21     1
1749    22     0
1750             22        0.09881
1751             22        0.20191
1752             22        0.30399
1753             22        0.40689
1754             22        0.50932
1755             22        0.60743
1756             22        0.69555
1757             22        0.79863
1758             22        0.89796
1759    22     1
1759    23     0
1760             23        0.11129
1761             23        0.22034
1762             23        0.33157
1763             23        0.44328
1764             23        0.55494
1765             23        0.66643
1766             23        0.77762
1767             23        0.88934
1768    23     1
1768    24     0
1769             24        0.08139
1770             24        0.16598
1771             24        0.26891
1772             24        0.37433
1773             24        0.48054
1774             24        0.57816
1775             24        0.68284
1776             24        0.78871
1777             24        0.89249
1778    24     1
1778    25     0
1779             25        0.01417
1780             25        0.02989
1781             25        0.04521
1782             25        0.06119
1783             25        0.07718
1784             25        0.09304
1785             25        0.10902
1786             25        0.12495
1787             25        0.14057
1788             25        0.15631
1789             25        0.17233
1790             25        0.18794
1791             25        0.20314
1792             25         0.2189
1793             25         0.2349
1794             25        0.25071
1795             25        0.26634
1796             25        0.28204
1797             25        0.29783
1798             25        0.31352
1799             25        0.32952
1800             25        0.34552
1801             25         0.3612
1802             25        0.37653
1803             25        0.39249
1804             25        0.40841
1805             25        0.42445
1806             25        0.43947
1807             25        0.45479
1808             25        0.47072
1809             25        0.48648
1810             25        0.50237
1811             25        0.51793
1812             25        0.53387
1813             25         0.5496
1814             25        0.56419
1815             25        0.57982
1816             25        0.59551
1817             25        0.61121
1818             25          0.627
1819             25        0.64291
1820             25        0.65857
1821             25        0.67452
1822             25        0.68964
1823             25        0.70508
1824             25        0.72031
1825             25        0.73634
1826             25        0.75232
1827             25        0.76777
1828             25         0.7836
1829             25        0.79949
1830             25        0.81477
1831             25        0.83052
1832             25        0.84653
1833             25        0.86251
1834             25        0.87832
1835             25        0.89435
1836             25        0.91033
1837             25        0.92635
1838             25        0.94235
1839             25         0.9581
1840             25        0.97345
1841             25         0.9856
1842    25     1
1778    26     0
1843             26        0.01813
1844             26        0.03647
1845             26        0.05475
1846             26        0.07243
1847             26         0.0896
1848             26         0.1078
1849             26        0.12622
1850             26        0.14449
1851             26         0.1629
1852             26        0.18083
1853             26        0.19792
1854             26         0.2162
1855             26        0.23451
1856             26        0.25268
1857             26        0.27065
1858             26        0.28897
1859             26        0.30719
1860             26        0.32488
1861             26        0.34328
1862             26        0.36161
1863             26        0.37948
1864             26        0.39742
1865             26        0.41519
1866             26        0.43243
1867             26        0.44753
1868             26        0.46557
1869             26        0.48364
1870             26        0.50169
1871             26         0.5188
1872             26        0.53571
1873             26        0.55405
1874             26        0.57245
1875             26        0.59008
1876             26        0.60356
1877             26        0.61973
1878             26        0.63767
1879             26        0.65606
1880             26        0.67425
1881             26        0.69252
1882             26        0.71066
1883             26        0.72892
1884             26        0.74658
1885             26        0.76449
1886             26        0.78282
1887             26        0.80116
1888             26        0.81954
1889             26        0.83752
1890             26         0.8555
1891             26        0.87386
1892             26        0.89226
1893             26        0.91066
1894             26        0.92871
1895             26        0.94636
1896             26        0.96444
1897             26        0.98256
1898    26     1
1768    27     0
1899             27        0.14415
1900             27        0.29525
1901             27        0.41389
1902             27        0.55918
1903             27        0.71241
1904             27        0.86511
1905    27     1
1905    28     0
1906             28        0.01348
1907             28        0.02696
1908             28        0.03959
1909             28        0.05301
1910             28        0.06641
1911             28        0.07966
1912             28        0.09247
1913             28        0.10582
1914             28        0.11879
1915             28        0.13222
1916             28        0.14561
1917             28        0.15895
1918             28         0.1711
1919             28        0.18455
1920             28        0.19801
1921             28        0.21147
1922             28        0.22465
1923             28        0.23799
1924             28        0.25138
1925             28        0.26445
1926             28        0.27777
1927             28        0.29107
1928             28        0.30447
1929             28        0.31793
1930             28        0.33126
1931             28         0.3446
1932             28        0.35687
1933             28         0.3703
1934             28        0.38377
1935             28        0.39717
1936             28        0.41059
1937             28        0.42407
1938             28        0.43753
1939             28        0.45098
1940             28        0.46444
1941             28        0.47779
1942             28        0.49121
1943             28         0.5044
1944             28        0.51745
1945             28        0.53076
1946             28        0.54398
1947             28        0.55723
1948             28        0.57068
1949             28        0.58407
1950             28         0.5975
1951             28        0.61094
1952             28        0.62442
1953             28        0.63788
1954             28        0.65135
1955             28         0.6648
1956             28        0.67824
1957             28        0.69165
1958             28        0.70512
1959             28        0.71857
1960             28        0.73187
1961             28        0.74531
1962             28        0.75853
1963             28         0.7718
1964             28        0.78514
1965             28        0.79844
1966             28        0.81172
1967             28        0.82469
1968             28        0.83642
1969             28        0.84914
1970             28        0.86163
1971             28        0.87484
1972             28        0.88801
1973             28        0.90095
1974             28        0.91442
1975             28        0.92768
1976             28        0.94115
1977             28        0.95446
1978             28        0.96794
1979             28        0.98141
1980             28        0.99389
1981    28     1
1905    29     0
1982             29        0.02451
1983             29        0.04802
1984             29        0.07244
1985             29        0.09694
1986             29        0.12137
1987             29        0.14587
1988             29        0.17032
1989             29        0.19482
1990             29        0.21932
1991             29        0.24382
1992             29        0.26823
1993             29        0.29272
1994             29        0.31722
1995             29        0.34172
1996             29        0.36622
1997             29        0.39071
1998             29        0.41521
1999             29        0.43954
2000             29        0.46404
2001             29        0.48844
2002             29        0.51256
2003             29        0.53674
2004             29        0.56124
2005             29        0.58563
2006             29        0.61012
2007             29        0.63461
2008             29        0.65907
2009             29        0.68353
2010             29        0.70803
2011             29        0.73244
2012             29         0.7566
2013             29        0.78079
2014             29        0.80516
2015             29        0.82951
2016             29        0.85401
2017             29        0.87792
2018             29        0.90233
2019             29        0.92651
2020             29        0.95101
2021             29         0.9755
2022    29     1
1759    30     0
2023             30        0.02523
2024             30        0.05178
2025             30        0.07568
2026             30        0.10076
2027             30        0.12708
2028             30        0.15236
2029             30         0.1789
2030             30        0.20395
2031             30         0.2249
2032             30        0.25085
2033             30        0.27704
2034             30        0.30258
2035             30        0.32853
2036             30        0.35123
2037             30        0.37682
2038             30        0.40278
2039             30        0.42877
2040             30         0.4551
2041             30        0.48156
2042             30        0.50753
2043             30        0.53351
2044             30        0.55993
2045             30        0.58608
2046             30        0.61262
2047             30        0.63915
2048             30        0.66569
2049             30        0.69157
2050             30        0.71782
2051             30        0.74153
2052             30        0.76519
2053             30        0.78937
2054             30        0.81552
2055             30        0.84167
2056             30        0.86813
2057             30        0.89444
2058             30        0.92088
2059             30        0.94727
2060             30         0.9737
2061    30     1
2061    31     0
2062             31        0.03801
2063             31        0.07479
2064             31        0.11197
2065             31        0.14812
2066             31        0.18423
2067             31        0.22124
2068             31        0.25606
2069             31        0.29339
2070             31        0.33069
2071             31        0.36765
2072             31        0.40482
2073             31        0.44229
2074             31        0.47855
2075             31        0.51611
2076             31         0.5536
2077             31        0.59071
2078             31        0.62769
2079             31        0.66463
2080             31        0.70211
2081             31        0.73889
2082             31        0.77592
2083             31        0.81339
2084             31        0.85085
2085             31         0.8878
2086             31        0.92525
2087             31        0.96262
2088    31     1
2061    32     0
2089             32        0.06529
2090             32        0.12729
2091             32        0.19126
2092             32        0.25439
2093             32        0.31753
2094             32         0.3796
2095             32        0.44189
2096             32        0.50533
2097             32        0.56783
2098             32        0.63159
2099             32        0.69484
2100             32        0.75822
2101             32        0.82168
2102             32        0.88471
2103             32        0.94756
2104    32     1
1749    33     0
2105             33        0.17583
2106             33        0.34879
2107             33         0.5091
2108             33        0.67871
2109             33        0.84162
2110    33     1
2110    34     0
2111             34        0.08073
2112             34        0.16505
2113             34        0.24842
2114             34        0.33074
2115             34        0.41495
2116             34        0.49928
2117             34        0.58321
2118             34        0.66739
2119             34        0.75172
2120             34        0.83604
2121             34        0.92008
2122    34     1
2122    35     0
2123             35        0.00978
2124             35        0.01918
2125             35        0.02907
2126             35        0.03891
2127             35         0.0488
2128             35        0.05865
2129             35        0.06825
2130             35        0.07794
2131             35        0.08777
2132             35        0.09762
2133             35         0.1075
2134             35        0.11738
2135             35        0.12722
2136             35        0.13703
2137             35        0.14692
2138             35        0.15675
2139             35        0.16661
2140             35        0.17646
2141             35         0.1862
2142             35        0.19609
2143             35        0.20594
2144             35        0.21581
2145             35        0.22566
2146             35         0.2355
2147             35        0.24535
2148             35        0.25521
2149             35         0.2651
2150             35        0.27496
2151             35        0.28424
2152             35        0.29411
2153             35        0.30399
2154             35        0.31381
2155             35        0.32367
2156             35        0.33355
2157             35        0.34342
2158             35        0.35327
2159             35        0.36311
2160             35         0.3729
2161             35        0.38228
2162             35        0.39217
2163             35        0.40043
2164             35        0.40971
2165             35        0.41944
2166             35        0.42932
2167             35        0.43919
2168             35        0.44898
2169             35        0.45882
2170             35        0.46869
2171             35         0.4785
2172             35        0.48833
2173             35        0.49815
2174             35        0.50803
2175             35        0.51748
2176             35        0.52683
2177             35        0.53669
2178             35        0.54657
2179             35         0.5562
2180             35        0.56598
2181             35        0.57474
2182             35        0.58454
2183             35        0.59442
2184             35        0.60418
2185             35        0.61367
2186             35        0.62065
2187             35         0.6303
2188             35        0.63987
2189             35        0.64971
2190             35         0.6596
2191             35        0.66945
2192             35        0.67912
2193             35        0.68894
2194             35        0.69871
2195             35        0.70859
2196             35        0.71828
2197             35        0.72816
2198             35        0.73782
2199             35        0.74769
2200             35        0.75738
2201             35        0.76721
2202             35        0.77678
2203             35        0.78605
2204             35        0.79568
2205             35        0.80556
2206             35        0.81533
2207             35        0.82502
2208             35        0.83469
2209             35        0.84457
2210             35        0.85445
2211             35        0.86383
2212             35         0.8737
2213             35        0.88329
2214             35        0.89252
2215             35        0.90228
2216             35        0.91216
2217             35        0.92177
2218             35        0.93154
2219             35        0.94119
2220             35         0.9509
2221             35        0.96067
2222             35        0.97055
2223             35         0.9804
2224             35        0.99028
2225    35     1
2122    36     0
2226             36        0.01643
2227             36         0.0327
2228             36        0.04874
2229             36        0.06502
2230             36        0.08126
2231             36        0.09751
2232             36        0.11361
2233             36        0.12987
2234             36        0.14616
2235             36        0.16235
2236             36        0.17852
2237             36        0.19477
2238             36        0.21099
2239             36        0.22727
2240             36        0.24351
2241             36        0.25963
2242             36        0.27585
2243             36         0.2921
2244             36        0.30836
2245             36        0.32463
2246             36        0.34091
2247             36        0.35719
2248             36        0.37347
2249             36        0.38959
2250             36        0.40575
2251             36        0.42204
2252             36        0.43807
2253             36        0.45372
2254             36        0.46992
2255             36         0.4862
2256             36        0.50248
2257             36        0.51863
2258             36        0.53454
2259             36        0.55062
2260             36        0.56681
2261             36        0.58308
2262             36        0.59936
2263             36        0.61558
2264             36        0.63184
2265             36        0.64799
2266             36        0.66426
2267             36         0.6804
2268             36        0.69641
2269             36        0.71269
2270             36        0.72865
2271             36        0.74372
2272             36        0.75956
2273             36        0.77508
2274             36        0.79086
2275             36        0.80675
2276             36         0.8227
2277             36        0.83898
2278             36        0.85517
2279             36         0.8714
2280             36        0.88736
2281             36        0.90355
2282             36         0.9197
2283             36        0.93598
2284             36        0.95186
2285             36        0.96765
2286             36        0.98372
2287    36     1
2110    37     0
2288             37        0.01421
2289             37        0.02608
2290             37        0.03837
2291             37        0.05189
2292             37        0.06537
2293             37        0.07864
2294             37         0.0921
2295             37        0.10568
2296             37        0.11924
2297             37        0.13272
2298             37        0.14607
2299             37        0.15947
2300             37         0.1729
2301             37        0.18629
2302             37        0.19961
2303             37        0.21305
2304             37        0.22623
2305             37        0.23944
2306             37        0.25293
2307             37         0.2665
2308             37        0.28001
2309             37        0.29354
2310             37        0.30707
2311             37        0.32055
2312             37        0.33389
2313             37        0.34682
2314             37        0.36013
2315             37        0.37364
2316             37         0.3872
2317             37        0.40075
2318             37        0.41382
2319             37          0.427
2320             37        0.44024
2321             37        0.45323
2322             37        0.46651
2323             37         0.4798
2324             37        0.49265
2325             37        0.50616
2326             37        0.51972
2327             37        0.53331
2328             37         0.5469
2329             37         0.5604
2330             37        0.57395
2331             37        0.58745
2332             37        0.59978
2333             37        0.61285
2334             37        0.62611
2335             37         0.6397
2336             37        0.65307
2337             37        0.66614
2338             37        0.67868
2339             37        0.69227
2340             37        0.70585
2341             37        0.71944
2342             37        0.73302
2343             37        0.74656
2344             37         0.7596
2345             37        0.77319
2346             37        0.78673
2347             37        0.80016
2348             37        0.81372
2349             37        0.82696
2350             37        0.84039
2351             37        0.85371
2352             37        0.86657
2353             37        0.88004
2354             37        0.89358
2355             37        0.90711
2356             37        0.92019
2357             37         0.9336
2358             37        0.94663
2359             37        0.95989
2360             37        0.97289
2361             37        0.98647
2362    37     1
1739    38     0
2363             38        0.04728
2364             38        0.09038
2365             38        0.13825
2366             38        0.18564
2367             38        0.23149
2368             38        0.27929
2369             38        0.32802
2370             38        0.37354
2371             38        0.41965
2372             38        0.46868
2373             38         0.5175
2374             38        0.56582
2375             38        0.61389
2376             38        0.66229
2377             38        0.71114
2378             38        0.76021
2379             38        0.80851
2380             38        0.85569
2381             38        0.90341
2382             38        0.95098
2383    38     1
1736    39     0
2384             39        0.19151
2385             39        0.38741
2386             39        0.59445
2387             39        0.79883
2388    39     1
2388    40     0
2389             40        0.07592
2390             40          0.153
2391             40          0.231
2392             40        0.30858
2393             40        0.38718
2394             40        0.46205
2395             40         0.5382
2396             40        0.61444
2397             40        0.69167
2398             40        0.76978
2399             40        0.84818
2400             40        0.92489
2401    40     1
2401    41     0
2402             41        0.02034
2403             41        0.04887
2404             41         0.0773
2405             41        0.10591
2406             41        0.13401
2407             41        0.16189
2408             41        0.19005
2409             41        0.21864
2410             41        0.24722
2411             41        0.27576
2412             41        0.30436
2413             41        0.33286
2414             41        0.36123
2415             41        0.38957
2416             41        0.41771
2417             41        0.44598
2418             41        0.47406
2419             41        0.50242
2420             41        0.52915
2421             41        0.55775
2422             41        0.58628
2423             41         0.6144
2424             41        0.64294
2425             41        0.67135
2426             41        0.69933
2427             41        0.72737
2428             41         0.7556
2429             41        0.78409
2430             41        0.81163
2431             41        0.83985
2432             41        0.86794
2433             41        0.89601
2434             41        0.92408
2435             41        0.95244
2436             41          0.981
2437    41     1
2437    42     0
2438             42        0.01064
2439             42        0.02395
2440             42        0.03722
2441             42        0.05035
2442             42        0.06354
2443             42        0.07671
2444             42        0.09006
2445             42        0.10305
2446             42        0.11603
2447             42        0.12899
2448             42         0.1422
2449             42        0.15552
2450             42        0.16851
2451             42        0.18151
2452             42        0.19481
2453             42        0.20811
2454             42        0.22135
2455             42        0.23449
2456             42        0.24781
2457             42        0.25945
2458             42        0.27233
2459             42        0.28567
2460             42        0.29836
2461             42        0.31144
2462             42        0.32476
2463             42        0.33808
2464             42        0.35125
2465             42        0.36425
2466             42        0.37756
2467             42        0.39076
2468             42        0.40405
2469             42        0.41723
2470             42        0.43057
2471             42        0.44392
2472             42        0.45724
2473             42        0.47016
2474             42        0.48293
2475             42        0.49497
2476             42        0.50824
2477             42        0.52106
2478             42        0.53386
2479             42        0.54718
2480             42        0.56004
2481             42        0.57189
2482             42        0.58393
2483             42        0.59534
2484             42        0.60849
2485             42        0.62021
2486             42        0.63314
2487             42        0.64637
2488             42        0.65938
2489             42        0.67273
2490             42        0.68596
2491             42        0.69913
2492             42         0.7121
2493             42        0.72533
2494             42        0.73859
2495             42        0.75165
2496             42        0.76482
2497             42        0.77808
2498             42        0.79071
2499             42        0.80402
2500             42        0.81737
2501             42        0.83037
2502             42        0.84351
2503             42        0.85657
2504             42        0.86947
2505             42        0.88276
2506             42        0.89592
2507             42         0.9092
2508             42        0.92248
2509             42        0.93563
2510             42        0.94882
2511             42        0.96204
2512             42        0.97526
2513             42         0.9881
2514    42     1
2437    43     0
2515             43        0.01821
2516             43        0.04639
2517             43        0.07444
2518             43        0.10255
2519             43        0.13053
2520             43        0.15793
2521             43        0.18608
2522             43        0.21426
2523             43        0.24262
2524             43        0.26981
2525             43        0.29811
2526             43        0.32635
2527             43        0.35464
2528             43        0.38299
2529             43        0.41136
2530             43        0.43972
2531             43        0.46765
2532             43        0.49585
2533             43        0.52394
2534             43         0.5519
2535             43        0.57932
2536             43        0.60658
2537             43        0.63498
2538             43         0.6632
2539             43        0.69104
2540             43        0.71909
2541             43        0.74748
2542             43        0.77585
2543             43        0.80385
2544             43        0.83211
2545             43        0.86014
2546             43        0.88823
2547             43        0.91658
2548             43        0.94473
2549             43        0.97294
2550    43     1
2401    44     0
2551             44        0.06087
2552             44        0.24903
2553             44        0.43613
2554             44        0.62271
2555             44        0.81258
2556    44     1
2388    45     0
2557             45        0.01046
2558             45        0.02171
2559             45        0.03295
2560             45        0.04313
2561             45        0.05422
2562             45        0.06531
2563             45        0.07638
2564             45        0.08759
2565             45        0.09843
2566             45        0.10957
2567             45        0.12062
2568             45         0.1318
2569             45          0.143
2570             45        0.15425
2571             45        0.16541
2572             45        0.17667
2573             45        0.18782
2574             45        0.19904
2575             45        0.21029
2576             45        0.22153
2577             45        0.23279
2578             45        0.24393
2579             45        0.25515
2580             45        0.26639
2581             45        0.27751
2582             45        0.28873
2583             45        0.29997
2584             45        0.31119
2585             45        0.32243
2586             45        0.33368
2587             45        0.34468
2588             45         0.3557
2589             45        0.36692
2590             45        0.37815
2591             45         0.3894
2592             45        0.40063
2593             45        0.41188
2594             45        0.42312
2595             45        0.43435
2596             45        0.44547
2597             45        0.45669
2598             45        0.46791
2599             45        0.47917
2600             45        0.49039
2601             45        0.50165
2602             45        0.51283
2603             45        0.52401
2604             45        0.53521
2605             45        0.54624
2606             45         0.5572
2607             45        0.56824
2608             45        0.57948
2609             45        0.59067
2610             45        0.60174
2611             45        0.61293
2612             45        0.62415
2613             45        0.63532
2614             45        0.64624
2615             45        0.65717
2616             45        0.66839
2617             45        0.67963
2618             45        0.69086
2619             45        0.70212
2620             45        0.71336
2621             45        0.72454
2622             45        0.73578
2623             45        0.74692
2624             45        0.75798
2625             45        0.76917
2626             45        0.78042
2627             45        0.79144
2628             45        0.80255
2629             45        0.81379
2630             45        0.82481
2631             45        0.83564
2632             45        0.84662
2633             45        0.85779
2634             45        0.86893
2635             45        0.88003
2636             45        0.89128
2637             45        0.90213
2638             45        0.91331
2639             45        0.92256
2640             45         0.9334
2641             45        0.94448
2642             45        0.95571
2643             45        0.96672
2644             45        0.97756
2645             45        0.98881
2646    45     1
1734    46     0
2647             46        0.03132
2648             46        0.06506
2649             46        0.09875
2650             46        0.13246
2651             46        0.16583
2652             46        0.19947
2653             46        0.23312
2654             46        0.26684
2655             46        0.30056
2656             46         0.3335
2657             46        0.36724
2658             46        0.39973
2659             46        0.43201
2660             46        0.46565
2661             46        0.49933
2662             46        0.53303
2663             46        0.56674
2664             46         0.6004
2665             46          0.634
2666             46        0.66773
2667             46         0.7011
2668             46        0.73423
2669             46         0.7675
2670             46        0.80093
2671             46         0.8344
2672             46        0.86811
2673             46        0.90155
2674             46        0.93529
2675             46        0.96887
2676    46     1
2676    47     0
2677             47        0.01346
2678             47        0.02542
2679             47        0.03761
2680             47        0.04999
2681             47         0.0624
2682             47        0.07487
2683             47        0.08732
2684             47        0.09934
2685             47         0.1118
2686             47        0.12377
2687             47        0.13605
2688             47        0.14846
2689             47        0.16075
2690             47        0.17319
2691             47        0.18565
2692             47         0.1981
2693             47        0.21052
2694             47        0.22291
2695             47        0.23525
2696             47        0.24769
2697             47         0.2599
2698             47        0.27182
2699             47        0.28364
2700             47        0.29565
2701             47        0.30808
2702             47        0.32047
2703             47         0.3329
2704             47        0.34491
2705             47        0.35736
2706             47        0.36948
2707             47        0.38187
2708             47        0.39401
2709             47        0.40638
2710             47        0.41884
2711             47        0.43129
2712             47        0.44362
2713             47        0.45597
2714             47        0.46831
2715             47        0.48077
2716             47        0.49287
2717             47        0.50512
2718             47        0.51723
2719             47         0.5294
2720             47        0.54181
2721             47        0.55362
2722             47        0.56575
2723             47        0.57816
2724             47         0.5903
2725             47        0.60109
2726             47        0.61344
2727             47        0.62584
2728             47        0.63815
2729             47        0.65024
2730             47        0.66199
2731             47        0.67434
2732             47        0.68573
2733             47        0.69814
2734             47        0.71047
2735             47        0.72288
2736             47        0.73467
2737             47        0.74714
2738             47        0.75961
2739             47        0.77142
2740             47        0.78338
2741             47        0.79585
2742             47        0.80825
2743             47        0.82062
2744             47        0.83287
2745             47        0.84522
2746             47        0.85751
2747             47        0.86945
2748             47        0.88168
2749             47        0.89337
2750             47        0.90575
2751             47        0.91744
2752             47        0.92961
2753             47         0.9419
2754             47        0.95426
2755             47        0.96592
2756             47        0.97794
2757             47        0.98896
2758    47     1
2676    48     0
2759             48         0.0164
2760             48        0.03438
2761             48        0.05223
2762             48        0.06972
2763             48        0.08736
2764             48        0.10524
2765             48         0.1226
2766             48        0.14039
2767             48        0.15818
2768             48        0.17617
2769             48        0.19368
2770             48         0.2102
2771             48        0.22818
2772             48        0.24525
2773             48        0.26257
2774             48        0.28052
2775             48        0.29845
2776             48        0.31616
2777             48        0.33388
2778             48        0.35159
2779             48        0.36957
2780             48        0.38745
2781             48          0.405
2782             48         0.4227
2783             48         0.4406
2784             48        0.45794
2785             48        0.47566
2786             48        0.49341
2787             48          0.511
2788             48        0.52872
2789             48        0.54637
2790             48        0.56432
2791             48        0.58222
2792             48        0.59932
2793             48        0.61715
2794             48        0.63511
2795             48        0.65305
2796             48         0.6706
2797             48         0.6878
2798             48        0.70545
2799             48        0.72325
2800             48        0.74076
2801             48        0.75574
2802             48          0.771
2803             48        0.78855
2804             48        0.80637
2805             48        0.82433
2806             48        0.84228
2807             48        0.85971
2808             48        0.87721
2809             48        0.89509
2810             48        0.91249
2811             48        0.93045
2812             48        0.94839
2813             48        0.96614
2814             48        0.98406
2815    48     1
