0  0  0
1           0       5e-05
2  0  1
2  27   0
3  27   1
3  28   0
4           28      0.11656
5           28      0.23312
6           28      0.34968
7           28      0.46013
8           28       0.5742
9           28      0.68945
10           28      0.78545
11           28      0.89387
12  28   1
12  70   0
13           70      0.14779
14           70      0.29788
15           70      0.44436
16           70      0.56305
17           70      0.70816
18           70      0.85761
19  70   1
19  29   0
20           29      0.15781
21           29      0.32594
22           29       0.4924
23           29      0.66086
24           29      0.83029
25  29   1
25  71   0
26           71      0.52267
27           71      0.80417
28  71   1
28  72   0
29           72      0.60602
30  72   1
30  73   0
31  73   1
31  74   0
32           74      0.10648
33           74       0.2054
34           74      0.31701
35           74      0.43125
36           74      0.54388
37           74      0.65804
38           74      0.77151
39           74      0.88423
40  74   1
40  75   0
41           75      0.31018
42           75      0.65922
43  75   1
43  76   0
44           76      0.33928
45           76      0.68964
46  76   1
46  77   0
47           77      0.21079
48           77      0.41356
49           77      0.61914
50           77      0.80001
51  77   1
51  78   0
52           78       0.1975
53           78      0.40857
54           78      0.60689
55           78      0.81101
56  78   1
56  79   0
57           79      0.20561
58           79      0.41314
59           79      0.61307
60           79      0.81638
61  79   1
61  80   0
62           80      0.37256
63           80      0.69683
64  80   1
64  81   0
65           81       0.1482
66           81       0.3002
67           81      0.47023
68           81       0.6483
69           81      0.81968
70  81   1
70  82   0
71           82       0.3034
72           82      0.68383
73  82   1
73  83   0
74           83      0.22128
75           83      0.42722
76           83      0.64866
77           83      0.84879
78  83   1
78  84   0
79           84      0.24923
80           84      0.51168
81           84      0.77659
82  84   1
82  85   0
83           85      0.10581
84           85      0.19724
85           85      0.28921
86           85      0.37785
87           85      0.46838
88           85      0.55968
89           85      0.64994
90           85      0.73561
91           85      0.82852
92           85      0.91928
93  85   1
93  86   0
94           86      0.32543
95           86        0.655
96  86   1
96  87   0
97           87      0.16318
98           87      0.33113
99           87      0.49026
100            87       0.66386
101            87       0.83438
102   87    1
102   30    0
103            30       0.03903
104            30       0.07644
105            30       0.11332
106            30       0.15116
107            30       0.18821
108            30       0.22572
109            30       0.26401
110            30       0.30178
111            30       0.33991
112            30       0.37905
113            30       0.41807
114            30       0.45646
115            30       0.49521
116            30       0.53436
117            30       0.57354
118            30        0.6123
119            30       0.65066
120            30       0.68968
121            30       0.72901
122            30       0.76788
123            30       0.80675
124            30       0.84517
125            30       0.88405
126            30       0.92292
127            30       0.96187
128   30    1
128   88    0
129            88        0.0838
130            88       0.16884
131            88       0.25348
132            88       0.33795
133            88       0.42301
134            88       0.50764
135            88       0.59276
136            88       0.67757
137            88       0.75893
138            88       0.83855
139            88       0.91544
140   88    1
140   89    0
141            89       0.01513
142            89       0.03011
143            89       0.04512
144            89       0.06007
145            89       0.07517
146            89       0.08889
147            89       0.10307
148            89       0.11797
149            89       0.13299
150            89        0.1474
151            89       0.16206
152            89       0.17667
153            89       0.19134
154            89       0.20641
155            89       0.22145
156            89       0.23402
157            89        0.2463
158            89       0.26113
159            89       0.27621
160            89       0.29111
161            89       0.30597
162            89        0.3209
163            89       0.33478
164            89       0.34966
165            89       0.36409
166            89       0.37912
167            89         0.394
168            89       0.40814
169            89        0.4229
170            89       0.43763
171            89       0.45267
172            89       0.46739
173            89       0.48172
174            89       0.49628
175            89       0.51081
176            89       0.52575
177            89       0.54059
178            89       0.55457
179            89       0.56939
180            89       0.58379
181            89       0.59718
182            89       0.61183
183            89       0.62673
184            89       0.64127
185            89       0.65498
186            89       0.66902
187            89       0.68213
188            89       0.69644
189            89       0.71082
190            89       0.72408
191            89       0.73841
192            89       0.75022
193            89       0.76458
194            89       0.77738
195            89       0.79146
196            89       0.80467
197            89       0.81838
198            89       0.83281
199            89       0.84631
200            89       0.85918
201            89       0.87323
202            89        0.8879
203            89       0.90146
204            89       0.91656
205            89       0.93014
206            89        0.9438
207            89       0.95846
208            89       0.97332
209            89       0.98663
210   89    1
140   90    0
211            90       0.01974
212            90       0.03941
213            90       0.06001
214            90       0.08019
215            90       0.10066
216            90       0.12117
217            90        0.1407
218            90       0.16047
219            90       0.17859
220            90       0.19785
221            90       0.21738
222            90       0.23755
223            90       0.25821
224            90       0.27757
225            90       0.29802
226            90       0.31794
227            90       0.33631
228            90        0.3555
229            90       0.37394
230            90       0.39285
231            90        0.4127
232            90       0.43141
233            90        0.4519
234            90       0.47242
235            90       0.49292
236            90       0.51306
237            90       0.53283
238            90        0.5526
239            90       0.57167
240            90       0.59111
241            90       0.60718
242            90       0.62268
243            90       0.64073
244            90       0.66106
245            90       0.68112
246            90       0.70133
247            90       0.72169
248            90       0.74194
249            90       0.76246
250            90       0.78259
251            90       0.80308
252            90       0.82292
253            90       0.84362
254            90       0.86433
255            90       0.88503
256            90        0.9055
257            90       0.92604
258            90       0.94519
259            90       0.96482
260            90       0.98253
261   90    1
102   31    0
262            31       0.07031
263            31       0.15686
264            31       0.24486
265            31       0.32836
266            31        0.4145
267            31       0.49993
268            31       0.58779
269            31       0.67452
270            31       0.76032
271            31       0.84767
272            31       0.91875
273   31    1
273   32    0
274            32         0.155
275            32       0.27905
276            32        0.4271
277            32       0.57878
278            32       0.70501
279            32       0.84944
280   32    1
280   91    0
281            91       0.05046
282            91       0.10075
283            91       0.15286
284            91         0.191
285            91       0.24273
286            91       0.29132
287            91       0.34165
288            91       0.39038
289            91       0.44338
290            91       0.49417
291            91       0.54486
292            91       0.59764
293            91       0.65011
294            91       0.70149
295            91       0.75245
296            91       0.79911
297            91       0.84924
298            91       0.90085
299            91       0.95108
300   91    1
300   92    0
301            92       0.02904
302            92       0.06612
303            92       0.09995
304            92       0.13645
305            92         0.148
306            92        0.1848
307            92       0.22161
308            92       0.23012
309            92        0.2669
310            92       0.30398
311            92       0.33311
312            92       0.36569
313            92       0.38499
314            92       0.40421
315            92       0.42701
316            92       0.44956
317            92       0.48498
318            92       0.51856
319            92       0.55563
320            92       0.58672
321            92       0.60935
322            92       0.64217
323            92       0.67672
324            92       0.71143
325            92       0.74487
326            92       0.78156
327            92       0.81468
328            92       0.85077
329            92       0.88753
330            92       0.90321
331            92       0.93674
332            92       0.97221
333   92    1
300   93    0
334            93       0.11094
335            93       0.20281
336            93       0.30532
337            93       0.39823
338            93       0.49328
339            93       0.58203
340            93       0.68984
341            93       0.79487
342            93       0.89243
343   93    1
273   33    0
344            33       0.15746
345            33       0.30499
346            33       0.43232
347            33       0.57675
348            33       0.72205
349            33       0.85802
350   33    1
350   94    0
351            94       0.08827
352            94       0.17568
353            94       0.26492
354            94       0.34388
355            94       0.41859
356            94        0.5057
357            94       0.58979
358            94       0.67449
359            94       0.76143
360            94       0.84752
361            94       0.92556
362   94    1
96  34   0
363            34       0.03692
364            34       0.07356
365            34       0.11024
366            34       0.14818
367            34       0.18576
368            34       0.21997
369            34       0.25674
370            34       0.29557
371            34       0.32424
372            34       0.35977
373            34       0.39715
374            34       0.41846
375            34       0.44712
376            34        0.4857
377            34       0.51523
378            34       0.55135
379            34        0.5893
380            34       0.62101
381            34       0.65117
382            34       0.68623
383            34       0.72055
384            34       0.75337
385            34       0.79064
386            34       0.82892
387            34       0.86601
388            34       0.89207
389            34       0.92652
390            34       0.96324
391   34    1
93  35   0
392            35       0.03808
393            35       0.07112
394            35         0.099
395            35       0.13286
396            35       0.16493
397            35       0.19561
398            35       0.22452
399            35       0.25743
400            35       0.29091
401            35       0.32402
402            35       0.35665
403            35       0.38657
404            35        0.4198
405            35       0.45325
406            35       0.48775
407            35       0.52009
408            35       0.55373
409            35       0.58721
410            35       0.61984
411            35       0.65105
412            35       0.67846
413            35       0.71282
414            35       0.74691
415            35        0.7802
416            35       0.81352
417            35       0.84578
418            35       0.87478
419            35        0.9081
420            35       0.93999
421            35       0.96818
422   35    1
422   95    0
423   95    1
82  36   0
424            36       0.02872
425            36       0.05232
426            36       0.07189
427            36       0.09429
428            36       0.11855
429            36       0.14111
430            36       0.16527
431            36       0.18976
432            36       0.21195
433            36       0.23465
434            36       0.25778
435            36       0.28223
436            36       0.30691
437            36       0.32679
438            36       0.34788
439            36       0.37245
440            36       0.39444
441            36        0.4168
442            36       0.43883
443            36       0.46423
444            36       0.48862
445            36       0.51303
446            36       0.53814
447            36        0.5597
448            36       0.58447
449            36       0.60749
450            36       0.63163
451            36       0.65428
452            36       0.67896
453            36       0.70331
454            36       0.72645
455            36       0.75143
456            36       0.77667
457            36       0.80185
458            36        0.8268
459            36       0.85136
460            36       0.87626
461            36       0.89822
462            36       0.91563
463            36       0.92847
464            36       0.95328
465            36       0.97672
466   36    1
78  37   0
467            37       0.02077
468            37       0.04228
469            37       0.06424
470            37        0.0862
471            37       0.10762
472            37       0.12934
473            37       0.15128
474            37       0.17007
475            37       0.19093
476            37       0.21066
477            37       0.23252
478            37       0.25432
479            37       0.27575
480            37       0.29647
481            37       0.31819
482            37        0.3377
483            37       0.35847
484            37       0.38064
485            37       0.40236
486            37        0.4243
487            37       0.44634
488            37       0.45951
489            37       0.47011
490            37       0.49181
491            37       0.51268
492            37       0.53311
493            37       0.55473
494            37        0.5762
495            37       0.59409
496            37       0.61591
497            37        0.6352
498            37       0.65698
499            37       0.67683
500            37       0.69629
501            37       0.71653
502            37       0.73804
503            37        0.7583
504            37       0.77932
505            37        0.8006
506            37       0.82113
507            37       0.84274
508            37       0.86367
509            37       0.88331
510            37       0.89164
511            37       0.91383
512            37       0.93529
513            37       0.94149
514            37       0.96337
515            37       0.97792
516   37    1
73  38   0
517            38       0.02147
518            38       0.03957
519            38       0.05963
520            38       0.08149
521            38       0.10419
522            38       0.12674
523            38       0.14763
524            38       0.17033
525            38       0.19285
526            38       0.21489
527            38       0.23671
528            38       0.25847
529            38       0.28082
530            38       0.30311
531            38       0.32569
532            38       0.34818
533            38       0.37042
534            38       0.38991
535            38       0.41275
536            38       0.43381
537            38       0.45518
538            38       0.47625
539            38       0.49912
540            38       0.50069
541            38       0.51529
542            38       0.53796
543            38       0.56052
544            38       0.57869
545            38       0.60023
546            38       0.62273
547            38       0.64553
548            38       0.66554
549            38       0.68778
550            38       0.71013
551            38       0.73244
552            38       0.75496
553            38       0.77752
554            38       0.80003
555            38       0.82242
556            38       0.84357
557            38       0.86642
558            38       0.88417
559            38       0.89514
560            38       0.91616
561            38       0.93846
562            38       0.96006
563            38       0.98084
564   38    1
70  39   0
565            39       0.01981
566            39       0.04079
567            39       0.06151
568            39        0.0814
569            39       0.09768
570            39       0.10813
571            39       0.12124
572            39       0.14189
573            39       0.16223
574            39       0.18253
575            39       0.20221
576            39       0.21822
577            39        0.2384
578            39       0.25945
579            39       0.27931
580            39       0.30028
581            39       0.31999
582            39       0.34102
583            39       0.36141
584            39       0.38156
585            39       0.39253
586            39       0.41102
587            39       0.42783
588            39       0.44676
589            39       0.46631
590            39       0.48693
591            39       0.50769
592            39        0.5286
593            39       0.54954
594            39       0.57059
595            39       0.59115
596            39       0.61155
597            39       0.63156
598            39       0.65206
599            39       0.67271
600            39       0.69371
601            39       0.71413
602            39       0.72728
603            39       0.74737
604            39       0.76791
605            39       0.78874
606            39       0.80575
607            39       0.82656
608            39        0.8471
609            39       0.86784
610            39       0.88864
611            39        0.9073
612            39       0.92813
613            39       0.94064
614            39       0.96178
615            39        0.9626
616            39       0.98374
617   39    1
64  40   0
618            40       0.01648
619            40       0.04076
620            40        0.0588
621            40       0.08057
622            40       0.10776
623            40       0.12942
624            40       0.15736
625            40         0.183
626            40       0.21067
627            40       0.23861
628            40       0.26531
629            40       0.29069
630            40       0.31633
631            40       0.34183
632            40       0.36651
633            40       0.39336
634            40       0.42158
635            40       0.44903
636            40       0.47706
637            40        0.5054
638            40       0.52899
639            40       0.55727
640            40       0.58582
641            40       0.61438
642            40       0.64301
643            40       0.66467
644            40       0.69195
645            40       0.72035
646            40       0.74618
647            40       0.77443
648            40       0.80309
649            40       0.83095
650            40        0.8582
651            40       0.88702
652            40       0.91581
653            40       0.94338
654            40       0.97165
655   40    1
61  41   0
656            41       0.03156
657            41        0.0573
658            41       0.08217
659            41        0.1074
660            41       0.13098
661            41       0.15794
662            41       0.18457
663            41       0.21143
664            41       0.23792
665            41       0.26483
666            41       0.29144
667            41       0.31531
668            41       0.33997
669            41       0.36692
670            41       0.39309
671            41       0.41828
672            41       0.43473
673            41       0.44548
674            41       0.47219
675            41       0.49705
676            41       0.52159
677            41       0.54746
678            41        0.5741
679            41       0.59497
680            41       0.62057
681            41       0.64681
682            41       0.67356
683            41       0.69972
684            41       0.72635
685            41       0.75295
686            41       0.77914
687            41       0.79674
688            41       0.82272
689            41        0.8441
690            41       0.87028
691            41       0.89664
692            41       0.92352
693            41       0.94797
694            41       0.97365
695   41    1
56  42   0
696            42       0.08242
697            42       0.16515
698            42       0.24277
699            42       0.30419
700            42       0.38688
701            42        0.4637
702            42       0.53691
703            42       0.61409
704            42       0.68479
705            42        0.7654
706            42       0.84794
707            42       0.91715
708   42    1
708   43    0
709            43       0.02975
710            43       0.06371
711            43       0.09989
712            43       0.13712
713            43       0.17353
714            43       0.21111
715            43       0.24781
716            43       0.28474
717            43       0.32136
718            43       0.35826
719            43        0.3919
720            43       0.42908
721            43       0.46515
722            43       0.49931
723            43       0.53527
724            43       0.57274
725            43       0.60988
726            43       0.64115
727            43       0.67858
728            43       0.71225
729            43       0.74622
730            43       0.78114
731            43       0.81713
732            43       0.85443
733            43         0.891
734            43       0.92783
735            43       0.96412
736   43    1
708   44    0
737            44       0.03776
738            44       0.07567
739            44        0.1138
740            44       0.15377
741            44        0.1921
742            44       0.23187
743            44       0.27141
744            44       0.30957
745            44       0.34913
746            44        0.3875
747            44       0.42645
748            44       0.46646
749            44       0.50539
750            44       0.54366
751            44        0.5774
752            44       0.61259
753            44       0.65029
754            44       0.69038
755            44       0.72984
756            44       0.76726
757            44       0.80735
758            44       0.84671
759            44       0.88671
760            44       0.92656
761            44       0.96681
762   44    1
51  45   0
763            45       0.02023
764            45       0.04544
765            45       0.06838
766            45       0.09445
767            45       0.11822
768            45       0.14271
769            45       0.16845
770            45       0.19378
771            45       0.20937
772            45        0.2336
773            45       0.25887
774            45       0.28384
775            45       0.30594
776            45       0.32367
777            45       0.34817
778            45        0.3664
779            45       0.39048
780            45       0.40644
781            45        0.4308
782            45       0.45465
783            45       0.47924
784            45       0.50486
785            45        0.5304
786            45       0.55613
787            45       0.57968
788            45       0.60515
789            45       0.63093
790            45        0.6551
791            45       0.67906
792            45       0.70431
793            45       0.72735
794            45       0.75193
795            45        0.7661
796            45       0.79194
797            45       0.80813
798            45       0.83222
799            45       0.85051
800            45       0.87047
801            45        0.8925
802            45       0.91778
803            45       0.94201
804            45       0.96095
805            45       0.97973
806   45    1
46  46   0
807            46       0.17422
808            46       0.33253
809            46       0.49615
810            46       0.60537
811            46       0.72808
812            46       0.84685
813   46    1
813   47    0
814            47       0.14146
815            47       0.26619
816            47       0.39166
817            47       0.52231
818            47       0.64979
819            47       0.77142
820            47       0.88796
821   47    1
821   48    0
822            48       0.03925
823            48       0.07754
824            48         0.114
825            48       0.15096
826            48        0.1891
827            48       0.22574
828            48       0.26443
829            48       0.30087
830            48        0.3393
831            48       0.37756
832            48        0.4161
833            48       0.45244
834            48       0.48638
835            48       0.51858
836            48       0.54807
837            48       0.58182
838            48       0.62012
839            48       0.65749
840            48       0.69266
841            48       0.73057
842            48       0.76961
843            48       0.80866
844            48       0.83148
845            48        0.8705
846            48       0.90955
847            48       0.93716
848            48       0.96755
849   48    1
821   49    0
850            49        0.0472
851            49        0.0937
852            49       0.13573
853            49       0.18325
854            49       0.21381
855            49       0.25477
856            49       0.30428
857            49       0.34951
858            49       0.39883
859            49       0.44817
860            49       0.49787
861            49       0.54503
862            49       0.59357
863            49       0.64017
864            49       0.68796
865            49        0.7328
866            49        0.7805
867            49       0.82075
868            49       0.86961
869            49       0.91922
870            49       0.96871
871   49    1
813   50    0
872            50       0.05238
873            50       0.10273
874            50       0.15851
875            50       0.20689
876            50       0.23791
877            50       0.28215
878            50       0.34002
879            50       0.39571
880            50       0.45217
881            50       0.50996
882            50       0.56408
883            50       0.62168
884            50       0.67945
885            50       0.73594
886            50       0.79332
887            50       0.85118
888            50       0.90766
889            50        0.9647
890   50    1
43  51   0
891            51       0.08797
892            51       0.19162
893            51       0.29489
894            51       0.39363
895            51       0.49504
896            51       0.59597
897            51        0.6994
898            51       0.79941
899            51       0.90113
900   51    1
40  52   0
901            52       0.30857
902            52       0.69042
903   52    1
903   53    0
904            53       0.18403
905            53       0.29908
906            53       0.46504
907            53       0.64057
908            53       0.81611
909   53    1
909   54    0
910            54       0.02131
911            54       0.04458
912            54        0.0678
913            54       0.09017
914            54       0.11154
915            54       0.13466
916            54       0.15702
917            54        0.1715
918            54       0.19233
919            54       0.21255
920            54        0.2358
921            54       0.25903
922            54       0.28202
923            54       0.30432
924            54       0.32707
925            54        0.3467
926            54       0.35661
927            54       0.37995
928            54       0.39925
929            54       0.42169
930            54       0.44411
931            54       0.46641
932            54       0.48914
933            54       0.51177
934            54       0.53485
935            54       0.55783
936            54       0.58038
937            54       0.60321
938            54       0.62586
939            54       0.64905
940            54       0.67147
941            54       0.69348
942            54       0.71632
943            54        0.7395
944            54       0.76259
945            54       0.78569
946            54       0.80856
947            54       0.82918
948            54       0.85151
949            54       0.87468
950            54       0.89598
951            54       0.91876
952            54       0.93543
953            54       0.95819
954            54       0.98141
955   54    1
909   55    0
956            55       0.02657
957            55       0.05734
958            55       0.08668
959            55       0.11266
960            55        0.1406
961            55        0.1715
962            55       0.18255
963            55       0.19166
964            55       0.21898
965            55       0.24925
966            55       0.27861
967            55       0.30619
968            55       0.33243
969            55       0.36217
970            55       0.39266
971            55       0.42198
972            55        0.4501
973            55       0.48022
974            55       0.51096
975            55       0.54179
976            55       0.57277
977            55       0.60326
978            55       0.62771
979            55       0.65027
980            55       0.67675
981            55       0.70712
982            55       0.73768
983            55        0.7684
984            55       0.79864
985            55       0.82935
986            55       0.85916
987            55       0.88721
988            55       0.91813
989            55       0.94802
990            55       0.97845
991   55    1
903   56    0
992            56       0.01908
993            56       0.03829
994            56       0.05749
995            56       0.07665
996            56       0.09596
997            56       0.11473
998            56       0.13389
999            56        0.1532
1000             56         0.1725
1001             56        0.19156
1002             56        0.21047
1003             56        0.22963
1004             56        0.24889
1005             56        0.26761
1006             56         0.2863
1007             56        0.30505
1008             56        0.32435
1009             56        0.34306
1010             56        0.36234
1011             56        0.38162
1012             56         0.4009
1013             56        0.42009
1014             56        0.43931
1015             56        0.45813
1016             56        0.47714
1017             56        0.49625
1018             56        0.51539
1019             56        0.53456
1020             56        0.55263
1021             56        0.57167
1022             56        0.59016
1023             56        0.60797
1024             56        0.62607
1025             56        0.64476
1026             56         0.6578
1027             56        0.67629
1028             56        0.69516
1029             56        0.71406
1030             56        0.72751
1031             56        0.73673
1032             56        0.75604
1033             56        0.77457
1034             56        0.79302
1035             56        0.80278
1036             56        0.81854
1037             56        0.83667
1038             56         0.8528
1039             56        0.87193
1040             56          0.891
1041             56        0.91019
1042             56        0.92921
1043             56        0.94765
1044             56        0.96691
1045             56        0.98619
1046    56     1
31  57   0
1047             57        0.01971
1048             57        0.03775
1049             57        0.05263
1050             57        0.06481
1051             57        0.08326
1052             57        0.10167
1053             57        0.11982
1054             57        0.13679
1055             57        0.15477
1056             57        0.17321
1057             57        0.19118
1058             57        0.20892
1059             57        0.22651
1060             57        0.24382
1061             57        0.25971
1062             57         0.2777
1063             57        0.29486
1064             57        0.31154
1065             57        0.32826
1066             57        0.34621
1067             57        0.36397
1068             57        0.38215
1069             57        0.40056
1070             57        0.41872
1071             57        0.43707
1072             57        0.45475
1073             57        0.47307
1074             57        0.48853
1075             57        0.50393
1076             57        0.52232
1077             57        0.53997
1078             57        0.55851
1079             57        0.57644
1080             57        0.59426
1081             57        0.61249
1082             57        0.63039
1083             57         0.6489
1084             57        0.66694
1085             57        0.68489
1086             57        0.70321
1087             57        0.72018
1088             57        0.73825
1089             57        0.75505
1090             57        0.77312
1091             57        0.79109
1092             57        0.80792
1093             57        0.82582
1094             57        0.84343
1095             57        0.86108
1096             57        0.87949
1097             57        0.89755
1098             57        0.91514
1099             57        0.93306
1100             57        0.95043
1101             57        0.96835
1102             57         0.9864
1103    57     1
30  58   0
1104             58        0.12825
1105             58        0.24515
1106             58        0.35661
1107             58        0.46771
1108             58        0.58409
1109             58         0.6866
1110             58        0.79667
1111             58        0.90983
1112    58     1
1112    59     0
1113             59         0.0194
1114             59        0.03798
1115             59        0.05602
1116             59        0.07387
1117             59        0.09093
1118             59        0.10902
1119             59         0.1271
1120             59        0.14482
1121             59        0.16358
1122             59        0.18178
1123             59        0.20004
1124             59        0.21797
1125             59        0.23398
1126             59        0.25274
1127             59        0.27062
1128             59        0.28903
1129             59        0.30773
1130             59        0.32623
1131             59        0.34397
1132             59        0.36232
1133             59        0.37868
1134             59        0.39696
1135             59         0.4149
1136             59        0.43332
1137             59        0.45171
1138             59        0.47033
1139             59        0.48744
1140             59        0.50554
1141             59        0.52268
1142             59        0.54135
1143             59          0.559
1144             59        0.57765
1145             59        0.59609
1146             59        0.61177
1147             59        0.63007
1148             59        0.64787
1149             59          0.666
1150             59        0.68171
1151             59        0.70041
1152             59        0.71884
1153             59        0.73655
1154             59        0.75508
1155             59        0.77199
1156             59        0.78989
1157             59        0.80831
1158             59        0.82515
1159             59        0.84224
1160             59        0.86074
1161             59        0.87875
1162             59        0.89748
1163             59        0.91573
1164             59        0.93299
1165             59        0.95019
1166             59        0.96439
1167             59        0.98154
1168    59     1
1112    60     0
1169             60        0.01792
1170             60        0.03712
1171             60         0.0566
1172             60        0.07554
1173             60        0.09404
1174             60         0.1131
1175             60        0.13227
1176             60        0.15162
1177             60         0.1696
1178             60        0.18843
1179             60        0.20745
1180             60        0.22661
1181             60        0.24575
1182             60        0.26485
1183             60        0.28386
1184             60        0.30325
1185             60        0.32285
1186             60        0.33776
1187             60        0.35693
1188             60        0.37628
1189             60        0.39503
1190             60        0.41424
1191             60        0.43277
1192             60        0.45048
1193             60        0.46838
1194             60        0.48781
1195             60        0.50731
1196             60        0.52644
1197             60        0.54516
1198             60        0.56456
1199             60        0.58291
1200             60        0.60195
1201             60        0.62144
1202             60        0.64051
1203             60         0.6583
1204             60         0.6776
1205             60        0.69608
1206             60        0.71487
1207             60        0.73436
1208             60        0.75368
1209             60        0.76977
1210             60        0.78601
1211             60         0.8055
1212             60        0.82475
1213             60        0.84424
1214             60        0.86217
1215             60        0.88083
1216             60        0.89831
1217             60        0.91539
1218             60        0.92876
1219             60        0.94699
1220             60        0.96635
1221             60        0.98586
1222    60     1
28  61   0
1223             61        0.02811
1224             61        0.05245
1225             61        0.07679
1226             61         0.1011
1227             61        0.12502
1228             61        0.14699
1229             61        0.16778
1230             61        0.19064
1231             61        0.21453
1232             61        0.23689
1233             61        0.26027
1234             61        0.28327
1235             61        0.30452
1236             61        0.32436
1237             61        0.34845
1238             61        0.37126
1239             61        0.39424
1240             61        0.41807
1241             61        0.44104
1242             61        0.46514
1243             61        0.48616
1244             61        0.50823
1245             61        0.53171
1246             61        0.55247
1247             61        0.57453
1248             61         0.5974
1249             61        0.62077
1250             61        0.63999
1251             61        0.66324
1252             61        0.68736
1253             61        0.71086
1254             61        0.73072
1255             61        0.75402
1256             61        0.77593
1257             61        0.79907
1258             61        0.82236
1259             61        0.84582
1260             61        0.86899
1261             61        0.89268
1262             61        0.91538
1263             61        0.93736
1264             61        0.95854
1265             61        0.98119
1266    61     1
25  62   0
1267             62        0.25726
1268             62        0.50465
1269             62        0.76902
1270    62     1
1270    63     0
1271             63        0.24391
1272             63        0.49802
1273             63        0.74952
1274    63     1
1274    64     0
1275             64        0.23902
1276             64        0.49999
1277             64        0.76008
1278    64     1
1278    65     0
1279             65        0.19484
1280             65        0.39413
1281             65        0.59506
1282             65        0.79555
1283    65     1
1278    66     0
1284             66        0.36397
1285             66        0.67241
1286    66     1
1274    67     0
1287             67        0.15659
1288             67        0.33247
1289             67        0.50394
1290             67        0.67658
1291             67        0.84762
1292    67     1
1270    68     0
1293             68        0.22977
1294             68        0.42092
1295             68        0.62438
1296             68        0.80172
1297    68     1
12  69   0
1298             69        0.12122
1299             69        0.26577
1300             69         0.4142
1301             69        0.55829
1302             69        0.70319
1303             69         0.8507
1304    69     1
3  1  0
1305              1        0.35931
1306              1        0.71862
1307     1     1
1307     3     0
1308     3     1
1308     4     0
1309              4        0.13165
1310              4         0.2633
1311              4        0.38019
1312              4        0.49776
1313              4        0.62476
1314              4        0.75086
1315              4        0.87409
1316     4     1
1316     5     0
1317              5        0.29403
1318              5        0.64052
1319     5     1
1319     6     0
1320              6        0.15857
1321              6        0.31879
1322              6        0.56972
1323              6        0.79076
1324     6     1
1324     7     0
1325              7        0.21682
1326              7        0.41894
1327              7        0.62125
1328              7        0.82206
1329     7     1
1329     8     0
1330              8         0.0199
1331              8        0.03643
1332              8        0.05213
1333              8        0.06945
1334              8        0.08835
1335              8        0.10783
1336              8        0.12733
1337              8        0.14708
1338              8        0.16652
1339              8        0.18266
1340              8        0.20194
1341              8        0.21877
1342              8        0.23798
1343              8        0.25719
1344              8        0.27596
1345              8        0.29557
1346              8        0.31501
1347              8        0.33349
1348              8        0.35202
1349              8        0.37162
1350              8        0.39018
1351              8        0.40931
1352              8        0.42887
1353              8        0.44594
1354              8          0.464
1355              8        0.48359
1356              8        0.50208
1357              8        0.52075
1358              8        0.53771
1359              8        0.55685
1360              8         0.5754
1361              8        0.59258
1362              8        0.61192
1363              8        0.63147
1364              8        0.64537
1365              8        0.66433
1366              8        0.68113
1367              8        0.70092
1368              8        0.71896
1369              8        0.73646
1370              8         0.7545
1371              8        0.77359
1372              8        0.79263
1373              8        0.81235
1374              8        0.83183
1375              8        0.85135
1376              8        0.86921
1377              8        0.88831
1378              8        0.90793
1379              8        0.92468
1380              8        0.94445
1381              8        0.95474
1382              8        0.96319
1383              8        0.98137
1384     8     1
1329     9     0
1385              9        0.02572
1386              9        0.05259
1387              9        0.07916
1388              9        0.10577
1389              9        0.13174
1390              9        0.15768
1391              9        0.18423
1392              9        0.20809
1393              9        0.23387
1394              9        0.26001
1395              9         0.2871
1396              9        0.31352
1397              9        0.33892
1398              9        0.36599
1399              9        0.39205
1400              9        0.41638
1401              9         0.4436
1402              9        0.47022
1403              9        0.49697
1404              9        0.52366
1405              9        0.54916
1406              9        0.57518
1407              9        0.60228
1408              9        0.62897
1409              9        0.65558
1410              9        0.68277
1411              9        0.70928
1412              9        0.73589
1413              9        0.75888
1414              9        0.78594
1415              9        0.81287
1416              9        0.83968
1417              9        0.86659
1418              9        0.89238
1419              9        0.91913
1420              9        0.94627
1421              9        0.97352
1422     9     1
1324    10     0
1423    10     1
1423    11     0
1424             11        0.01744
1425             11        0.03546
1426             11        0.05374
1427             11        0.07232
1428             11        0.09058
1429             11        0.10891
1430             11        0.12658
1431             11        0.14251
1432             11        0.16086
1433             11        0.17965
1434             11        0.19696
1435             11        0.21605
1436             11        0.23489
1437             11        0.25331
1438             11         0.2713
1439             11        0.28938
1440             11        0.30214
1441             11        0.32072
1442             11        0.33934
1443             11        0.35819
1444             11        0.37485
1445             11        0.38991
1446             11        0.40865
1447             11        0.42735
1448             11        0.44573
1449             11        0.46317
1450             11        0.47758
1451             11        0.49511
1452             11        0.51118
1453             11        0.52963
1454             11        0.54804
1455             11        0.56644
1456             11        0.58443
1457             11        0.60059
1458             11        0.61454
1459             11        0.63143
1460             11        0.65005
1461             11        0.66808
1462             11        0.68639
1463             11        0.70508
1464             11        0.72369
1465             11        0.74227
1466             11        0.75481
1467             11         0.7736
1468             11        0.77683
1469             11          0.795
1470             11        0.81286
1471             11        0.83165
1472             11        0.85061
1473             11        0.86775
1474             11        0.88359
1475             11        0.90117
1476             11        0.91965
1477             11        0.93851
1478             11        0.95665
1479             11        0.97325
1480             11        0.98621
1481    11     1
1423    12     0
1482             12        0.03953
1483             12        0.07896
1484             12        0.12155
1485             12        0.16967
1486             12        0.21586
1487             12        0.26319
1488             12        0.31163
1489             12        0.35815
1490             12         0.4062
1491             12        0.45556
1492             12        0.49945
1493             12        0.54205
1494             12        0.58934
1495             12         0.6238
1496             12        0.67139
1497             12        0.72021
1498             12        0.76664
1499             12         0.8157
1500             12        0.86349
1501             12        0.91252
1502             12        0.96079
1503    12     1
1319    13     0
1504             13        0.03902
1505             13         0.0883
1506             13        0.13996
1507             13        0.19198
1508             13        0.24413
1509             13        0.29602
1510             13        0.34823
1511             13        0.39888
1512             13        0.44829
1513             13        0.50066
1514             13        0.55147
1515             13        0.60314
1516             13        0.64922
1517             13        0.70039
1518             13        0.75198
1519             13        0.80373
1520             13        0.85429
1521             13        0.90393
1522             13        0.95351
1523    13     1
1523    14     0
1524             14        0.02097
1525             14        0.04198
1526             14        0.05834
1527             14        0.07344
1528             14        0.09407
1529             14        0.11425
1530             14        0.13056
1531             14        0.14768
1532             14        0.16804
1533             14        0.18391
1534             14        0.20088
1535             14        0.21553
1536             14        0.23408
1537             14        0.25313
1538             14        0.26808
1539             14        0.28493
1540             14        0.30084
1541             14        0.31843
1542             14        0.33912
1543             14        0.36021
1544             14        0.38083
1545             14        0.40112
1546             14        0.42059
1547             14        0.44099
1548             14        0.46115
1549             14        0.48167
1550             14            0.5
1551             14        0.51869
1552             14        0.53933
1553             14        0.56018
1554             14          0.581
1555             14        0.59963
1556             14        0.61092
1557             14        0.63191
1558             14        0.65263
1559             14        0.67288
1560             14        0.69336
1561             14        0.71437
1562             14        0.73532
1563             14        0.75579
1564             14        0.77666
1565             14        0.79575
1566             14        0.81591
1567             14        0.83481
1568             14        0.85591
1569             14        0.87671
1570             14        0.89737
1571             14        0.91779
1572             14         0.9389
1573             14        0.95825
1574             14          0.979
1575    14     1
1523    15     0
1576             15        0.04054
1577             15        0.07671
1578             15        0.10779
1579             15        0.14306
1580             15        0.18293
1581             15        0.21806
1582             15        0.25907
1583             15        0.29604
1584             15        0.33115
1585             15        0.37373
1586             15        0.41384
1587             15        0.45642
1588             15        0.48476
1589             15        0.52145
1590             15        0.55404
1591             15        0.58582
1592             15        0.62702
1593             15        0.66694
1594             15        0.70717
1595             15        0.74806
1596             15        0.78907
1597             15        0.83099
1598             15        0.87333
1599             15        0.91291
1600             15        0.93526
1601             15        0.97215
1602    15     1
1316    16     0
1603             16        0.04086
1604             16         0.0894
1605             16        0.13904
1606             16        0.18681
1607             16        0.23107
1608             16        0.26776
1609             16        0.31758
1610             16        0.36578
1611             16         0.4152
1612             16         0.4638
1613             16        0.51098
1614             16        0.55904
1615             16        0.60856
1616             16        0.65789
1617             16         0.7072
1618             16        0.75677
1619             16        0.80613
1620             16        0.85622
1621             16          0.906
1622             16         0.9531
1623    16     1
1308     2     0
1624     2     1
1307    17     0
1625             17        0.07733
1626             17        0.14877
1627             17        0.22022
1628             17        0.29166
1629             17        0.36311
1630             17        0.43142
1631             17        0.48636
1632             17        0.55192
1633             17        0.60718
1634             17        0.67068
1635             17        0.74005
1636             17        0.80556
1637             17        0.86865
1638             17        0.93229
1639    17     1
1639    18     0
1640             18        0.06197
1641             18        0.12259
1642             18         0.1855
1643             18        0.24602
1644             18        0.31187
1645             18        0.37735
1646             18        0.44415
1647             18        0.50915
1648             18        0.57556
1649             18        0.63923
1650             18        0.70327
1651             18         0.7683
1652             18        0.82055
1653             18        0.88199
1654             18        0.94565
1655    18     1
1655    19     0
1656             19        0.01794
1657             19        0.03333
1658             19        0.04884
1659             19        0.06577
1660             19        0.08355
1661             19        0.10168
1662             19        0.11833
1663             19        0.13696
1664             19        0.15385
1665             19        0.17077
1666             19        0.18887
1667             19        0.20261
1668             19        0.22079
1669             19        0.23348
1670             19        0.25038
1671             19        0.26497
1672             19        0.28333
1673             19         0.3017
1674             19        0.31603
1675             19        0.33434
1676             19         0.3524
1677             19        0.37008
1678             19        0.38799
1679             19        0.40606
1680             19        0.42326
1681             19        0.43856
1682             19        0.45456
1683             19        0.47045
1684             19        0.48797
1685             19        0.50598
1686             19        0.52414
1687             19        0.54175
1688             19        0.55907
1689             19        0.57704
1690             19        0.59559
1691             19        0.61316
1692             19        0.63133
1693             19        0.64929
1694             19        0.66692
1695             19        0.67943
1696             19        0.68628
1697             19        0.70451
1698             19        0.72276
1699             19        0.74099
1700             19        0.75878
1701             19        0.77658
1702             19        0.79415
1703             19        0.81186
1704             19        0.82902
1705             19        0.84727
1706             19        0.86259
1707             19         0.8789
1708             19        0.88936
1709             19        0.90355
1710             19        0.92133
1711             19        0.93863
1712             19        0.95274
1713             19        0.96659
1714             19        0.98266
1715    19     1
1655    20     0
1716             20        0.02776
1717             20        0.05549
1718             20         0.0831
1719             20        0.11127
1720             20        0.13763
1721             20        0.16192
1722             20        0.18757
1723             20        0.21159
1724             20        0.23946
1725             20        0.26638
1726             20        0.29175
1727             20        0.31862
1728             20        0.34493
1729             20        0.37305
1730             20        0.40018
1731             20        0.42418
1732             20        0.45197
1733             20        0.47979
1734             20        0.50808
1735             20        0.53629
1736             20        0.56051
1737             20        0.58761
1738             20        0.61394
1739             20        0.64147
1740             20        0.67012
1741             20        0.69707
1742             20        0.72084
1743             20        0.74818
1744             20        0.77422
1745             20        0.80027
1746             20        0.82494
1747             20        0.85326
1748             20        0.88185
1749             20        0.89838
1750             20        0.92303
1751             20         0.9516
1752             20        0.97821
1753    20     1
1639    21     0
1754             21        0.12413
1755             21         0.2493
1756             21        0.37319
1757             21        0.49988
1758             21        0.62347
1759             21        0.75447
1760             21        0.88067
1761    21     1
1761    22     0
1762             22        0.02139
1763             22         0.0399
1764             22        0.05952
1765             22        0.07926
1766             22        0.09945
1767             22         0.1189
1768             22        0.13799
1769             22        0.15792
1770             22        0.17799
1771             22        0.19814
1772             22        0.21737
1773             22        0.23733
1774             22        0.25717
1775             22        0.27657
1776             22        0.29592
1777             22        0.31556
1778             22        0.33604
1779             22        0.35573
1780             22        0.37533
1781             22        0.39574
1782             22        0.41528
1783             22        0.43516
1784             22        0.45463
1785             22        0.47457
1786             22        0.49263
1787             22         0.5127
1788             22        0.53258
1789             22        0.55277
1790             22         0.5723
1791             22        0.59151
1792             22        0.61178
1793             22        0.63123
1794             22        0.65044
1795             22        0.67081
1796             22        0.69065
1797             22        0.70971
1798             22        0.72797
1799             22        0.74627
1800             22        0.76593
1801             22        0.78493
1802             22        0.80387
1803             22        0.82303
1804             22        0.84215
1805             22        0.86216
1806             22        0.88171
1807             22        0.90152
1808             22        0.92175
1809             22        0.94192
1810             22        0.96064
1811             22        0.97994
1812    22     1
1761    23     0
1813             23        0.04472
1814             23        0.08377
1815             23        0.12431
1816             23         0.1642
1817             23        0.20027
1818             23        0.23987
1819             23        0.27912
1820             23        0.30985
1821             23        0.34493
1822             23        0.38279
1823             23        0.40053
1824             23        0.44044
1825             23        0.47707
1826             23        0.51695
1827             23        0.55533
1828             23        0.59289
1829             23        0.63169
1830             23        0.67086
1831             23        0.71076
1832             23         0.7498
1833             23        0.78975
1834             23        0.82164
1835             23        0.85752
1836             23        0.88896
1837             23        0.92567
1838             23        0.96544
1839    23     1
1307    24     0
1840             24        0.11639
1841             24        0.24415
1842             24         0.3719
1843             24        0.49924
1844             24          0.627
1845             24        0.74762
1846             24        0.87353
1847    24     1
1847    96     0
1848             96        0.16868
1849             96        0.33847
1850             96        0.50956
1851             96        0.65689
1852             96        0.82681
1853    96     1
1853    25     0
1854             25        0.15513
1855             25        0.31236
1856             25        0.48417
1857             25        0.66347
1858             25        0.79996
1859             25        0.92715
1860    25     1
1860    97     0
1861             97        0.11162
1862             97        0.22072
1863             97         0.3294
1864             97        0.44501
1865             97        0.55925
1866             97        0.66332
1867             97         0.7692
1868             97         0.8827
1869    97     1
1307    26     0
1870             26        0.15769
1871             26        0.28065
1872             26        0.40362
1873             26        0.51748
1874             26        0.64032
1875             26        0.76277
1876             26        0.88497
1877    26     1
