0  0  0
1           0       3e-05
2           0     0.60283
3  0  1
3  18   0
4           18      0.06679
5           18      0.12051
6           18      0.17424
7           18      0.22533
8           18      0.27804
9           18      0.33097
10           18      0.38333
11           18      0.43268
12           18       0.4818
13           18      0.53523
14           18      0.58779
15           18      0.64142
16           18      0.69507
17           18      0.74729
18           18       0.7985
19           18      0.85175
20           18      0.90379
21           18      0.95671
22  18   1
22  47   0
23           47      0.17494
24           47      0.38705
25           47       0.5994
26           47      0.81103
27  47   1
27  48   0
28  48   1
28  49   0
29  49   1
29  50   0
30           50      0.19098
31           50      0.44854
32           50      0.72476
33  50   1
33  51   0
34  51   1
34  52   0
35           52      0.23582
36           52      0.50225
37           52      0.75908
38  52   1
38  53   0
39           53      0.48487
40  53   1
40  54   0
41           54      0.29927
42           54      0.69045
43  54   1
43  55   0
44           55      0.44561
45  55   1
45  56   0
46           56      0.17078
47           56      0.38136
48           56       0.5884
49           56       0.7995
50  56   1
50  57   0
51           57      0.33859
52           57      0.69642
53  57   1
53  58   0
54  58   1
54  59   0
55           59      0.06676
56           59      0.13649
57           59      0.20573
58           59      0.27176
59           59      0.33691
60           59       0.4066
61           59      0.47506
62           59      0.54318
63           59      0.61179
64           59      0.68115
65           59      0.75103
66           59      0.81537
67           59      0.86805
68           59      0.93736
69  59   1
69  60   0
70           60      0.17119
71           60      0.33629
72           60      0.50017
73           60      0.66771
74           60      0.83563
75  60   1
75  61   0
76           61      0.05214
77           61      0.11597
78           61      0.17992
79           61      0.24392
80           61      0.30742
81           61      0.37095
82           61      0.43382
83           61      0.49764
84           61      0.56174
85           61      0.62611
86           61      0.69036
87           61      0.75432
88           61      0.81873
89           61      0.88292
90           61      0.94428
91  61   1
91  62   0
92           62      0.25964
93           62      0.49872
94           62      0.75268
95  62   1
95  19   0
96           19      0.13643
97           19      0.28222
98           19      0.42548
99           19      0.57308
100            19       0.71712
101            19       0.86299
102   19    1
102   20    0
103            20       0.04967
104            20       0.11283
105            20       0.17498
106            20       0.23633
107            20       0.30025
108            20       0.36071
109            20       0.42502
110            20       0.48925
111            20       0.55222
112            20        0.6174
113            20       0.68249
114            20       0.74535
115            20       0.80729
116            20       0.87205
117            20       0.93642
118   20    1
118   63    0
119            63        0.0406
120            63       0.08122
121            63       0.12375
122            63       0.16644
123            63       0.20959
124            63        0.2509
125            63       0.29355
126            63       0.33641
127            63        0.3788
128            63       0.42217
129            63       0.46531
130            63       0.50642
131            63       0.54689
132            63       0.58881
133            63        0.6285
134            63       0.66977
135            63       0.71126
136            63       0.75335
137            63       0.79442
138            63         0.837
139            63       0.87709
140            63       0.91948
141            63       0.96138
142   63    1
142   64    0
143            64       0.07355
144            64       0.15229
145            64       0.23145
146            64       0.30893
147            64       0.38592
148            64       0.46364
149            64       0.54226
150            64       0.61692
151            64       0.69573
152            64         0.772
153            64       0.84815
154            64       0.92615
155   64    1
142   65    0
156            65       0.25645
157            65       0.49121
158            65       0.74529
159   65    1
102   21    0
160            21       0.05783
161            21       0.11423
162            21       0.16968
163            21       0.22209
164            21       0.27797
165            21        0.3335
166            21       0.38937
167            21       0.44496
168            21       0.50133
169            21       0.55869
170            21       0.61305
171            21       0.66964
172            21       0.72615
173            21       0.77981
174            21       0.83664
175            21       0.89224
176            21       0.94746
177   21    1
177   66    0
178            66       0.04809
179            66       0.09689
180            66       0.14599
181            66       0.19375
182            66       0.24176
183            66        0.2904
184            66       0.33779
185            66       0.38546
186            66       0.43208
187            66        0.4798
188            66       0.52734
189            66       0.57496
190            66       0.62172
191            66       0.67025
192            66       0.71747
193            66       0.76562
194            66       0.81167
195            66       0.85949
196            66       0.90561
197            66       0.95401
198   66    1
91  22   0
199            22       0.04039
200            22       0.07952
201            22       0.11723
202            22       0.15563
203            22       0.19457
204            22       0.23326
205            22       0.27064
206            22       0.30764
207            22       0.34646
208            22       0.38539
209            22       0.42499
210            22       0.46385
211            22       0.50313
212            22       0.54294
213            22       0.58172
214            22       0.61912
215            22       0.65779
216            22       0.69722
217            22       0.73586
218            22       0.77467
219            22       0.81204
220            22       0.84663
221            22       0.88446
222            22         0.924
223            22       0.96152
224   22    1
224   67    0
225            67       0.05529
226            67       0.10721
227            67       0.15912
228            67       0.21605
229            67        0.2738
230            67       0.33144
231            67       0.38598
232            67        0.4435
233            67        0.4991
234            67       0.55591
235            67       0.61056
236            67       0.66759
237            67       0.72336
238            67       0.77973
239            67       0.83646
240            67       0.88938
241            67       0.94417
242   67    1
75  68   0
243            68       0.06041
244            68       0.12529
245            68       0.18821
246            68       0.25154
247            68       0.31547
248            68       0.38017
249            68       0.44529
250            68       0.50734
251            68       0.57138
252            68       0.63289
253            68       0.69623
254            68        0.7598
255            68        0.8241
256            68       0.88885
257            68       0.95383
258   68    1
258   69    0
259            69        0.2653
260            69        0.5117
261            69       0.75519
262   69    1
262   23    0
263            23       0.06482
264            23       0.12733
265            23        0.1898
266            23       0.25323
267            23       0.31752
268            23        0.3805
269            23       0.44509
270            23       0.50888
271            23       0.57189
272            23       0.63468
273            23        0.6986
274            23       0.76314
275            23       0.82594
276            23       0.88868
277            23       0.94764
278   23    1
278   24    0
279            24       0.13007
280            24       0.25712
281            24       0.38284
282            24       0.50987
283            24       0.63424
284            24       0.75847
285            24       0.87771
286   24    1
286   70    0
287            70       0.19891
288            70       0.39863
289            70       0.60281
290            70       0.80273
291   70    1
291   71    0
292            71       0.07229
293            71        0.1365
294            71       0.20398
295            71       0.27049
296            71       0.33822
297            71       0.40426
298            71        0.4698
299            71       0.53525
300            71       0.59932
301            71        0.6645
302            71       0.73157
303            71       0.79734
304            71       0.86591
305            71       0.93102
306   71    1
291   72    0
307            72       0.11272
308            72       0.22708
309            72       0.33666
310            72       0.44575
311            72       0.55879
312            72       0.66363
313            72       0.77401
314            72       0.88571
315   72    1
278   25    0
316            25       0.13456
317            25       0.25954
318            25        0.3777
319            25        0.5035
320            25       0.63117
321            25         0.755
322            25       0.87549
323   25    1
323   73    0
324            73       0.05948
325            73       0.11966
326            73       0.17829
327            73       0.23826
328            73       0.29893
329            73       0.35994
330            73       0.41646
331            73         0.475
332            73       0.53257
333            73       0.59403
334            73       0.65258
335            73       0.71201
336            73       0.77083
337            73       0.82826
338            73       0.88645
339            73       0.94172
340   73    1
258   26    0
341            26       0.03028
342            26       0.06073
343            26       0.09189
344            26       0.12233
345            26       0.15327
346            26       0.18494
347            26       0.21699
348            26       0.24835
349            26       0.27951
350            26       0.30957
351            26       0.34111
352            26        0.3723
353            26       0.40403
354            26       0.43533
355            26        0.4665
356            26       0.49679
357            26       0.52797
358            26       0.55989
359            26       0.59027
360            26       0.62159
361            26       0.65189
362            26       0.68335
363            26        0.7151
364            26        0.7473
365            26       0.77862
366            26        0.8099
367            26       0.84141
368            26       0.87239
369            26       0.90427
370            26       0.93584
371            26       0.96803
372   26    1
372   74    0
373            74       0.07389
374            74       0.14659
375            74       0.21728
376            74         0.287
377            74        0.3592
378            74       0.43191
379            74       0.50479
380            74       0.57628
381            74       0.64906
382            74       0.72046
383            74       0.79075
384            74       0.86066
385            74       0.93125
386   74    1
69  27   0
387            27       0.02084
388            27       0.03953
389            27       0.06015
390            27       0.08176
391            27       0.10301
392            27       0.12314
393            27       0.14455
394            27       0.16476
395            27       0.18522
396            27       0.20667
397            27       0.22775
398            27       0.24889
399            27       0.26946
400            27       0.28948
401            27        0.3109
402            27       0.33115
403            27        0.3522
404            27       0.37362
405            27       0.39501
406            27       0.41647
407            27       0.43742
408            27       0.45851
409            27       0.47997
410            27       0.50061
411            27       0.52107
412            27       0.54174
413            27       0.56226
414            27       0.58342
415            27       0.60469
416            27       0.62581
417            27       0.64723
418            27        0.6686
419            27       0.68948
420            27       0.71047
421            27       0.73074
422            27       0.75172
423            27       0.77219
424            27       0.79334
425            27       0.81447
426            27       0.83545
427            27       0.85595
428            27       0.87736
429            27       0.89611
430            27       0.91729
431            27       0.93773
432            27       0.95876
433            27       0.97926
434   27    1
434   75    0
435            75       0.14264
436            75       0.28684
437            75       0.43009
438            75       0.57183
439            75        0.7182
440            75       0.85141
441   75    1
54  28   0
442            28       0.01651
443            28       0.03403
444            28        0.0514
445            28       0.06915
446            28       0.08693
447            28       0.10474
448            28       0.12253
449            28       0.14025
450            28       0.15659
451            28       0.17447
452            28       0.19197
453            28       0.20965
454            28       0.22713
455            28       0.24471
456            28       0.26191
457            28       0.27914
458            28         0.297
459            28       0.31362
460            28        0.3311
461            28       0.34842
462            28       0.36531
463            28       0.38241
464            28        0.3992
465            28       0.41622
466            28       0.43383
467            28       0.45148
468            28       0.46909
469            28       0.48586
470            28       0.50336
471            28       0.52032
472            28       0.53783
473            28        0.5552
474            28       0.57223
475            28       0.58967
476            28       0.60585
477            28       0.62282
478            28       0.63936
479            28       0.65631
480            28       0.67214
481            28        0.6891
482            28       0.70669
483            28       0.72424
484            28       0.74195
485            28       0.75936
486            28       0.77693
487            28       0.79428
488            28       0.81218
489            28       0.82881
490            28       0.84621
491            28       0.86393
492            28        0.8806
493            28       0.89701
494            28       0.91421
495            28       0.93094
496            28       0.94811
497            28       0.96461
498            28       0.98225
499   28    1
499   76    0
500   76    1
53  29   0
501            29       0.01844
502            29        0.0347
503            29       0.05036
504            29       0.06626
505            29       0.08152
506            29       0.09766
507            29       0.11377
508            29       0.13007
509            29       0.14596
510            29       0.16215
511            29       0.17828
512            29       0.19431
513            29       0.21003
514            29       0.22615
515            29       0.24078
516            29       0.25697
517            29        0.2732
518            29       0.28858
519            29       0.30473
520            29       0.32051
521            29       0.33601
522            29       0.35216
523            29       0.36809
524            29       0.38436
525            29       0.39984
526            29       0.41564
527            29       0.43168
528            29       0.44781
529            29       0.46358
530            29       0.47988
531            29       0.49619
532            29       0.51209
533            29       0.52778
534            29       0.54411
535            29       0.55916
536            29       0.57454
537            29       0.58959
538            29       0.60562
539            29       0.62151
540            29       0.63771
541            29       0.65385
542            29       0.66869
543            29       0.68421
544            29       0.69918
545            29       0.71519
546            29       0.73146
547            29        0.7477
548            29       0.76335
549            29       0.77928
550            29       0.79481
551            29       0.81074
552            29       0.82598
553            29       0.84172
554            29       0.85688
555            29       0.87221
556            29        0.8877
557            29       0.90343
558            29       0.91928
559            29        0.9356
560            29       0.95171
561            29       0.96783
562            29       0.98396
563   29    1
50  30   0
564            30        0.0723
565            30       0.13849
566            30        0.2074
567            30        0.2813
568            30       0.35481
569            30       0.42683
570            30       0.49694
571            30       0.56835
572            30       0.64028
573            30       0.71236
574            30       0.78429
575            30       0.85706
576            30       0.93031
577   30    1
45  31   0
578            31       0.01809
579            31       0.03535
580            31       0.05324
581            31       0.07058
582            31       0.08781
583            31       0.10566
584            31       0.12344
585            31       0.14136
586            31       0.15872
587            31       0.17467
588            31        0.1912
589            31       0.20909
590            31       0.22685
591            31       0.24408
592            31       0.26191
593            31       0.27833
594            31       0.29529
595            31       0.31295
596            31       0.33085
597            31       0.34796
598            31       0.36505
599            31       0.38257
600            31       0.39999
601            31       0.41791
602            31       0.43539
603            31       0.45331
604            31       0.47112
605            31       0.48867
606            31       0.50625
607            31        0.5242
608            31       0.54155
609            31       0.55943
610            31       0.57664
611            31         0.594
612            31       0.61166
613            31         0.629
614            31       0.64636
615            31       0.66438
616            31       0.68251
617            31       0.70011
618            31       0.71807
619            31       0.73569
620            31        0.7531
621            31       0.77105
622            31       0.78873
623            31       0.80669
624            31       0.82419
625            31       0.84207
626            31        0.8601
627            31       0.87775
628            31       0.89551
629            31       0.91282
630            31        0.9306
631            31       0.94781
632            31       0.96555
633            31       0.98314
634   31    1
43  32   0
635            32       0.12981
636            32       0.25684
637            32       0.38257
638            32       0.50914
639            32       0.63582
640            32       0.75272
641            32       0.87897
642   32    1
642   33    0
643            33       0.02564
644            33       0.04968
645            33       0.07458
646            33       0.09952
647            33       0.12437
648            33       0.14829
649            33        0.1729
650            33       0.19667
651            33       0.22101
652            33       0.24544
653            33       0.27022
654            33       0.29431
655            33       0.31968
656            33       0.34395
657            33       0.36805
658            33       0.39325
659            33       0.41813
660            33       0.44296
661            33       0.46821
662            33       0.49104
663            33       0.51596
664            33       0.53884
665            33       0.56331
666            33       0.58805
667            33       0.61291
668            33       0.63738
669            33       0.66123
670            33       0.68638
671            33       0.71119
672            33       0.73624
673            33       0.76035
674            33       0.78543
675            33       0.81034
676            33       0.83534
677            33       0.86009
678            33       0.88305
679            33       0.90727
680            33       0.93173
681            33       0.95332
682            33       0.97747
683   33    1
642   34    0
684            34       0.02607
685            34       0.05135
686            34       0.07717
687            34       0.10255
688            34       0.12764
689            34        0.1532
690            34       0.17597
691            34       0.20173
692            34       0.22447
693            34       0.25006
694            34       0.27476
695            34       0.30007
696            34       0.32577
697            34       0.35106
698            34       0.37396
699            34        0.3995
700            34       0.42466
701            34       0.44998
702            34       0.47503
703            34       0.50086
704            34       0.52604
705            34       0.55045
706            34       0.57605
707            34       0.60126
708            34       0.62725
709            34       0.65192
710            34       0.67745
711            34       0.70138
712            34       0.72555
713            34       0.75076
714            34        0.7761
715            34       0.80005
716            34        0.8255
717            34       0.85095
718            34       0.87551
719            34       0.90072
720            34       0.92552
721            34       0.95114
722            34       0.97681
723   34    1
40  35   0
724            35       0.01891
725            35       0.04653
726            35       0.07274
727            35       0.09901
728            35       0.12606
729            35       0.15342
730            35       0.17966
731            35       0.20633
732            35       0.23344
733            35       0.26042
734            35       0.28734
735            35       0.31417
736            35       0.34016
737            35       0.36641
738            35       0.39333
739            35       0.42065
740            35       0.44712
741            35        0.4727
742            35       0.49911
743            35       0.52578
744            35       0.55157
745            35        0.5791
746            35       0.60638
747            35       0.63239
748            35       0.65792
749            35       0.68334
750            35       0.70994
751            35       0.73484
752            35       0.76188
753            35       0.78808
754            35       0.81468
755            35       0.84125
756            35       0.86831
757            35       0.89571
758            35        0.9222
759            35       0.94838
760            35       0.97394
761   35    1
38  36   0
762            36       0.01694
763            36       0.03729
764            36       0.05759
765            36       0.07706
766            36        0.0968
767            36       0.11686
768            36       0.13688
769            36       0.15714
770            36       0.17712
771            36       0.19571
772            36       0.21491
773            36       0.23475
774            36        0.2549
775            36       0.27529
776            36       0.29448
777            36       0.31447
778            36       0.33446
779            36       0.35488
780            36       0.37528
781            36       0.39484
782            36       0.41487
783            36       0.43451
784            36        0.4539
785            36       0.47355
786            36       0.49302
787            36       0.51205
788            36       0.53174
789            36       0.55153
790            36        0.5714
791            36       0.59104
792            36       0.61127
793            36       0.63158
794            36       0.65153
795            36       0.67082
796            36       0.69047
797            36       0.71001
798            36       0.72935
799            36       0.74941
800            36       0.76875
801            36       0.78823
802            36       0.80777
803            36       0.82765
804            36       0.84778
805            36       0.86755
806            36       0.88765
807            36       0.90793
808            36       0.92663
809            36       0.94347
810            36       0.96359
811            36       0.98177
812   36    1
34  37   0
813            37       0.11167
814            37       0.24197
815            37       0.36988
816            37        0.4897
817            37       0.61286
818            37       0.74283
819            37       0.87058
820   37    1
820   38    0
821            38       0.02426
822            38       0.04777
823            38       0.07013
824            38       0.09315
825            38       0.11701
826            38       0.14048
827            38       0.16414
828            38       0.18855
829            38       0.21267
830            38       0.23669
831            38       0.26113
832            38       0.28567
833            38       0.31007
834            38       0.33356
835            38       0.35802
836            38       0.38203
837            38       0.40463
838            38       0.42887
839            38       0.45265
840            38       0.47644
841            38       0.50009
842            38       0.52409
843            38       0.54805
844            38       0.57099
845            38       0.59398
846            38       0.61834
847            38       0.64241
848            38       0.66665
849            38       0.69122
850            38       0.71559
851            38       0.73948
852            38       0.76367
853            38       0.78667
854            38       0.81109
855            38       0.83555
856            38       0.85899
857            38       0.88263
858            38       0.90709
859            38       0.92918
860            38       0.95269
861            38       0.97566
862   38    1
820   39    0
863            39       0.02183
864            39       0.04603
865            39       0.07042
866            39       0.09429
867            39       0.11843
868            39       0.14368
869            39       0.16883
870            39       0.19338
871            39       0.21851
872            39       0.24359
873            39       0.26872
874            39       0.29195
875            39       0.31526
876            39        0.3394
877            39       0.36394
878            39       0.38912
879            39       0.41412
880            39       0.43931
881            39       0.46433
882            39       0.48901
883            39       0.51386
884            39       0.53829
885            39        0.5617
886            39       0.58565
887            39        0.6088
888            39       0.63333
889            39       0.65836
890            39       0.68274
891            39       0.70696
892            39       0.73152
893            39       0.75607
894            39       0.78039
895            39       0.80535
896            39       0.83062
897            39       0.85582
898            39        0.8807
899            39       0.90564
900            39        0.9305
901            39       0.95384
902            39       0.97832
903   39    1
33  40   0
904            40       0.02753
905            40       0.06095
906            40       0.09315
907            40       0.12567
908            40        0.1578
909            40        0.1904
910            40       0.22367
911            40       0.25617
912            40        0.2885
913            40       0.32026
914            40       0.35164
915            40       0.38426
916            40       0.41605
917            40       0.44824
918            40        0.4799
919            40       0.51328
920            40       0.54485
921            40        0.5781
922            40       0.61171
923            40       0.64482
924            40       0.67671
925            40       0.70736
926            40       0.74015
927            40       0.77282
928            40       0.80531
929            40       0.83875
930            40        0.8723
931            40       0.90487
932            40        0.9381
933            40       0.97014
934   40    1
29  41   0
935            41       0.01919
936            41       0.03839
937            41       0.05804
938            41        0.0775
939            41       0.09708
940            41       0.11679
941            41       0.13663
942            41       0.15646
943            41       0.17574
944            41       0.19541
945            41       0.21487
946            41       0.23435
947            41       0.25369
948            41       0.27318
949            41       0.29281
950            41       0.31255
951            41       0.33159
952            41       0.35122
953            41       0.37067
954            41       0.38964
955            41       0.40898
956            41       0.42883
957            41       0.44811
958            41       0.46721
959            41       0.48621
960            41       0.50565
961            41       0.52519
962            41       0.54463
963            41       0.56372
964            41       0.58111
965            41       0.59755
966            41        0.6159
967            41       0.63441
968            41       0.65342
969            41       0.67312
970            41        0.6918
971            41       0.71116
972            41       0.73084
973            41       0.75015
974            41       0.76905
975            41       0.78852
976            41       0.80759
977            41       0.82597
978            41        0.8457
979            41       0.86555
980            41       0.88507
981            41       0.90384
982            41       0.92306
983            41       0.94246
984            41        0.9621
985            41       0.98175
986   41    1
28  42   0
987            42        0.0186
988            42       0.03787
989            42       0.05691
990            42       0.07617
991            42       0.09549
992            42        0.1144
993            42       0.13382
994            42       0.15262
995            42       0.17023
996            42       0.18945
997            42       0.20833
998            42       0.22713
999            42       0.24641
1000             42        0.26564
1001             42          0.285
1002             42        0.30339
1003             42        0.32198
1004             42        0.34122
1005             42         0.3595
1006             42        0.37796
1007             42        0.39734
1008             42         0.4165
1009             42        0.43378
1010             42         0.4524
1011             42        0.47128
1012             42        0.49036
1013             42        0.50969
1014             42        0.52817
1015             42        0.54723
1016             42        0.56661
1017             42        0.58594
1018             42        0.60481
1019             42        0.62318
1020             42        0.64252
1021             42        0.66142
1022             42         0.6806
1023             42        0.69948
1024             42         0.7187
1025             42        0.73733
1026             42        0.75565
1027             42        0.77465
1028             42        0.79334
1029             42        0.81185
1030             42        0.83096
1031             42        0.84963
1032             42        0.86807
1033             42         0.8871
1034             42        0.90603
1035             42         0.9252
1036             42        0.94415
1037             42        0.96276
1038             42        0.98189
1039    42     1
27  43   0
1040             43         0.0162
1041             43          0.034
1042             43        0.05149
1043             43        0.06819
1044             43        0.08593
1045             43        0.10295
1046             43           0.12
1047             43        0.13586
1048             43        0.15358
1049             43        0.16836
1050             43        0.18411
1051             43        0.20215
1052             43           0.22
1053             43        0.23734
1054             43        0.25476
1055             43        0.27222
1056             43        0.28917
1057             43        0.30701
1058             43        0.32484
1059             43         0.3425
1060             43         0.3594
1061             43         0.3758
1062             43        0.39331
1063             43        0.41114
1064             43        0.42887
1065             43        0.44629
1066             43        0.46395
1067             43        0.48137
1068             43        0.49897
1069             43        0.51653
1070             43        0.53409
1071             43        0.55191
1072             43        0.56922
1073             43        0.58691
1074             43        0.60439
1075             43        0.62077
1076             43         0.6378
1077             43        0.65508
1078             43        0.67283
1079             43        0.69057
1080             43        0.70836
1081             43         0.7253
1082             43        0.74181
1083             43        0.75818
1084             43        0.77455
1085             43        0.79171
1086             43         0.8089
1087             43        0.82577
1088             43        0.84369
1089             43        0.86096
1090             43        0.87891
1091             43        0.89623
1092             43         0.9138
1093             43        0.93161
1094             43        0.94777
1095             43        0.96448
1096             43        0.98214
1097    43     1
22  44   0
1098             44        0.39515
1099    44     1
1099    45     0
1100             45        0.07541
1101             45        0.14315
1102             45        0.20976
1103             45        0.27882
1104             45        0.35013
1105             45        0.42343
1106             45        0.49299
1107             45         0.5664
1108             45        0.63635
1109             45        0.70158
1110             45        0.76862
1111             45        0.83742
1112             45        0.91937
1113    45     1
1099    46     0
1114             46        0.08856
1115             46        0.16888
1116             46        0.24957
1117             46        0.33354
1118             46          0.423
1119             46        0.50088
1120             46        0.58819
1121             46        0.67947
1122             46        0.77154
1123             46        0.86314
1124             46        0.94047
1125    46     1
3  2  0
1126              2        0.07763
1127              2        0.13379
1128              2         0.1846
1129              2        0.23916
1130              2        0.29326
1131              2        0.34892
1132              2        0.40506
1133              2        0.46029
1134              2         0.5125
1135              2        0.56342
1136              2        0.61894
1137              2        0.67103
1138              2        0.72666
1139              2        0.78162
1140              2        0.83723
1141              2        0.89338
1142              2        0.94654
1143     2     1
1143    77     0
1144             77        0.12547
1145             77        0.24994
1146             77        0.37617
1147             77        0.49907
1148             77        0.62479
1149             77        0.74935
1150             77        0.87477
1151    77     1
1151    78     0
1152             78        0.04641
1153             78        0.09279
1154             78        0.13758
1155             78        0.18404
1156             78        0.23041
1157             78        0.27507
1158             78        0.32022
1159             78        0.36575
1160             78         0.4122
1161             78         0.4578
1162             78        0.50367
1163             78        0.54751
1164             78        0.59327
1165             78        0.63483
1166             78        0.68096
1167             78        0.72532
1168             78        0.77159
1169             78        0.81666
1170             78        0.86262
1171             78        0.90883
1172             78        0.95423
1173    78     1
1173    79     0
1174             79        0.05129
1175             79         0.1032
1176             79        0.15418
1177             79         0.2066
1178             79        0.25629
1179             79        0.30692
1180             79        0.35924
1181             79        0.41164
1182             79        0.46249
1183             79        0.51446
1184             79        0.56461
1185             79        0.61398
1186             79         0.6625
1187             79         0.7125
1188             79        0.76415
1189             79        0.81609
1190             79        0.86796
1191             79        0.91875
1192             79        0.97145
1193    79     1
1193    80     0
1194             80        0.56803
1195    80     1
1195    81     0
1196             81        0.01636
1197             81        0.03353
1198             81        0.05065
1199             81        0.06809
1200             81        0.08559
1201             81        0.10327
1202             81        0.12064
1203             81        0.13835
1204             81        0.15594
1205             81         0.1737
1206             81        0.19125
1207             81        0.20877
1208             81         0.2263
1209             81        0.24403
1210             81        0.26179
1211             81        0.27911
1212             81        0.29685
1213             81        0.31458
1214             81        0.33223
1215             81        0.34997
1216             81        0.36758
1217             81        0.38536
1218             81        0.40302
1219             81        0.42043
1220             81        0.43787
1221             81        0.45565
1222             81        0.47331
1223             81        0.49092
1224             81        0.50763
1225             81        0.52541
1226             81         0.5432
1227             81        0.56079
1228             81        0.57846
1229             81        0.59618
1230             81        0.61379
1231             81        0.63156
1232             81        0.64928
1233             81        0.66699
1234             81        0.68476
1235             81        0.70247
1236             81        0.72008
1237             81        0.73785
1238             81        0.75554
1239             81        0.77331
1240             81        0.79103
1241             81        0.80875
1242             81        0.82649
1243             81        0.84424
1244             81        0.86181
1245             81        0.87953
1246             81        0.89725
1247             81        0.91498
1248             81        0.93217
1249             81        0.94945
1250             81        0.96723
1251             81          0.985
1252    81     1
1195    82     0
1253             82        0.03519
1254             82        0.07012
1255             82        0.10616
1256             82        0.14049
1257             82        0.17533
1258             82        0.21022
1259             82        0.24566
1260             82         0.2813
1261             82        0.31729
1262             82        0.35353
1263             82         0.3896
1264             82        0.42591
1265             82        0.46113
1266             82        0.49726
1267             82        0.53356
1268             82        0.56948
1269             82        0.60532
1270             82        0.64135
1271             82        0.67738
1272             82        0.71328
1273             82        0.74948
1274             82        0.78568
1275             82        0.82198
1276             82        0.85785
1277             82        0.89374
1278             82        0.92978
1279             82        0.96614
1280    82     1
1193    83     0
1281             83        0.06409
1282             83        0.11525
1283             83        0.16489
1284             83        0.21548
1285             83        0.26641
1286             83        0.31537
1287             83        0.36529
1288             83        0.41492
1289             83        0.46526
1290             83        0.51311
1291             83        0.56324
1292             83        0.61271
1293             83        0.66229
1294             83        0.71063
1295             83        0.75947
1296             83         0.8066
1297             83        0.85366
1298             83        0.90381
1299             83         0.9521
1300    83     1
1173    84     0
1301             84        0.02368
1302             84        0.04957
1303             84        0.07549
1304             84        0.10145
1305             84        0.12736
1306             84        0.15391
1307             84         0.1805
1308             84        0.20679
1309             84        0.23223
1310             84        0.25861
1311             84         0.2844
1312             84        0.31013
1313             84        0.33638
1314             84        0.36247
1315             84        0.38926
1316             84        0.41605
1317             84        0.44277
1318             84        0.46951
1319             84        0.49565
1320             84        0.52177
1321             84         0.5484
1322             84        0.57506
1323             84        0.60144
1324             84        0.62809
1325             84        0.65473
1326             84        0.68149
1327             84        0.70758
1328             84        0.73402
1329             84        0.76067
1330             84        0.78752
1331             84        0.81429
1332             84        0.84051
1333             84        0.86731
1334             84        0.89408
1335             84        0.91987
1336             84        0.94639
1337             84        0.97315
1338    84     1
1151    85     0
1339             85        0.00956
1340             85        0.02124
1341             85        0.03465
1342             85        0.04783
1343             85        0.06096
1344             85        0.07448
1345             85        0.08779
1346             85        0.10111
1347             85        0.11466
1348             85        0.12772
1349             85        0.13998
1350             85         0.1537
1351             85        0.16743
1352             85         0.1805
1353             85        0.19215
1354             85        0.20491
1355             85        0.21864
1356             85        0.23229
1357             85          0.246
1358             85        0.25969
1359             85        0.27342
1360             85        0.28506
1361             85        0.29871
1362             85        0.31174
1363             85        0.32535
1364             85        0.33917
1365             85        0.35162
1366             85        0.36508
1367             85         0.3789
1368             85        0.39273
1369             85        0.40657
1370             85        0.42041
1371             85        0.43426
1372             85        0.44775
1373             85         0.4613
1374             85        0.47424
1375             85        0.48763
1376             85        0.50089
1377             85        0.51456
1378             85         0.5278
1379             85        0.54156
1380             85        0.55538
1381             85        0.56907
1382             85        0.58196
1383             85        0.59538
1384             85          0.609
1385             85        0.62214
1386             85        0.63461
1387             85        0.64713
1388             85        0.66078
1389             85        0.67407
1390             85        0.68763
1391             85        0.70116
1392             85        0.71424
1393             85        0.72762
1394             85        0.74122
1395             85        0.75447
1396             85        0.76821
1397             85        0.78121
1398             85        0.79397
1399             85         0.8077
1400             85        0.82153
1401             85        0.83499
1402             85        0.84881
1403             85         0.8619
1404             85        0.87372
1405             85        0.88607
1406             85        0.89909
1407             85        0.91235
1408             85        0.92403
1409             85        0.93738
1410             85        0.95128
1411             85        0.96423
1412             85        0.97764
1413             85        0.99017
1414    85     1
3  3  0
1415              3        0.10998
1416              3        0.24264
1417              3         0.3753
1418              3        0.49953
1419              3        0.62254
1420              3        0.75459
1421              3        0.88654
1422     3     1
1422     4     0
1423              4        0.16891
1424              4        0.33369
1425              4        0.49933
1426              4        0.66831
1427              4        0.83688
1428     4     1
1428     5     0
1429              5        0.01618
1430              5        0.03575
1431              5        0.05459
1432              5        0.07429
1433              5        0.09204
1434              5        0.11038
1435              5        0.12749
1436              5        0.14673
1437              5        0.16641
1438              5          0.186
1439              5        0.20549
1440              5         0.2246
1441              5        0.24405
1442              5        0.26389
1443              5        0.28295
1444              5        0.30227
1445              5        0.32114
1446              5        0.34111
1447              5        0.36058
1448              5        0.38037
1449              5         0.3992
1450              5         0.4185
1451              5        0.43766
1452              5        0.45679
1453              5        0.47418
1454              5        0.49367
1455              5        0.51359
1456              5        0.53368
1457              5        0.55381
1458              5        0.57368
1459              5        0.59274
1460              5        0.61155
1461              5        0.63163
1462              5        0.65043
1463              5        0.67034
1464              5        0.68905
1465              5        0.70781
1466              5        0.72778
1467              5        0.74781
1468              5        0.76769
1469              5        0.78783
1470              5        0.80632
1471              5        0.82614
1472              5        0.84525
1473              5        0.86509
1474              5        0.88422
1475              5        0.90415
1476              5        0.92277
1477              5        0.94125
1478              5        0.96123
1479              5        0.98102
1480     5     1
1480     6     0
1481              6        0.06073
1482              6        0.12284
1483              6        0.18517
1484              6        0.23877
1485              6        0.29928
1486              6        0.36093
1487              6        0.42316
1488              6        0.48402
1489              6        0.54569
1490              6        0.60714
1491              6        0.66683
1492              6        0.72716
1493              6        0.78171
1494              6        0.84292
1495              6        0.90105
1496              6        0.94059
1497     6     1
1480     7     0
1498              7        0.08483
1499              7        0.16381
1500              7        0.24721
1501              7        0.32955
1502              7        0.41472
1503              7        0.50101
1504              7        0.58211
1505              7        0.66098
1506              7        0.74406
1507              7        0.82825
1508              7        0.91378
1509     7     1
1428     8     0
1510              8        0.01467
1511              8        0.03031
1512              8        0.04578
1513              8        0.06148
1514              8        0.07732
1515              8        0.09292
1516              8        0.10837
1517              8        0.12375
1518              8        0.13865
1519              8        0.15383
1520              8        0.16905
1521              8        0.18371
1522              8        0.19909
1523              8        0.21453
1524              8        0.22884
1525              8        0.24393
1526              8        0.25861
1527              8        0.27377
1528              8        0.28877
1529              8        0.30282
1530              8        0.31703
1531              8        0.33124
1532              8        0.34656
1533              8        0.36158
1534              8        0.37648
1535              8        0.39207
1536              8        0.40438
1537              8        0.41953
1538              8        0.43499
1539              8        0.45064
1540              8        0.46583
1541              8        0.48011
1542              8        0.49569
1543              8         0.5113
1544              8        0.52712
1545              8        0.54278
1546              8        0.55821
1547              8        0.57349
1548              8        0.58908
1549              8        0.60432
1550              8        0.61966
1551              8        0.63485
1552              8        0.65009
1553              8        0.66556
1554              8        0.68112
1555              8         0.6962
1556              8         0.7117
1557              8         0.7265
1558              8        0.74108
1559              8         0.7567
1560              8        0.76977
1561              8        0.78423
1562              8        0.79989
1563              8         0.8153
1564              8        0.83075
1565              8         0.8465
1566              8        0.86162
1567              8        0.87688
1568              8        0.89208
1569              8        0.90709
1570              8        0.92253
1571              8        0.93836
1572              8        0.95368
1573              8        0.96926
1574              8        0.98476
1575     8     1
1422     9     0
1576              9        0.17005
1577              9        0.34033
1578              9        0.50769
1579              9        0.67038
1580              9        0.83296
1581     9     1
1581    10     0
1582             10         0.0244
1583             10        0.05195
1584             10        0.07854
1585             10        0.10535
1586             10        0.13209
1587             10        0.15919
1588             10        0.18609
1589             10        0.21251
1590             10        0.23983
1591             10        0.26735
1592             10        0.29488
1593             10        0.31943
1594             10        0.34666
1595             10        0.37401
1596             10        0.40127
1597             10        0.42889
1598             10         0.4561
1599             10        0.48322
1600             10        0.51082
1601             10        0.53838
1602             10        0.56583
1603             10         0.5933
1604             10        0.62034
1605             10        0.64754
1606             10         0.6753
1607             10        0.70286
1608             10        0.73054
1609             10        0.75799
1610             10        0.78548
1611             10        0.81291
1612             10        0.84019
1613             10        0.86749
1614             10        0.89302
1615             10        0.91929
1616             10        0.94658
1617             10         0.9725
1618    10     1
1618    11     0
1619             11        0.03853
1620             11        0.08138
1621             11         0.1189
1622             11        0.16011
1623             11        0.20178
1624             11        0.24376
1625             11        0.28676
1626             11        0.32825
1627             11         0.3703
1628             11         0.4127
1629             11        0.45493
1630             11        0.49762
1631             11        0.53975
1632             11        0.58241
1633             11        0.62246
1634             11        0.66428
1635             11        0.70402
1636             11        0.74726
1637             11        0.78997
1638             11        0.83248
1639             11        0.87514
1640             11         0.9166
1641             11        0.95739
1642    11     1
1618    12     0
1643             12        0.06713
1644             12        0.13558
1645             12        0.20837
1646             12        0.28316
1647             12        0.35226
1648             12        0.42337
1649             12        0.49833
1650             12        0.57008
1651             12        0.64387
1652             12        0.71816
1653             12        0.79247
1654             12        0.86242
1655             12         0.9263
1656    12     1
1581    13     0
1657             13        0.08912
1658             13        0.19112
1659             13        0.29242
1660             13        0.39275
1661             13        0.49453
1662             13        0.59544
1663             13        0.69646
1664             13         0.7987
1665             13        0.89741
1666    13     1
3  14   0
1667             14        0.12058
1668             14        0.23185
1669             14        0.34311
1670             14        0.45247
1671             14        0.56161
1672             14        0.67036
1673             14        0.78039
1674             14         0.8894
1675    14     1
1675    15     0
1676             15        0.01956
1677             15        0.04073
1678             15        0.05817
1679             15        0.07724
1680             15        0.09597
1681             15        0.11386
1682             15        0.13109
1683             15         0.1514
1684             15        0.17056
1685             15        0.19157
1686             15        0.21351
1687             15        0.23418
1688             15        0.25612
1689             15          0.277
1690             15        0.29874
1691             15        0.32008
1692             15        0.34046
1693             15         0.3561
1694             15        0.37771
1695             15        0.39843
1696             15        0.42027
1697             15        0.44185
1698             15        0.46295
1699             15        0.48268
1700             15        0.50329
1701             15        0.52508
1702             15        0.54644
1703             15        0.56696
1704             15        0.58695
1705             15        0.60726
1706             15        0.62829
1707             15           0.65
1708             15        0.66899
1709             15        0.69047
1710             15        0.71113
1711             15        0.73169
1712             15        0.75308
1713             15        0.77495
1714             15        0.79589
1715             15         0.8175
1716             15        0.83931
1717             15        0.85958
1718             15        0.87906
1719             15        0.90008
1720             15        0.92133
1721             15        0.93984
1722             15        0.96113
1723             15         0.9793
1724    15     1
1675    16     0
1725             16        0.03384
1726             16          0.064
1727             16          0.098
1728             16        0.13194
1729             16        0.16492
1730             16        0.19852
1731             16        0.23208
1732             16        0.26561
1733             16        0.29954
1734             16         0.3332
1735             16        0.36688
1736             16        0.39972
1737             16         0.4333
1738             16        0.46681
1739             16         0.5005
1740             16        0.53376
1741             16        0.56639
1742             16        0.59861
1743             16        0.63213
1744             16        0.66545
1745             16         0.6994
1746             16        0.73288
1747             16         0.7654
1748             16        0.79837
1749             16        0.83245
1750             16        0.86627
1751             16        0.89932
1752             16        0.93334
1753             16        0.96628
1754    16     1
3  17   0
1755             17        0.03147
1756             17        0.05405
1757             17        0.07651
1758             17        0.09903
1759             17        0.12159
1760             17        0.14376
1761             17         0.1658
1762             17        0.18727
1763             17        0.20882
1764             17        0.23109
1765             17        0.25345
1766             17        0.27584
1767             17        0.29805
1768             17        0.32047
1769             17        0.34255
1770             17        0.36411
1771             17        0.38661
1772             17        0.40864
1773             17        0.42995
1774             17        0.45166
1775             17        0.47349
1776             17        0.49537
1777             17         0.5171
1778             17        0.53832
1779             17         0.5602
1780             17        0.58266
1781             17         0.6048
1782             17        0.62721
1783             17        0.64961
1784             17         0.6714
1785             17        0.69381
1786             17        0.71583
1787             17        0.73827
1788             17        0.76002
1789             17        0.78223
1790             17        0.80466
1791             17        0.82692
1792             17        0.84901
1793             17        0.87096
1794             17        0.89229
1795             17        0.91349
1796             17        0.93473
1797             17        0.95645
1798             17        0.97816
1799    17     1
3  1  0
1800              1        0.41072
1801              1        0.70536
1802     1     1
