0  0  0
1           0       2e-05
2           0     0.50001
3  0  1
3  34   0
4           34      0.89443
4  35   0
5           35      0.25183
6           35      0.50365
7           35      0.75548
8  35   1
8  74   0
9           74      0.24545
10           74       0.4774
11           74      0.73767
12  74   1
12  36   0
13           36      0.19767
14           36      0.39796
15           36      0.60061
16           36      0.80089
17  36   1
17  37   0
18           37      0.30957
19           37      0.65699
20  37   1
20  75   0
21           75      0.33629
22           75      0.66862
23  75   1
23  76   0
24           76      0.20532
25           76      0.41359
26           76      0.62178
27           76      0.82163
28  76   1
28  77   0
29  77   1
29  78   0
30           78      0.07865
31           78      0.15646
32           78      0.23667
33           78      0.31499
34           78      0.39169
35           78       0.4696
36           78      0.55033
37           78      0.62725
38           78      0.69656
39           78      0.77637
40           78      0.85594
41           78       0.9342
42  78   1
42  79   0
43           79      0.09831
44           79      0.19428
45           79      0.29695
46           79      0.39861
47           79      0.49992
48           79      0.60144
49           79      0.70511
50           79      0.80852
51           79      0.90991
52  79   1
52  80   0
53           80      0.19579
54           80      0.35768
55           80      0.52267
56           80      0.67415
57           80      0.83802
58  80   1
58  81   0
59           81      0.24025
60           81      0.50079
61           81      0.74097
62  81   1
62  82   0
63           82       0.1991
64           82      0.39525
65           82      0.59676
66           82      0.79712
67  82   1
67  83   0
68           83      0.10694
69           83      0.20731
70           83      0.31482
71           83      0.41139
72           83      0.51574
73           83      0.62184
74           83       0.7182
75           83      0.81588
76           83      0.91337
77  83   1
77  84   0
78           84      0.52618
79  84   1
79  85   0
80           85      0.26402
81           85      0.49854
82           85      0.75746
83  85   1
83  86   0
84           86      0.35829
85           86       0.7413
86  86   1
86  87   0
87           87      0.38045
88           87      0.69436
89  87   1
89  88   0
90  88   1
90  89   0
91           89       0.2835
92           89      0.51971
93           89      0.75149
94  89   1
94  39   0
95           39      0.20598
96           39      0.39311
97           39      0.59407
98           39      0.80285
99  39   1
99  40   0
100            40       0.35316
101            40       0.68648
102   40    1
102   41    0
103            41       0.20098
104            41       0.40112
105            41       0.60127
106            41       0.79989
107   41    1
107   90    0
108            90       0.20406
109            90       0.40941
110            90       0.60754
111            90       0.80941
112   90    1
112   91    0
113            91        0.1782
114            91        0.3437
115            91       0.50695
116            91       0.67093
117            91       0.83499
118   91    1
118   92    0
119   92    1
119   93    0
120            93       0.49384
121   93    1
121   94    0
122            94       0.03849
123            94       0.07961
124            94       0.11497
125            94       0.15708
126            94       0.19919
127            94       0.24142
128            94       0.28336
129            94       0.32546
130            94       0.36607
131            94       0.40975
132            94       0.44921
133            94       0.48379
134            94       0.52635
135            94       0.56635
136            94       0.60871
137            94       0.64974
138            94        0.6926
139            94        0.7314
140            94       0.77463
141            94       0.81365
142            94       0.85668
143            94       0.89909
144            94       0.94061
145            94       0.97387
146   94    1
121   95    0
147            95       0.11496
148            95       0.24016
149            95       0.36844
150            95       0.49697
151            95       0.62791
152            95       0.75322
153            95       0.87578
154   95    1
119   96    0
155            96       0.10746
156            96       0.23726
157            96       0.36553
158            96       0.48743
159            96       0.61118
160            96       0.74096
161            96        0.8676
162   96    1
118   97    0
163            97       0.03131
164            97       0.06256
165            97       0.09377
166            97       0.12481
167            97       0.15471
168            97        0.1795
169            97       0.21054
170            97       0.24028
171            97       0.26984
172            97       0.29822
173            97       0.32617
174            97       0.35643
175            97       0.38581
176            97       0.41681
177            97       0.44609
178            97       0.47539
179            97       0.50112
180            97       0.53153
181            97       0.56235
182            97        0.5927
183            97       0.61883
184            97       0.64711
185            97       0.67633
186            97       0.70518
187            97        0.7357
188            97       0.76649
189            97        0.7935
190            97       0.82306
191            97        0.8504
192            97       0.88047
193            97       0.91044
194            97       0.94074
195            97       0.97058
196   97    1
112   98    0
197            98       0.10383
198            98       0.20561
199            98        0.3044
200            98       0.40453
201            98        0.4987
202            98       0.59905
203            98       0.70077
204            98       0.79803
205            98       0.89861
206   98    1
102   42    0
207            42       0.15548
208            42       0.28998
209            42       0.42907
210            42       0.56895
211            42       0.71509
212            42        0.8545
213   42    1
213   99    0
214            99       0.03533
215            99       0.07108
216            99       0.10458
217            99       0.13971
218            99       0.17473
219            99       0.21098
220            99        0.2452
221            99       0.28067
222            99       0.31628
223            99       0.35157
224            99       0.38699
225            99       0.42188
226            99       0.45727
227            99       0.49297
228            99        0.5287
229            99       0.56041
230            99       0.59682
231            99       0.63093
232            99         0.667
233            99        0.7024
234            99       0.73814
235            99       0.77197
236            99       0.80513
237            99       0.83873
238            99        0.8738
239            99       0.90995
240            99       0.94562
241            99       0.98048
242   99    1
99  43   0
243            43       0.09647
244            43       0.18949
245            43       0.28044
246            43       0.36989
247            43       0.45997
248            43       0.55249
249            43       0.64748
250            43       0.73735
251            43       0.82809
252            43       0.91408
253   43    1
253  100    0
254           100       0.03167
255           100       0.06401
256           100       0.09574
257           100        0.1271
258           100       0.15933
259           100       0.18983
260           100       0.22129
261           100       0.25233
262           100        0.2844
263           100       0.31672
264           100       0.34882
265           100       0.38124
266           100       0.41291
267           100       0.44503
268           100       0.47499
269           100       0.50596
270           100       0.53651
271           100       0.56629
272           100       0.59801
273           100       0.62579
274           100       0.65758
275           100       0.68957
276           100       0.72169
277           100       0.75188
278           100       0.78346
279           100       0.81502
280           100       0.84678
281           100       0.87797
282           100       0.90916
283           100       0.93958
284           100       0.96765
285  100    1
90  44   0
286            44       0.21348
287            44       0.36918
288            44       0.53059
289            44       0.68833
290            44       0.84782
291   44    1
89  45   0
292            45       0.05627
293            45       0.11369
294            45        0.1594
295            45       0.21623
296            45       0.27481
297            45       0.33075
298            45       0.38829
299            45       0.44337
300            45        0.5012
301            45       0.55691
302            45       0.61006
303            45       0.66198
304            45       0.71699
305            45       0.77596
306            45       0.83014
307            45       0.88575
308            45       0.94115
309   45    1
86  46   0
310            46       0.04767
311            46       0.08527
312            46       0.12365
313            46       0.15905
314            46       0.19562
315            46       0.23439
316            46       0.27207
317            46       0.31055
318            46       0.34565
319            46       0.38526
320            46       0.42223
321            46       0.46199
322            46       0.49982
323            46       0.53812
324            46       0.57741
325            46       0.61612
326            46       0.65511
327            46       0.69416
328            46       0.73263
329            46       0.77081
330            46       0.80845
331            46       0.84685
332            46       0.88591
333            46       0.92356
334            46       0.96099
335   46    1
335  101    0
336           101       0.11891
337           101       0.24985
338           101       0.37827
339           101       0.50151
340           101       0.61193
341           101       0.73784
342           101       0.86657
343  101    1
83  47   0
344            47       0.02355
345            47       0.05991
346            47        0.0966
347            47       0.13162
348            47       0.17136
349            47       0.20918
350            47       0.24619
351            47        0.2856
352            47       0.32053
353            47       0.36056
354            47       0.40083
355            47        0.4401
356            47       0.48154
357            47       0.51921
358            47       0.55944
359            47       0.60089
360            47        0.6426
361            47       0.68098
362            47       0.71981
363            47       0.75798
364            47       0.79766
365            47         0.839
366            47       0.87941
367            47       0.91803
368            47       0.95868
369   47    1
79  48   0
370            48       0.03056
371            48       0.06022
372            48       0.09209
373            48       0.12328
374            48       0.15562
375            48        0.1879
376            48       0.21612
377            48        0.2489
378            48       0.27997
379            48       0.31082
380            48       0.34169
381            48       0.37332
382            48       0.40562
383            48       0.43764
384            48       0.46717
385            48       0.49929
386            48        0.5322
387            48       0.56269
388            48       0.59378
389            48       0.62661
390            48       0.65916
391            48       0.69128
392            48       0.72088
393            48        0.7536
394            48       0.78582
395            48       0.81834
396            48       0.84482
397            48       0.87746
398            48          0.91
399            48       0.94205
400            48       0.97145
401   48    1
401  102    0
402           102       0.16269
403           102       0.32252
404           102       0.49251
405           102       0.67143
406           102        0.8405
407  102    1
77  49   0
408            49       0.02744
409            49        0.0522
410            49       0.07814
411            49       0.10585
412            49       0.13357
413            49       0.16078
414            49       0.18719
415            49       0.21512
416            49        0.2424
417            49       0.27069
418            49       0.29877
419            49       0.32623
420            49       0.35431
421            49       0.37899
422            49       0.40141
423            49        0.4293
424            49       0.45629
425            49       0.48378
426            49       0.51103
427            49       0.53839
428            49       0.56549
429            49       0.59283
430            49       0.62059
431            49       0.64669
432            49       0.67399
433            49       0.70125
434            49        0.7276
435            49       0.75423
436            49       0.78224
437            49       0.81031
438            49        0.8365
439            49       0.86385
440            49       0.89152
441            49       0.91897
442            49       0.94678
443            49       0.97319
444   49    1
444  103    0
445           103       0.08082
446           103       0.16167
447           103       0.24307
448           103       0.32359
449           103        0.3981
450           103       0.47763
451           103       0.55772
452           103       0.63295
453           103       0.70826
454           103       0.78264
455           103       0.85643
456           103       0.93506
457  103    1
67  50   0
458            50       0.03189
459            50       0.10415
460            50        0.1768
461            50       0.24465
462            50        0.3162
463            50       0.38396
464            50       0.45454
465            50       0.52512
466            50       0.59604
467            50       0.66017
468            50       0.73033
469            50       0.80133
470            50       0.87282
471            50       0.93381
472   50    1
62  51   0
473            51       0.11021
474            51       0.24261
475            51       0.37337
476            51       0.49562
477            51       0.62242
478            51       0.75442
479            51       0.88624
480   51    1
480   52    0
481            52       0.02664
482            52       0.04849
483            52       0.07738
484            52       0.10911
485            52       0.13971
486            52       0.16995
487            52       0.20133
488            52       0.23161
489            52       0.26349
490            52       0.29456
491            52       0.32644
492            52       0.35737
493            52       0.38757
494            52       0.41523
495            52       0.44721
496            52       0.47857
497            52       0.50934
498            52       0.54131
499            52       0.57278
500            52       0.60343
501            52        0.6343
502            52       0.66398
503            52       0.69553
504            52       0.72548
505            52       0.75639
506            52       0.78638
507            52       0.81676
508            52       0.84605
509            52       0.87718
510            52       0.90846
511            52       0.93946
512            52       0.96884
513   52    1
480   53    0
514            53       0.09307
515            53       0.18664
516            53        0.2811
517            53       0.36935
518            53        0.4547
519            53       0.54634
520            53       0.64279
521            53       0.73577
522            53       0.82745
523            53        0.9134
524   53    1
58  54   0
525            54        0.0207
526            54       0.04227
527            54       0.06446
528            54       0.08436
529            54       0.10643
530            54       0.12809
531            54       0.14595
532            54       0.16767
533            54       0.18702
534            54        0.2016
535            54       0.22055
536            54        0.2419
537            54       0.26271
538            54        0.2789
539            54       0.29987
540            54       0.32129
541            54       0.34116
542            54       0.36304
543            54       0.38414
544            54       0.40556
545            54       0.42694
546            54       0.44663
547            54       0.46814
548            54       0.48708
549            54       0.50893
550            54       0.53018
551            54       0.55237
552            54       0.57306
553            54       0.59405
554            54       0.61589
555            54       0.63768
556            54       0.65794
557            54       0.67775
558            54       0.69947
559            54       0.72079
560            54       0.74132
561            54       0.76353
562            54       0.78562
563            54       0.80597
564            54       0.82794
565            54       0.84993
566            54       0.87196
567            54       0.89324
568            54       0.91548
569            54       0.93718
570            54       0.95804
571            54       0.97901
572   54    1
52  55   0
573            55       0.23081
574            55       0.43376
575            55       0.63049
576            55       0.81727
577   55    1
577   56    0
578            56       0.05394
579            56       0.10431
580            56       0.14891
581            56         0.198
582            56       0.24918
583            56       0.30117
584            56       0.35321
585            56       0.39942
586            56       0.44894
587            56       0.50004
588            56       0.55157
589            56       0.60287
590            56       0.65278
591            56       0.70335
592            56       0.75386
593            56       0.80566
594            56       0.85289
595            56       0.90397
596            56       0.95585
597   56    1
577   57    0
598            57        0.0673
599            57       0.12838
600            57       0.18993
601            57       0.25474
602            57       0.31265
603            57       0.37341
604            57       0.43417
605            57       0.49885
606            57       0.56058
607            57       0.62191
608            57       0.68348
609            57       0.74726
610            57       0.81134
611            57       0.87326
612            57       0.93541
613   57    1
42  58   0
614            58       0.01937
615            58       0.03558
616            58       0.05245
617            58       0.07093
618            58       0.08955
619            58       0.10802
620            58       0.12627
621            58       0.14408
622            58       0.16199
623            58       0.18041
624            58       0.19769
625            58       0.21555
626            58       0.23231
627            58       0.25018
628            58       0.26708
629            58       0.28408
630            58       0.30162
631            58       0.31803
632            58       0.33545
633            58        0.3532
634            58       0.36986
635            58       0.38794
636            58       0.40634
637            58       0.42421
638            58        0.4424
639            58       0.46078
640            58       0.47948
641            58       0.49796
642            58       0.51401
643            58        0.5313
644            58       0.54846
645            58       0.56691
646            58       0.58397
647            58       0.60243
648            58        0.6203
649            58       0.63863
650            58       0.65642
651            58       0.67312
652            58       0.68914
653            58        0.7051
654            58       0.72304
655            58       0.74027
656            58       0.75414
657            58       0.77172
658            58        0.7877
659            58       0.80583
660            58       0.82404
661            58       0.84214
662            58       0.85913
663            58       0.87742
664            58       0.89559
665            58       0.91376
666            58       0.93031
667            58       0.94873
668            58       0.96683
669            58       0.98255
670   58    1
29  59   0
671            59       0.27854
672            59       0.52309
673            59       0.75104
674   59    1
674   60    0
675            60       0.01503
676            60       0.02948
677            60       0.04424
678            60       0.05894
679            60        0.0725
680            60       0.08752
681            60       0.10152
682            60       0.11601
683            60       0.12971
684            60       0.14485
685            60       0.15957
686            60       0.17393
687            60       0.18855
688            60       0.20348
689            60       0.21807
690            60       0.23265
691            60       0.24745
692            60       0.26132
693            60       0.27615
694            60       0.28982
695            60       0.30463
696            60        0.3194
697            60       0.33331
698            60       0.34784
699            60       0.36242
700            60       0.37747
701            60       0.39247
702            60       0.40738
703            60       0.42229
704            60       0.43682
705            60       0.45082
706            60       0.46513
707            60       0.47977
708            60       0.49433
709            60       0.50873
710            60       0.52197
711            60       0.53713
712            60       0.55205
713            60       0.56647
714            60       0.58029
715            60       0.59432
716            60       0.60851
717            60       0.62366
718            60       0.63798
719            60       0.65238
720            60       0.66472
721            60       0.67927
722            60        0.6939
723            60       0.70888
724            60       0.72338
725            60       0.73819
726            60       0.75282
727            60       0.76793
728            60       0.78258
729            60        0.7931
730            60       0.80739
731            60        0.8221
732            60       0.83469
733            60       0.84894
734            60       0.85634
735            60       0.87121
736            60       0.88584
737            60       0.89991
738            60       0.91446
739            60       0.92846
740            60       0.94319
741            60       0.95787
742            60       0.97147
743            60       0.98605
744   60    1
744  104    0
745           104       0.24514
746           104       0.51216
747           104       0.76401
748  104    1
674   61    0
749            61       0.01655
750            61       0.03682
751            61       0.05885
752            61       0.08055
753            61       0.10243
754            61       0.12428
755            61       0.14528
756            61       0.16627
757            61       0.18762
758            61       0.20655
759            61       0.22549
760            61       0.24632
761            61       0.26585
762            61       0.28757
763            61       0.30906
764            61        0.3297
765            61       0.35014
766            61       0.36904
767            61       0.38877
768            61       0.41022
769            61       0.43174
770            61       0.45095
771            61       0.47169
772            61       0.49316
773            61       0.51492
774            61       0.53699
775            61       0.55894
776            61        0.5808
777            61       0.60209
778            61       0.62388
779            61       0.64501
780            61       0.66407
781            61       0.68535
782            61        0.7067
783            61       0.72752
784            61       0.74909
785            61       0.77071
786            61       0.79223
787            61       0.81362
788            61       0.83504
789            61       0.85448
790            61       0.87629
791            61       0.89717
792            61       0.91671
793            61       0.93787
794            61       0.95983
795            61       0.98161
796   61    1
28  62   0
797            62       0.19105
798            62       0.35427
799            62       0.51969
800            62       0.68482
801            62       0.84518
802   62    1
802   63    0
803            63       0.01038
804            63       0.02481
805            63       0.03968
806            63        0.0542
807            63       0.06898
808            63       0.08344
809            63       0.09802
810            63       0.11147
811            63       0.12572
812            63       0.13959
813            63       0.15348
814            63       0.16778
815            63       0.18212
816            63       0.19578
817            63       0.20996
818            63       0.22439
819            63       0.23903
820            63       0.25227
821            63       0.26594
822            63       0.28081
823            63       0.29572
824            63       0.31034
825            63       0.32516
826            63       0.33815
827            63        0.3523
828            63       0.36683
829            63        0.3802
830            63       0.39439
831            63       0.40918
832            63        0.4239
833            63       0.43769
834            63       0.45245
835            63       0.46734
836            63       0.48214
837            63       0.49649
838            63       0.51097
839            63       0.52426
840            63       0.53876
841            63       0.55322
842            63       0.56708
843            63       0.58127
844            63       0.59606
845            63       0.60998
846            63       0.62437
847            63       0.63867
848            63       0.65363
849            63       0.66863
850            63       0.68277
851            63       0.69527
852            63        0.7075
853            63       0.71994
854            63       0.73197
855            63       0.74595
856            63       0.76018
857            63       0.77505
858            63       0.79001
859            63       0.80421
860            63       0.81786
861            63       0.83227
862            63       0.84666
863            63       0.86127
864            63       0.87609
865            63       0.89034
866            63       0.90494
867            63       0.91952
868            63       0.93418
869            63       0.94877
870            63       0.96349
871            63       0.97792
872            63       0.99224
873   63    1
802   64    0
874            64       0.18778
875            64       0.38842
876            64       0.58365
877            64       0.79182
878   64    1
23  65   0
879            65       0.15712
880            65       0.32599
881            65       0.49571
882            65        0.6656
883            65       0.83292
884   65    1
884   66    0
885            66       0.08702
886            66       0.17933
887            66       0.27124
888            66       0.36422
889            66       0.44654
890            66       0.53758
891            66       0.63323
892            66        0.7273
893            66         0.814
894            66       0.90964
895   66    1
884   67    0
896            67       0.19523
897            67       0.39825
898            67       0.59843
899            67       0.79668
900   67    1
17  38   0
901            38       0.19964
902            38       0.40639
903            38        0.6084
904            38        0.8062
905   38    1
905  105    0
906  105    1
906   68    0
907            68       0.09728
908            68       0.18843
909            68       0.27749
910            68       0.36882
911            68        0.4611
912            68       0.55206
913            68       0.64417
914            68       0.73451
915            68        0.8259
916            68        0.9166
917   68    1
917   69    0
918            69       0.27303
919            69       0.51733
920            69       0.75903
921   69    1
921   70    0
922            70       0.00445
923            70       0.02641
924            70       0.04721
925            70       0.06888
926            70       0.08998
927            70       0.11241
928            70        0.1346
929            70       0.15723
930            70       0.17982
931            70        0.2009
932            70       0.22254
933            70       0.24481
934            70       0.26714
935            70        0.2871
936            70       0.30933
937            70        0.3316
938            70       0.35208
939            70       0.37321
940            70       0.39351
941            70       0.41507
942            70       0.43759
943            70       0.45751
944            70       0.47978
945            70       0.50157
946            70       0.52409
947            70       0.54649
948            70       0.56793
949            70        0.5884
950            70       0.60882
951            70       0.63129
952            70       0.65315
953            70       0.67577
954            70       0.69704
955            70       0.71886
956            70       0.73812
957            70       0.75863
958            70        0.7794
959            70       0.80177
960            70       0.82375
961            70       0.84582
962            70       0.86815
963            70       0.88968
964            70        0.9118
965            70       0.93343
966            70       0.95538
967            70       0.97786
968   70    1
921   71    0
969            71       0.01627
970            71       0.04189
971            71       0.06675
972            71       0.09308
973            71       0.11867
974            71       0.14496
975            71       0.17117
976            71         0.197
977            71       0.22344
978            71       0.24948
979            71       0.27624
980            71       0.30309
981            71       0.33022
982            71       0.35675
983            71       0.38319
984            71       0.40984
985            71       0.43615
986            71       0.46281
987            71       0.48855
988            71       0.51525
989            71       0.54224
990            71         0.569
991            71       0.59499
992            71       0.62165
993            71       0.64619
994            71       0.67203
995            71       0.69711
996            71        0.7232
997            71       0.74728
998            71       0.77314
999            71       0.79994
1000             71        0.82679
1001             71        0.85356
1002             71         0.8806
1003             71        0.90666
1004             71        0.93235
1005             71         0.9535
1006             71        0.97295
1007    71     1
917   72    0
1008             72         0.0322
1009             72        0.06338
1010             72        0.09397
1011             72        0.12419
1012             72         0.1544
1013             72        0.18567
1014             72        0.21685
1015             72        0.24866
1016             72        0.28014
1017             72        0.31155
1018             72        0.34199
1019             72        0.37384
1020             72        0.40557
1021             72        0.43694
1022             72          0.467
1023             72        0.49867
1024             72         0.5298
1025             72        0.56005
1026             72        0.59166
1027             72        0.62345
1028             72        0.65535
1029             72        0.68725
1030             72        0.71875
1031             72        0.75038
1032             72        0.78198
1033             72        0.81321
1034             72        0.84315
1035             72        0.87437
1036             72        0.90478
1037             72        0.93651
1038             72        0.96805
1039    72     1
906  106    0
1040            106        0.01572
1041            106        0.03008
1042            106        0.04587
1043            106        0.06126
1044            106        0.07698
1045            106        0.09277
1046            106        0.10822
1047            106        0.12341
1048            106        0.13813
1049            106        0.15316
1050            106        0.16589
1051            106        0.18147
1052            106        0.19551
1053            106        0.21104
1054            106        0.22669
1055            106        0.24201
1056            106        0.25726
1057            106        0.27239
1058            106        0.28801
1059            106        0.30282
1060            106        0.31847
1061            106        0.33374
1062            106        0.34946
1063            106        0.36487
1064            106        0.38017
1065            106        0.39585
1066            106        0.41119
1067            106        0.42563
1068            106        0.44071
1069            106        0.45571
1070            106        0.47114
1071            106        0.48686
1072            106        0.50187
1073            106        0.51624
1074            106         0.5312
1075            106        0.54663
1076            106        0.56051
1077            106        0.57604
1078            106        0.59097
1079            106        0.60673
1080            106        0.62202
1081            106        0.63694
1082            106        0.65236
1083            106        0.66817
1084            106        0.68362
1085            106        0.69774
1086            106        0.71179
1087            106        0.72707
1088            106        0.74166
1089            106        0.75716
1090            106        0.77269
1091            106        0.78768
1092            106        0.80227
1093            106        0.81681
1094            106        0.83195
1095            106        0.84738
1096            106        0.86197
1097            106         0.8756
1098            106        0.89124
1099            106        0.90652
1100            106        0.92193
1101            106        0.93759
1102            106        0.95335
1103            106         0.9688
1104            106        0.98436
1105   106     1
905   73    0
1106             73        0.01773
1107             73        0.03304
1108             73        0.05061
1109             73        0.06821
1110             73        0.08597
1111             73        0.10313
1112             73        0.12012
1113             73        0.13707
1114             73        0.15472
1115             73        0.17192
1116             73        0.18976
1117             73        0.20708
1118             73        0.22448
1119             73        0.24112
1120             73        0.25875
1121             73         0.2751
1122             73         0.2928
1123             73        0.30871
1124             73        0.32304
1125             73        0.34072
1126             73        0.35814
1127             73        0.37451
1128             73        0.38936
1129             73        0.40707
1130             73        0.42412
1131             73        0.44097
1132             73        0.45674
1133             73        0.47438
1134             73        0.49008
1135             73        0.50775
1136             73         0.5237
1137             73         0.5407
1138             73        0.55747
1139             73        0.57471
1140             73        0.59208
1141             73        0.60973
1142             73         0.6275
1143             73        0.64517
1144             73        0.66287
1145             73        0.67974
1146             73        0.69652
1147             73        0.71243
1148             73         0.7301
1149             73        0.74707
1150             73        0.76441
1151             73        0.78167
1152             73        0.79938
1153             73        0.81672
1154             73        0.83404
1155             73        0.85092
1156             73         0.8678
1157             73        0.88488
1158             73         0.8999
1159             73        0.91549
1160             73        0.93152
1161             73        0.94842
1162             73        0.96551
1163             73        0.98272
1164    73     1
4  1  0
1165     1     1
1165     2     0
1166     2     1
1167     2     1
1167     4     0
1168     4     1
1168     5     0
1169              5        0.16628
1170              5        0.31712
1171              5        0.46795
1172              5         0.6029
1173              5        0.70308
1174              5         0.8522
1175     5     1
1175     6     0
1176              6        0.21595
1177              6        0.39371
1178              6        0.59927
1179              6         0.8038
1180     6     1
1180     7     0
1181              7        0.14559
1182              7        0.29285
1183              7        0.43333
1184              7        0.57331
1185              7        0.71261
1186              7        0.86863
1187     7     1
1187     8     0
1188              8        0.55409
1189     8     1
1189     9     0
1190     9     1
1190    10     0
1191             10        0.05046
1192             10         0.1017
1193             10        0.15032
1194             10        0.19819
1195             10        0.24167
1196             10        0.29069
1197             10        0.34146
1198             10        0.39095
1199             10        0.44008
1200             10        0.48519
1201             10        0.52658
1202             10        0.57403
1203             10        0.62374
1204             10        0.66945
1205             10        0.71825
1206             10        0.76758
1207             10        0.81606
1208             10        0.86648
1209             10        0.91481
1210             10        0.96338
1211    10     1
1211    11     0
1212             11        0.02099
1213             11        0.03964
1214             11        0.05788
1215             11        0.07707
1216             11        0.09514
1217             11        0.11433
1218             11         0.1333
1219             11        0.15239
1220             11        0.17154
1221             11        0.18974
1222             11        0.20789
1223             11        0.22675
1224             11        0.24511
1225             11         0.2633
1226             11        0.28209
1227             11        0.30042
1228             11        0.31967
1229             11        0.33855
1230             11        0.35624
1231             11        0.37517
1232             11        0.39448
1233             11        0.41342
1234             11        0.43278
1235             11        0.45053
1236             11        0.46877
1237             11         0.4883
1238             11        0.50787
1239             11        0.52643
1240             11        0.54558
1241             11        0.56442
1242             11        0.58387
1243             11        0.60283
1244             11        0.61947
1245             11        0.63707
1246             11        0.65439
1247             11        0.67341
1248             11        0.69107
1249             11        0.70862
1250             11        0.72612
1251             11        0.74487
1252             11        0.76247
1253             11        0.78077
1254             11        0.80035
1255             11        0.81504
1256             11        0.83202
1257             11         0.8507
1258             11        0.86973
1259             11        0.88807
1260             11        0.90682
1261             11         0.9257
1262             11        0.94439
1263             11        0.96221
1264             11        0.98042
1265    11     1
1211    12     0
1266             12        0.20536
1267             12        0.36323
1268             12        0.52096
1269             12        0.68095
1270             12         0.8405
1271    12     1
1190    13     0
1272             13         0.0471
1273             13        0.09435
1274             13        0.13764
1275             13        0.18079
1276             13        0.22811
1277             13        0.27551
1278             13        0.32061
1279             13         0.3663
1280             13        0.40984
1281             13        0.44995
1282             13         0.4923
1283             13        0.53822
1284             13        0.58441
1285             13        0.62975
1286             13          0.677
1287             13        0.72354
1288             13        0.76881
1289             13        0.81493
1290             13        0.86165
1291             13        0.90813
1292             13        0.95525
1293    13     1
1189    14     0
1294             14        0.01724
1295             14        0.03524
1296             14        0.05315
1297             14        0.07067
1298             14        0.08829
1299             14        0.10577
1300             14        0.12325
1301             14        0.14082
1302             14        0.15789
1303             14        0.17527
1304             14        0.19312
1305             14        0.21026
1306             14        0.22496
1307             14        0.24257
1308             14        0.25723
1309             14        0.27476
1310             14        0.29063
1311             14        0.30814
1312             14        0.32504
1313             14        0.34298
1314             14        0.36043
1315             14        0.37733
1316             14        0.39358
1317             14          0.411
1318             14        0.42822
1319             14        0.44563
1320             14        0.46198
1321             14        0.47855
1322             14        0.49626
1323             14        0.51358
1324             14        0.53097
1325             14        0.54867
1326             14        0.56644
1327             14        0.58409
1328             14        0.60057
1329             14        0.61633
1330             14        0.63344
1331             14        0.65136
1332             14        0.66885
1333             14        0.68667
1334             14        0.70379
1335             14        0.72099
1336             14        0.73863
1337             14        0.75651
1338             14          0.774
1339             14        0.79197
1340             14        0.80908
1341             14        0.82629
1342             14         0.8442
1343             14        0.86073
1344             14        0.87837
1345             14        0.89621
1346             14        0.91402
1347             14        0.93204
1348             14        0.94971
1349             14        0.96724
1350             14         0.9835
1351    14     1
1187    15     0
1352             15        0.04232
1353             15        0.08156
1354             15        0.12036
1355             15         0.1584
1356             15        0.19806
1357             15        0.23827
1358             15        0.27782
1359             15        0.31732
1360             15        0.35446
1361             15        0.39028
1362             15        0.42815
1363             15        0.46648
1364             15        0.50366
1365             15        0.54071
1366             15        0.57833
1367             15        0.61573
1368             15         0.6553
1369             15        0.69435
1370             15        0.73314
1371             15        0.77274
1372             15        0.81199
1373             15        0.84932
1374             15        0.88867
1375             15        0.92509
1376             15        0.96242
1377    15     1
1180    16     0
1378    16     1
1378    17     0
1379             17        0.04083
1380             17        0.08582
1381             17        0.12981
1382             17        0.17435
1383             17        0.21911
1384             17        0.26495
1385             17        0.30596
1386             17        0.35218
1387             17         0.3983
1388             17        0.44403
1389             17        0.48781
1390             17        0.53201
1391             17        0.57703
1392             17        0.62286
1393             17        0.66719
1394             17         0.7115
1395             17        0.74416
1396             17        0.78869
1397             17        0.83452
1398             17        0.87196
1399             17        0.91647
1400             17        0.95918
1401    17     1
1401    18     0
1402             18        0.02078
1403             18        0.04049
1404             18        0.06131
1405             18        0.08278
1406             18        0.10325
1407             18        0.12324
1408             18        0.14403
1409             18        0.16465
1410             18         0.1836
1411             18        0.20407
1412             18        0.22541
1413             18        0.24699
1414             18        0.26808
1415             18         0.2893
1416             18        0.30985
1417             18        0.33115
1418             18        0.35213
1419             18        0.37136
1420             18         0.3927
1421             18        0.41363
1422             18        0.43333
1423             18        0.45073
1424             18        0.47096
1425             18        0.49209
1426             18        0.51277
1427             18        0.53432
1428             18        0.55527
1429             18        0.57644
1430             18        0.59815
1431             18        0.61669
1432             18        0.63619
1433             18        0.65778
1434             18        0.67786
1435             18        0.69745
1436             18        0.71877
1437             18        0.73933
1438             18        0.76011
1439             18        0.78007
1440             18        0.80079
1441             18        0.81689
1442             18        0.83656
1443             18        0.85693
1444             18        0.87835
1445             18        0.89771
1446             18        0.91808
1447             18        0.93738
1448             18        0.95704
1449             18        0.97826
1450    18     1
1401    19     0
1451             19        0.02113
1452             19        0.04461
1453             19         0.0679
1454             19        0.08995
1455             19         0.1131
1456             19        0.13656
1457             19        0.15746
1458             19        0.18132
1459             19        0.20373
1460             19        0.22738
1461             19        0.24871
1462             19        0.27269
1463             19        0.29546
1464             19        0.31755
1465             19         0.3411
1466             19        0.36428
1467             19        0.38692
1468             19        0.41006
1469             19         0.4325
1470             19        0.45623
1471             19        0.47872
1472             19        0.50135
1473             19        0.52468
1474             19        0.54635
1475             19        0.57053
1476             19        0.59456
1477             19         0.6175
1478             19        0.64107
1479             19        0.66465
1480             19        0.68787
1481             19         0.7083
1482             19        0.73138
1483             19        0.75349
1484             19        0.77648
1485             19        0.79656
1486             19        0.81901
1487             19        0.84141
1488             19        0.86202
1489             19        0.88564
1490             19         0.9066
1491             19        0.92958
1492             19        0.95232
1493             19         0.9762
1494    19     1
1378    20     0
1495             20        0.02144
1496             20        0.04228
1497             20        0.06299
1498             20        0.08327
1499             20        0.10188
1500             20        0.12273
1501             20        0.14366
1502             20        0.16286
1503             20        0.18403
1504             20        0.20522
1505             20        0.22605
1506             20        0.24682
1507             20        0.26743
1508             20         0.2883
1509             20         0.3086
1510             20        0.32911
1511             20        0.34853
1512             20        0.36962
1513             20        0.39001
1514             20        0.40673
1515             20        0.42779
1516             20        0.44877
1517             20        0.46775
1518             20        0.48358
1519             20        0.50463
1520             20        0.52566
1521             20        0.54693
1522             20        0.56708
1523             20         0.5882
1524             20         0.6094
1525             20        0.62975
1526             20        0.65053
1527             20        0.67048
1528             20        0.69152
1529             20        0.71154
1530             20         0.7326
1531             20        0.75266
1532             20        0.77278
1533             20        0.79331
1534             20        0.81348
1535             20        0.83431
1536             20        0.85514
1537             20        0.87608
1538             20        0.89694
1539             20        0.91751
1540             20        0.93759
1541             20        0.95855
1542             20         0.9795
1543    20     1
1175    21     0
1544             21        0.05761
1545             21        0.12772
1546             21        0.20198
1547             21        0.27493
1548             21         0.3415
1549             21        0.41638
1550             21        0.49058
1551             21        0.56312
1552             21         0.6373
1553             21         0.7107
1554             21        0.78265
1555             21         0.8543
1556             21        0.92763
1557    21     1
1557    22     0
1558             22        0.33201
1559             22        0.66256
1560    22     1
1560    23     0
1561             23        0.01643
1562             23         0.0328
1563             23        0.04918
1564             23        0.06556
1565             23        0.08141
1566             23        0.09603
1567             23        0.11114
1568             23        0.12652
1569             23        0.14252
1570             23        0.15742
1571             23        0.17296
1572             23        0.18771
1573             23        0.20373
1574             23        0.21903
1575             23        0.23441
1576             23        0.24964
1577             23        0.26555
1578             23        0.28105
1579             23        0.29716
1580             23        0.31266
1581             23        0.32876
1582             23        0.34325
1583             23        0.35879
1584             23        0.37411
1585             23        0.38996
1586             23        0.40518
1587             23        0.42103
1588             23        0.43631
1589             23        0.45041
1590             23        0.46552
1591             23        0.48176
1592             23        0.49731
1593             23        0.51298
1594             23        0.52819
1595             23        0.54412
1596             23        0.55853
1597             23        0.57418
1598             23        0.58966
1599             23        0.60425
1600             23        0.62001
1601             23        0.63464
1602             23        0.65048
1603             23        0.66644
1604             23        0.68157
1605             23        0.69409
1606             23        0.70819
1607             23        0.72395
1608             23        0.73984
1609             23         0.7555
1610             23           0.77
1611             23        0.78456
1612             23        0.79914
1613             23        0.81526
1614             23        0.83073
1615             23        0.84503
1616             23           0.86
1617             23         0.8759
1618             23        0.89102
1619             23        0.90697
1620             23        0.92247
1621             23        0.93809
1622             23        0.95347
1623             23        0.96897
1624             23        0.98436
1625    23     1
1560    24     0
1626             24        0.01898
1627             24        0.03653
1628             24        0.05503
1629             24        0.07355
1630             24        0.09221
1631             24        0.11136
1632             24        0.13057
1633             24        0.14949
1634             24        0.16847
1635             24        0.18729
1636             24        0.20613
1637             24        0.22513
1638             24        0.24442
1639             24         0.2631
1640             24        0.28196
1641             24        0.30062
1642             24        0.31917
1643             24        0.33704
1644             24        0.35571
1645             24         0.3746
1646             24        0.39387
1647             24        0.41231
1648             24        0.43133
1649             24        0.44982
1650             24        0.46796
1651             24        0.48655
1652             24        0.50556
1653             24         0.5241
1654             24        0.54306
1655             24        0.56171
1656             24        0.58076
1657             24        0.60012
1658             24        0.61882
1659             24        0.63786
1660             24        0.65561
1661             24        0.67477
1662             24        0.69383
1663             24        0.71281
1664             24        0.73018
1665             24         0.7483
1666             24        0.76763
1667             24        0.78645
1668             24        0.80473
1669             24         0.8219
1670             24        0.84079
1671             24        0.85389
1672             24        0.87272
1673             24        0.88989
1674             24        0.90826
1675             24        0.92748
1676             24        0.94564
1677             24        0.96472
1678             24        0.98291
1679    24     1
1557    25     0
1680             25        0.01753
1681             25         0.0344
1682             25        0.05248
1683             25        0.07043
1684             25        0.08928
1685             25        0.10528
1686             25        0.12304
1687             25         0.1418
1688             25        0.16011
1689             25        0.17801
1690             25        0.19644
1691             25        0.21343
1692             25        0.23258
1693             25        0.25005
1694             25        0.26754
1695             25        0.28653
1696             25        0.30518
1697             25        0.32401
1698             25        0.34304
1699             25        0.35879
1700             25        0.37586
1701             25        0.39425
1702             25        0.41309
1703             25        0.43178
1704             25        0.45074
1705             25        0.46785
1706             25        0.48615
1707             25         0.5033
1708             25        0.52192
1709             25         0.5408
1710             25        0.55919
1711             25        0.57771
1712             25        0.59653
1713             25        0.61476
1714             25        0.63395
1715             25        0.65213
1716             25        0.67066
1717             25        0.68964
1718             25        0.70765
1719             25        0.72641
1720             25        0.74456
1721             25        0.76314
1722             25        0.78184
1723             25         0.8007
1724             25        0.81865
1725             25        0.83741
1726             25        0.85333
1727             25        0.87126
1728             25        0.88945
1729             25        0.90776
1730             25        0.92435
1731             25        0.94272
1732             25        0.96175
1733             25        0.98083
1734    25     1
1168   107     0
1735            107         0.2167
1736            107        0.43197
1737            107        0.59883
1738            107        0.80791
1739   107     1
1739    26     0
1740             26        0.09945
1741             26        0.19622
1742             26        0.29489
1743             26        0.39662
1744             26        0.49873
1745             26         0.5978
1746             26        0.69778
1747             26        0.79791
1748             26        0.90067
1749    26     1
1749   108     0
1750            108        0.02368
1751            108        0.04701
1752            108        0.07125
1753            108        0.09574
1754            108        0.11836
1755            108         0.1426
1756            108        0.16593
1757            108        0.19064
1758            108        0.21545
1759            108        0.23943
1760            108         0.2642
1761            108        0.28502
1762            108        0.30894
1763            108        0.33336
1764            108        0.35715
1765            108        0.38021
1766            108        0.40262
1767            108          0.426
1768            108        0.45032
1769            108        0.47268
1770            108        0.49687
1771            108        0.52013
1772            108         0.5429
1773            108        0.56499
1774            108        0.58861
1775            108        0.61354
1776            108        0.63788
1777            108        0.66254
1778            108        0.68675
1779            108        0.70857
1780            108        0.73324
1781            108         0.7573
1782            108        0.78058
1783            108        0.80434
1784            108        0.82797
1785            108        0.85182
1786            108        0.87616
1787            108        0.90084
1788            108        0.92564
1789            108        0.95051
1790            108          0.975
1791   108     1
1168     3     0
1792              3        0.52435
1793              3        0.52435
1794     3     1
1165    27     0
1795             27        0.07479
1796             27        0.17114
1797             27        0.26749
1798             27        0.35891
1799             27        0.45496
1800             27        0.55049
1801             27        0.64673
1802             27        0.72223
1803             27         0.8185
1804             27        0.90568
1805    27     1
1805    28     0
1806             28        0.07531
1807             28        0.15597
1808             28         0.2373
1809             28        0.32232
1810             28         0.4069
1811             28        0.49295
1812             28        0.57966
1813             28        0.66273
1814             28        0.74557
1815             28        0.83173
1816             28        0.91821
1817    28     1
1817    29     0
1818             29        0.01404
1819             29        0.03277
1820             29          0.051
1821             29        0.06927
1822             29        0.08744
1823             29        0.10506
1824             29        0.12273
1825             29        0.13992
1826             29        0.15831
1827             29        0.17641
1828             29         0.1939
1829             29        0.21178
1830             29        0.23021
1831             29        0.24853
1832             29        0.26667
1833             29        0.28419
1834             29        0.29879
1835             29        0.31536
1836             29        0.33229
1837             29        0.35058
1838             29        0.36906
1839             29        0.38725
1840             29        0.40447
1841             29        0.42173
1842             29        0.44029
1843             29        0.45836
1844             29        0.47617
1845             29         0.4949
1846             29        0.51278
1847             29        0.53039
1848             29        0.54915
1849             29         0.5668
1850             29         0.5847
1851             29        0.60323
1852             29         0.6217
1853             29        0.64032
1854             29        0.65768
1855             29        0.67607
1856             29        0.69413
1857             29        0.71244
1858             29        0.73039
1859             29        0.74865
1860             29        0.76427
1861             29        0.77956
1862             29        0.79818
1863             29        0.81684
1864             29         0.8353
1865             29        0.85376
1866             29        0.87222
1867             29        0.89005
1868             29        0.90872
1869             29        0.92738
1870             29        0.94449
1871             29         0.9629
1872             29        0.98121
1873    29     1
1817    30     0
1874             30        0.11337
1875             30        0.23963
1876             30        0.35412
1877             30        0.48212
1878             30        0.60915
1879             30        0.74004
1880             30        0.86937
1881    30     1
1881    31     0
1882             31        0.04249
1883             31        0.10161
1884             31        0.16577
1885             31        0.23018
1886             31        0.29574
1887             31        0.36088
1888             31         0.4268
1889             31        0.49241
1890             31        0.55654
1891             31        0.61731
1892             31        0.68142
1893             31        0.74657
1894             31        0.81054
1895             31        0.87269
1896             31        0.93743
1897    31     1
1881    32     0
1898             32        0.07253
1899             32        0.14383
1900             32        0.21053
1901             32        0.28214
1902             32        0.34728
1903             32        0.41924
1904             32        0.49067
1905             32        0.56301
1906             32        0.63638
1907             32        0.70908
1908             32        0.78174
1909             32        0.85589
1910             32        0.92853
1911    32     1
1805    33     0
1912             33        0.01319
1913             33          0.027
1914             33        0.04038
1915             33        0.05409
1916             33        0.06761
1917             33        0.08125
1918             33         0.0949
1919             33        0.10869
1920             33        0.12125
1921             33        0.13344
1922             33        0.14666
1923             33        0.16028
1924             33        0.17416
1925             33        0.18686
1926             33        0.20006
1927             33        0.21308
1928             33        0.22625
1929             33        0.23919
1930             33        0.25267
1931             33        0.26652
1932             33        0.27948
1933             33        0.29288
1934             33        0.30588
1935             33         0.3187
1936             33        0.33236
1937             33        0.34442
1938             33        0.35809
1939             33        0.37112
1940             33        0.38469
1941             33        0.39592
1942             33        0.40965
1943             33        0.42345
1944             33        0.43728
1945             33        0.45033
1946             33        0.46393
1947             33        0.47669
1948             33        0.48999
1949             33        0.50365
1950             33        0.51715
1951             33        0.53059
1952             33        0.54446
1953             33        0.55747
1954             33        0.56813
1955             33        0.58077
1956             33        0.59359
1957             33        0.60614
1958             33        0.61931
1959             33        0.63256
1960             33        0.64617
1961             33        0.66007
1962             33        0.67396
1963             33        0.68706
1964             33         0.7006
1965             33        0.71342
1966             33        0.72716
1967             33        0.73972
1968             33        0.75346
1969             33        0.76607
1970             33        0.77957
1971             33        0.79337
1972             33        0.80712
1973             33        0.81946
1974             33        0.83274
1975             33        0.84525
1976             33        0.85849
1977             33        0.86988
1978             33         0.8833
1979             33        0.89591
1980             33        0.90782
1981             33        0.92112
1982             33         0.9343
1983             33        0.94738
1984             33        0.96036
1985             33        0.97345
1986             33        0.98641
1987    33     1
