0  0  0
1           0       2e-05
2           0     0.50001
3  0  1
3  29   0
4           29      0.05796
5           29      0.11592
6           29      0.17388
7           29      0.23183
8           29      0.28687
9           29      0.33772
10           29      0.38967
11           29      0.44169
12           29      0.49138
13           29      0.54286
14           29      0.59932
15           29      0.65687
16           29      0.71435
17           29      0.77184
18           29      0.82898
19           29       0.8858
20           29      0.94217
21  29   1
21  86   0
22  86   1
22  87   0
23  87   1
23  88   0
24  88   1
24  89   0
25           89      0.31288
26           89       0.6535
27  89   1
27  90   0
28           90      0.13471
29           90      0.30227
30           90      0.47777
31           90      0.65306
32           90      0.82729
33  90   1
33  91   0
34           91      0.18247
35           91      0.39349
36           91      0.60455
37           91       0.8156
38  91   1
38  92   0
39           92      0.11664
40           92      0.22882
41           92      0.34101
42           92      0.45242
43           92       0.5645
44           92      0.67643
45           92        0.788
46           92      0.88964
47  92   1
47  93   0
48           93      0.24445
49           93      0.51536
50           93      0.78351
51  93   1
51  94   0
52           94      0.35079
53           94       0.6744
54  94   1
54  95   0
55           95      0.49385
56  95   1
56  96   0
57           96      0.47463
58  96   1
58  97   0
59           97      0.08855
60           97      0.18084
61           97      0.27314
62           97      0.36413
63           97      0.45551
64           97      0.54733
65           97       0.6396
66           97      0.73186
67           97      0.82383
68           97      0.91586
69  97   1
69  98   0
70           98      0.56281
71  98   1
71  99   0
72  99   1
72  100    0
73           100       0.11248
74           100       0.23974
75           100       0.36765
76           100       0.48862
77           100       0.61735
78           100       0.74459
79           100       0.87207
80  100    1
80  101    0
81           101       0.49336
82  101    1
82  102    0
83           102       0.11114
84           102       0.22076
85           102       0.33298
86           102       0.44471
87           102       0.55812
88           102       0.66796
89           102       0.77613
90           102       0.88915
91  102    1
91  103    0
92           103       0.05158
93           103       0.10468
94           103       0.15783
95           103         0.209
96           103        0.2602
97           103        0.3128
98           103       0.36634
99           103       0.41934
100           103       0.47274
101           103       0.52604
102           103       0.57852
103           103       0.63027
104           103       0.68268
105           103       0.73572
106           103       0.78875
107           103       0.84215
108           103       0.89473
109           103       0.94663
110  103    1
110  104    0
111           104       0.13521
112           104       0.25842
113           104       0.41584
114           104       0.57253
115           104       0.72975
116           104       0.87018
117  104    1
117  105    0
118           105       0.26568
119           105       0.51012
120           105       0.75232
121  105    1
121   30    0
122            30       0.14606
123            30       0.29169
124            30       0.43662
125            30       0.57115
126            30       0.71643
127            30        0.8618
128   30    1
128   31    0
129            31       0.05189
130            31       0.10251
131            31       0.15268
132            31       0.20287
133            31       0.25152
134            31       0.30192
135            31       0.35323
136            31       0.40355
137            31        0.4522
138            31       0.50271
139            31       0.55386
140            31       0.60271
141            31       0.65288
142            31       0.70389
143            31        0.7541
144            31        0.8056
145            31       0.85606
146            31       0.90583
147            31       0.95625
148   31    1
148  106    0
149           106       0.10101
150           106       0.20332
151           106       0.30511
152           106       0.40567
153           106       0.50525
154           106       0.60615
155           106       0.70629
156           106       0.80058
157           106        0.8999
158  106    1
158  107    0
159           107        0.0649
160           107       0.12601
161           107       0.18815
162           107       0.25136
163           107       0.31227
164           107       0.37686
165           107       0.43536
166           107       0.49948
167           107       0.56196
168           107       0.62521
169           107       0.68802
170           107       0.75233
171           107       0.81653
172           107       0.88084
173           107       0.94218
174  107    1
174  108    0
175           108       0.03171
176           108       0.06137
177           108       0.09203
178           108       0.12232
179           108       0.15129
180           108       0.18197
181           108       0.21291
182           108       0.24359
183           108       0.27444
184           108       0.30516
185           108       0.33597
186           108       0.36674
187           108       0.39603
188           108       0.42596
189           108       0.45666
190           108       0.48722
191           108       0.51658
192           108       0.54727
193           108       0.57746
194           108       0.60771
195           108       0.63851
196           108       0.66795
197           108       0.69767
198           108       0.72828
199           108       0.75813
200           108        0.7891
201           108       0.81999
202           108       0.85071
203           108       0.88156
204           108       0.91247
205           108       0.94245
206           108       0.97218
207  108    1
207  109    0
208           109       0.05891
209           109       0.11822
210           109       0.16658
211           109       0.22418
212           109       0.27805
213           109        0.3345
214           109       0.39255
215           109       0.44606
216           109       0.50113
217           109       0.55296
218           109       0.60242
219           109       0.65943
220           109        0.7179
221           109       0.77384
222           109       0.82955
223           109       0.88347
224           109       0.94279
225  109    1
207  110    0
226           110       0.12904
227           110       0.25572
228           110       0.37968
229           110         0.502
230           110       0.61965
231           110       0.74606
232           110       0.87295
233  110    1
174  111    0
234           111       0.03516
235           111       0.07457
236           111       0.11441
237           111       0.15269
238           111       0.19212
239           111       0.23248
240           111       0.27114
241           111       0.31027
242           111       0.34943
243           111       0.38815
244           111        0.4231
245           111       0.46242
246           111       0.50206
247           111       0.54132
248           111       0.57861
249           111       0.61534
250           111        0.6489
251           111       0.68821
252           111        0.7261
253           111       0.76593
254           111       0.80452
255           111       0.84284
256           111       0.88236
257           111       0.92242
258           111       0.96019
259  111    1
158  112    0
260           112       0.02035
261           112       0.03975
262           112       0.05893
263           112       0.07888
264           112       0.09865
265           112        0.1187
266           112       0.13863
267           112       0.15735
268           112       0.17664
269           112       0.19616
270           112       0.21601
271           112       0.23538
272           112       0.25475
273           112       0.27468
274           112       0.29472
275           112       0.31463
276           112        0.3348
277           112       0.35462
278           112       0.37384
279           112       0.39345
280           112       0.41352
281           112       0.43334
282           112       0.45296
283           112       0.47205
284           112       0.49201
285           112       0.51182
286           112       0.53181
287           112       0.55121
288           112       0.57108
289           112       0.59097
290           112       0.61068
291           112       0.63065
292           112       0.65073
293           112       0.67071
294           112       0.69034
295           112       0.71043
296           112       0.72948
297           112       0.74878
298           112       0.76865
299           112       0.78836
300           112       0.80835
301           112       0.82758
302           112       0.84515
303           112       0.86484
304           112       0.88486
305           112       0.90493
306           112       0.92464
307           112       0.94445
308           112       0.96448
309           112        0.9814
310  112    1
310  113    0
311           113       0.03174
312           113       0.06649
313           113       0.10353
314           113       0.14025
315           113       0.17756
316           113       0.21459
317           113       0.25154
318           113       0.28433
319           113       0.32048
320           113       0.35637
321           113       0.39031
322           113       0.42514
323           113       0.46216
324           113       0.49819
325           113       0.53565
326           113       0.57253
327           113        0.6073
328           113       0.64271
329           113       0.67817
330           113       0.71429
331           113       0.75048
332           113       0.78669
333           113         0.824
334           113        0.8613
335           113       0.89202
336           113       0.92799
337           113       0.96303
338  113    1
310  114    0
339           114       0.05143
340           114       0.12139
341           114         0.188
342           114       0.25486
343           114       0.32543
344           114       0.39459
345           114       0.46338
346           114       0.53045
347           114       0.59819
348           114       0.66759
349           114       0.73213
350           114       0.79991
351           114       0.86899
352           114       0.93136
353  114    1
128   32    0
354            32       0.05189
355            32       0.10604
356            32       0.16045
357            32       0.21051
358            32       0.26208
359            32       0.30474
360            32        0.3584
361            32       0.41327
362            32       0.46613
363            32       0.52026
364            32       0.57333
365            32       0.62569
366            32       0.67838
367            32       0.73137
368            32       0.78607
369            32       0.83921
370            32       0.89271
371            32        0.9472
372   32    1
372  115    0
373           115        0.3332
374           115       0.66193
375  115    1
117   33    0
376            33       0.03587
377            33       0.06744
378            33       0.09701
379            33       0.12698
380            33       0.14351
381            33       0.17051
382            33       0.20168
383            33       0.23321
384            33       0.26518
385            33       0.29781
386            33       0.32891
387            33       0.36134
388            33       0.39419
389            33       0.42688
390            33       0.45964
391            33       0.49239
392            33       0.52511
393            33       0.55677
394            33        0.5884
395            33       0.61966
396            33       0.65001
397            33       0.68255
398            33       0.71528
399            33       0.74449
400            33        0.7756
401            33       0.80739
402            33       0.83968
403            33       0.87236
404            33       0.90451
405            33       0.93697
406            33       0.96728
407   33    1
110   34    0
408            34       0.03769
409            34        0.0743
410            34       0.11249
411            34       0.15105
412            34       0.18921
413            34         0.227
414            34       0.26405
415            34       0.30273
416            34       0.34183
417            34       0.37934
418            34       0.41666
419            34       0.45161
420            34       0.48975
421            34       0.52695
422            34       0.56456
423            34       0.58884
424            34       0.62788
425            34       0.66449
426            34       0.70283
427            34       0.74071
428            34       0.77922
429            34       0.81712
430            34       0.85443
431            34       0.88576
432            34       0.92312
433            34       0.96076
434   34    1
91  35   0
435            35       0.02858
436            35       0.05721
437            35       0.08821
438            35       0.11805
439            35       0.14809
440            35       0.17766
441            35       0.20629
442            35       0.23669
443            35       0.26666
444            35       0.29494
445            35       0.32391
446            35       0.35349
447            35       0.38408
448            35       0.41411
449            35       0.44404
450            35       0.47357
451            35        0.5038
452            35        0.5345
453            35       0.56324
454            35       0.59368
455            35       0.62457
456            35       0.65463
457            35       0.68547
458            35       0.71594
459            35       0.74582
460            35       0.77425
461            35        0.8035
462            35       0.83307
463            35       0.85649
464            35       0.88675
465            35       0.91206
466            35       0.94074
467            35       0.96976
468   35    1
82  36   0
469            36       0.02861
470            36       0.05861
471            36       0.08781
472            36       0.11418
473            36       0.14446
474            36        0.1731
475            36       0.20317
476            36       0.23291
477            36       0.26254
478            36       0.29108
479            36       0.32025
480            36        0.3497
481            36       0.37979
482            36       0.41062
483            36       0.44117
484            36       0.46969
485            36       0.49845
486            36       0.52848
487            36       0.55611
488            36        0.5858
489            36       0.61536
490            36       0.64446
491            36       0.67421
492            36       0.70492
493            36       0.73507
494            36       0.76589
495            36       0.79634
496            36       0.82683
497            36        0.8576
498            36       0.88509
499            36       0.91452
500            36       0.94467
501            36       0.97531
502   36    1
80  37   0
503            37       0.02291
504            37       0.04713
505            37       0.07129
506            37       0.09541
507            37       0.12001
508            37       0.14366
509            37       0.16845
510            37        0.1921
511            37       0.21632
512            37       0.24004
513            37        0.2628
514            37       0.28637
515            37       0.31083
516            37        0.3342
517            37       0.35841
518            37       0.38232
519            37       0.40623
520            37       0.42996
521            37       0.45472
522            37       0.47937
523            37       0.50383
524            37       0.52805
525            37       0.55143
526            37       0.57615
527            37       0.60068
528            37       0.62548
529            37       0.64922
530            37         0.673
531            37        0.6967
532            37       0.72105
533            37       0.74505
534            37       0.76884
535            37       0.79267
536            37        0.8171
537            37       0.84057
538            37       0.86526
539            37       0.88821
540            37       0.90856
541            37       0.93014
542            37       0.95369
543            37       0.97611
544   37    1
72  38   0
545   38    1
545   39    0
546            39       0.03149
547            39       0.05883
548            39       0.08523
549            39       0.11266
550            39       0.13977
551            39       0.16582
552            39       0.19315
553            39       0.22065
554            39        0.2468
555            39       0.27405
556            39       0.30056
557            39       0.32751
558            39        0.3554
559            39       0.38277
560            39       0.41066
561            39        0.4379
562            39       0.46034
563            39       0.48577
564            39       0.51274
565            39       0.54063
566            39        0.5686
567            39       0.59615
568            39       0.62307
569            39       0.64904
570            39       0.67619
571            39        0.7037
572            39       0.73021
573            39        0.7574
574            39       0.78493
575            39       0.81251
576            39       0.84008
577            39       0.86789
578            39         0.895
579            39       0.92248
580            39       0.94961
581            39       0.97438
582   39    1
545   40    0
583            40       0.03265
584            40       0.05996
585            40       0.08705
586            40       0.11464
587            40       0.14127
588            40       0.16714
589            40       0.19249
590            40       0.21885
591            40       0.24523
592            40        0.2713
593            40       0.29833
594            40       0.32573
595            40       0.35198
596            40       0.37958
597            40       0.40656
598            40       0.43414
599            40       0.46113
600            40       0.48886
601            40       0.51657
602            40       0.54338
603            40       0.57068
604            40        0.5974
605            40       0.62462
606            40       0.65237
607            40       0.68015
608            40       0.70768
609            40       0.73353
610            40       0.75946
611            40       0.78734
612            40       0.81499
613            40       0.84214
614            40        0.8693
615            40       0.89708
616            40       0.92486
617            40       0.95182
618            40       0.97849
619   40    1
71  41   0
620            41       0.02028
621            41       0.04691
622            41       0.07165
623            41        0.0991
624            41       0.12641
625            41       0.15454
626            41       0.18238
627            41       0.20979
628            41       0.23796
629            41       0.26508
630            41       0.29245
631            41       0.32062
632            41        0.3479
633            41       0.37569
634            41        0.4024
635            41       0.42958
636            41       0.45714
637            41       0.48503
638            41       0.51256
639            41       0.54001
640            41       0.56739
641            41       0.59517
642            41       0.62335
643            41       0.65042
644            41       0.67624
645            41        0.7033
646            41       0.73069
647            41       0.75843
648            41       0.78118
649            41       0.80918
650            41       0.83703
651            41       0.86375
652            41       0.89081
653            41       0.91836
654            41       0.94571
655            41       0.97328
656   41    1
69  116    0
657           116       0.24964
658           116       0.50642
659           116       0.76303
660  116    1
660  117    0
661           117       0.08107
662           117        0.1651
663           117       0.24729
664           117       0.33073
665           117       0.41476
666           117       0.49829
667           117       0.58235
668           117        0.6657
669           117       0.75009
670           117       0.83317
671           117       0.91729
672  117    1
672  118    0
673           118       0.37626
674           118       0.71216
675  118    1
675  119    0
676           119        0.2174
677           119       0.41113
678           119       0.61731
679           119       0.82684
680  119    1
680  120    0
681           120       0.16489
682           120       0.30538
683           120        0.4455
684           120       0.58594
685           120       0.72503
686           120       0.86508
687  120    1
687  121    0
688           121       0.20414
689           121        0.4729
690           121       0.73925
691  121    1
691  122    0
692           122       0.31778
693           122       0.65545
694  122    1
694  123    0
695           123       0.17297
696           123       0.39019
697           123       0.60755
698           123       0.82145
699  123    1
699  124    0
700           124       0.12988
701           124       0.25285
702           124       0.37625
703           124       0.50188
704           124       0.62995
705           124        0.7576
706           124       0.88484
707  124    1
707  125    0
708  125    1
708   42    0
709            42       0.12725
710            42       0.25248
711            42       0.37739
712            42        0.5043
713            42       0.63175
714            42        0.7572
715            42        0.8834
716   42    1
716   43    0
717            43       0.48058
718   43    1
718   44    0
719            44       0.05305
720            44       0.10137
721            44        0.1471
722            44        0.1945
723            44       0.24297
724            44       0.29153
725            44       0.33975
726            44       0.38845
727            44        0.4325
728            44       0.47988
729            44       0.52735
730            44        0.5749
731            44       0.62277
732            44       0.66966
733            44       0.71591
734            44       0.76367
735            44       0.81102
736            44       0.85862
737            44       0.90582
738            44       0.95312
739   44    1
739  126    0
740           126       0.20511
741           126       0.40882
742           126       0.60871
743           126       0.80625
744  126    1
744  127    0
745           127       0.02985
746           127       0.05939
747           127       0.08927
748           127       0.12108
749           127       0.15313
750           127       0.18558
751           127       0.21491
752           127       0.24735
753           127       0.27921
754           127       0.31064
755           127       0.34161
756           127       0.37371
757           127       0.40611
758           127       0.43808
759           127        0.4695
760           127       0.50091
761           127       0.53245
762           127       0.56507
763           127       0.59653
764           127       0.62746
765           127       0.65917
766           127        0.6914
767           127       0.72372
768           127       0.75476
769           127       0.78714
770           127       0.81772
771           127       0.84907
772           127       0.88102
773           127       0.91072
774           127       0.94169
775           127       0.96798
776  127    1
744  128    0
777           128       0.14167
778           128       0.28393
779           128       0.42878
780           128        0.5701
781           128       0.71177
782           128       0.85905
783  128    1
718   45    0
784            45       0.05277
785            45       0.10148
786            45        0.1497
787            45       0.19814
788            45       0.24598
789            45        0.2935
790            45       0.33957
791            45       0.38833
792            45       0.43655
793            45       0.48349
794            45       0.53115
795            45       0.57976
796            45       0.62456
797            45       0.67015
798            45       0.71649
799            45       0.76418
800            45        0.8121
801            45       0.85862
802            45       0.90378
803            45       0.95144
804   45    1
804  129    0
805           129       0.03162
806           129       0.06401
807           129       0.09664
808           129       0.12903
809           129       0.16157
810           129        0.1942
811           129       0.22655
812           129       0.25903
813           129       0.29172
814           129       0.32411
815           129         0.356
816           129       0.38821
817           129       0.41988
818           129       0.45247
819           129       0.48504
820           129       0.51736
821           129       0.54999
822           129        0.5826
823           129       0.61519
824           129       0.64773
825           129       0.68003
826           129       0.71252
827           129       0.74489
828           129       0.77672
829           129       0.80871
830           129       0.84059
831           129       0.87148
832           129       0.90406
833           129       0.93599
834           129       0.96843
835  129    1
716   46    0
836            46        0.0394
837            46       0.08585
838            46       0.13195
839            46       0.17784
840            46       0.22303
841            46       0.26998
842            46       0.31696
843            46       0.36394
844            46       0.41119
845            46       0.45789
846            46       0.50213
847            46       0.54509
848            46       0.59049
849            46       0.63584
850            46       0.68099
851            46       0.72651
852            46       0.77352
853            46       0.81758
854            46       0.86089
855            46       0.90743
856            46       0.95438
857   46    1
857  130    0
858           130       0.06397
859           130       0.13214
860           130       0.19962
861           130       0.26651
862           130       0.33086
863           130       0.39766
864           130       0.46425
865           130       0.51807
866           130       0.58484
867           130       0.65304
868           130       0.71858
869           130       0.78474
870           130       0.85195
871           130       0.91617
872           130       0.94627
873  130    1
707   47    0
874            47       0.06222
875            47       0.11922
876            47       0.17372
877            47       0.23144
878            47       0.28846
879            47       0.34428
880            47       0.40157
881            47       0.45881
882            47       0.51643
883            47       0.56594
884            47       0.62111
885            47       0.67397
886            47       0.73124
887            47       0.78964
888            47       0.84235
889            47       0.89553
890            47        0.9502
891   47    1
699   48    0
892            48        0.0325
893            48        0.0683
894            48       0.10438
895            48       0.13835
896            48       0.17388
897            48       0.20954
898            48       0.24532
899            48       0.28029
900            48       0.31131
901            48       0.34071
902            48       0.37634
903            48       0.41271
904            48       0.44795
905            48        0.4827
906            48       0.51746
907            48       0.55115
908            48       0.58132
909            48        0.6149
910            48       0.65033
911            48        0.6857
912            48       0.71964
913            48       0.75589
914            48       0.78859
915            48       0.82195
916            48       0.85773
917            48       0.89376
918            48       0.92929
919            48       0.96526
920   48    1
694   49    0
921            49       0.02488
922            49       0.05314
923            49       0.08334
924            49       0.11296
925            49       0.14338
926            49       0.17281
927            49       0.20304
928            49       0.23366
929            49       0.26382
930            49       0.29219
931            49       0.32238
932            49       0.35205
933            49       0.37552
934            49        0.4055
935            49       0.43589
936            49       0.46641
937            49       0.49657
938            49       0.52661
939            49       0.55097
940            49       0.58103
941            49       0.61135
942            49         0.642
943            49         0.672
944            49       0.70258
945            49       0.73324
946            49       0.76363
947            49       0.79223
948            49       0.82116
949            49       0.85053
950            49       0.88058
951            49       0.91132
952            49       0.94152
953            49       0.97074
954   49    1
954  131    0
955  131    1
691   50    0
956            50       0.02962
957            50       0.06139
958            50       0.09239
959            50       0.12436
960            50       0.15674
961            50       0.18738
962            50       0.21888
963            50        0.2514
964            50       0.28133
965            50       0.31388
966            50       0.34066
967            50       0.37171
968            50       0.40426
969            50        0.4368
970            50       0.45512
971            50       0.48727
972            50       0.51956
973            50       0.55191
974            50       0.58344
975            50       0.61456
976            50       0.64647
977            50       0.67868
978            50       0.71118
979            50       0.74395
980            50       0.77661
981            50       0.80769
982            50       0.84006
983            50       0.87185
984            50       0.90465
985            50       0.93734
986            50       0.96812
987   50    1
987  132    0
988           132        0.0593
989           132       0.11591
990           132       0.16792
991           132       0.22812
992           132       0.28845
993           132       0.34905
994           132       0.40922
995           132        0.4684
996           132       0.52672
997           132       0.58594
998           132       0.64553
999           132       0.70633
1000            132        0.76463
1001            132        0.82421
1002            132        0.88154
1003            132        0.94057
1004   132     1
687   51    0
1005             51        0.02778
1006             51        0.05919
1007             51         0.0907
1008             51        0.12104
1009             51        0.15152
1010             51        0.18195
1011             51        0.21202
1012             51        0.24293
1013             51        0.27398
1014             51        0.30481
1015             51        0.33515
1016             51        0.36586
1017             51        0.39752
1018             51        0.42794
1019             51        0.45746
1020             51        0.48872
1021             51        0.51993
1022             51        0.55176
1023             51        0.58292
1024             51        0.61212
1025             51        0.64226
1026             51        0.66743
1027             51        0.69609
1028             51        0.72526
1029             51        0.75508
1030             51        0.78634
1031             51        0.81738
1032             51        0.84915
1033             51        0.87807
1034             51        0.90649
1035             51        0.93637
1036             51        0.96804
1037    51     1
680   52    0
1038             52        0.03717
1039             52        0.06861
1040             52         0.1038
1041             52        0.13966
1042             52        0.17414
1043             52        0.20872
1044             52        0.24483
1045             52        0.27942
1046             52        0.31388
1047             52        0.34893
1048             52        0.38364
1049             52        0.41935
1050             52        0.45556
1051             52          0.491
1052             52        0.52649
1053             52        0.56237
1054             52        0.59786
1055             52        0.63266
1056             52        0.66712
1057             52        0.70231
1058             52        0.73835
1059             52         0.7725
1060             52        0.80821
1061             52        0.84313
1062             52        0.87632
1063             52        0.89784
1064             52         0.9325
1065             52        0.96677
1066    52     1
675   53    0
1067             53        0.34587
1068             53        0.67042
1069    53     1
1069    54     0
1070             54        0.02696
1071             54        0.05459
1072             54        0.08174
1073             54        0.10848
1074             54        0.13676
1075             54        0.16506
1076             54        0.19335
1077             54        0.22028
1078             54        0.24684
1079             54        0.27504
1080             54        0.30214
1081             54        0.32908
1082             54        0.35673
1083             54        0.38393
1084             54        0.41108
1085             54        0.43928
1086             54        0.46761
1087             54        0.49451
1088             54        0.52272
1089             54         0.5509
1090             54        0.57805
1091             54        0.60491
1092             54         0.6321
1093             54        0.65934
1094             54        0.68774
1095             54        0.71521
1096             54        0.74239
1097             54        0.77039
1098             54        0.79808
1099             54        0.82559
1100             54        0.85352
1101             54        0.87494
1102             54        0.90097
1103             54        0.92742
1104             54        0.95428
1105             54        0.97883
1106    54     1
1069    55     0
1107             55        0.04438
1108             55        0.09344
1109             55        0.13992
1110             55        0.18382
1111             55        0.23054
1112             55          0.277
1113             55        0.32305
1114             55        0.37068
1115             55        0.41592
1116             55        0.46309
1117             55        0.51069
1118             55        0.55967
1119             55         0.6069
1120             55        0.65386
1121             55        0.70039
1122             55        0.74559
1123             55        0.79347
1124             55        0.84118
1125             55        0.88762
1126             55        0.93489
1127             55        0.98204
1128    55     1
672   56    0
1129             56        0.04825
1130             56        0.09586
1131             56        0.14253
1132             56        0.18911
1133             56        0.23818
1134             56        0.28655
1135             56        0.33464
1136             56        0.38467
1137             56        0.43469
1138             56        0.48417
1139             56        0.52819
1140             56        0.57525
1141             56        0.62102
1142             56        0.67043
1143             56        0.71943
1144             56        0.76778
1145             56        0.81654
1146             56        0.86584
1147             56        0.90937
1148             56        0.95221
1149    56     1
660   57    0
1150             57        0.01912
1151             57        0.04896
1152             57        0.07724
1153             57        0.10647
1154             57        0.13765
1155             57        0.16739
1156             57        0.19728
1157             57        0.22666
1158             57         0.2568
1159             57        0.28548
1160             57        0.31583
1161             57        0.34513
1162             57        0.37313
1163             57        0.40315
1164             57        0.43264
1165             57        0.46059
1166             57        0.48952
1167             57        0.52032
1168             57         0.5505
1169             57         0.5814
1170             57        0.61134
1171             57        0.64104
1172             57        0.67196
1173             57        0.70267
1174             57        0.73193
1175             57        0.76186
1176             57        0.79205
1177             57        0.82266
1178             57         0.8518
1179             57        0.88133
1180             57         0.9119
1181             57        0.94139
1182             57        0.97133
1183    57     1
58  58   0
1184             58        0.07314
1185             58        0.23656
1186             58        0.40008
1187             58        0.54266
1188             58        0.70543
1189             58        0.85862
1190    58     1
1190    59     0
1191             59        0.03437
1192             59        0.06637
1193             59        0.09617
1194             59        0.12748
1195             59        0.15761
1196             59        0.18893
1197             59        0.22073
1198             59        0.25215
1199             59        0.28432
1200             59        0.31402
1201             59        0.34091
1202             59        0.37094
1203             59         0.4018
1204             59        0.43342
1205             59        0.46574
1206             59        0.49777
1207             59        0.52947
1208             59        0.56181
1209             59        0.59354
1210             59        0.62577
1211             59        0.65744
1212             59        0.68909
1213             59        0.71909
1214             59        0.74962
1215             59         0.7806
1216             59        0.81213
1217             59        0.84226
1218             59        0.87398
1219             59        0.90546
1220             59         0.9369
1221             59        0.96869
1222    59     1
1190    60     0
1223             60        0.09058
1224             60         0.1564
1225             60        0.24509
1226             60        0.33323
1227             60        0.42324
1228             60        0.49877
1229             60        0.58796
1230             60        0.67098
1231             60        0.75412
1232             60        0.83652
1233             60           0.92
1234    60     1
56  61   0
1235             61        0.01967
1236             61        0.04207
1237             61         0.0643
1238             61        0.08613
1239             61        0.10863
1240             61        0.13108
1241             61        0.15282
1242             61        0.17516
1243             61        0.19738
1244             61        0.21964
1245             61        0.24205
1246             61        0.26374
1247             61        0.28584
1248             61        0.30833
1249             61        0.32779
1250             61        0.34654
1251             61        0.36779
1252             61        0.38778
1253             61        0.40854
1254             61        0.43104
1255             61        0.45349
1256             61         0.4757
1257             61        0.49817
1258             61        0.52006
1259             61        0.54084
1260             61        0.56299
1261             61        0.58446
1262             61        0.60668
1263             61        0.62894
1264             61        0.65144
1265             61        0.67406
1266             61        0.69663
1267             61        0.71881
1268             61        0.74031
1269             61        0.76265
1270             61        0.78438
1271             61        0.80675
1272             61        0.82903
1273             61        0.85061
1274             61        0.87279
1275             61         0.8948
1276             61        0.91612
1277             61        0.93752
1278             61        0.95922
1279             61        0.98069
1280    61     1
54  62   0
1281             62        0.01441
1282             62        0.03304
1283             62        0.05091
1284             62        0.06937
1285             62        0.08749
1286             62        0.10593
1287             62        0.12366
1288             62        0.14198
1289             62        0.16025
1290             62        0.17829
1291             62        0.19627
1292             62        0.21468
1293             62        0.23258
1294             62        0.25067
1295             62        0.26915
1296             62        0.28742
1297             62         0.3056
1298             62        0.32355
1299             62        0.34154
1300             62        0.35994
1301             62        0.37826
1302             62        0.39651
1303             62        0.41481
1304             62        0.43315
1305             62        0.45177
1306             62           0.47
1307             62        0.48602
1308             62        0.50369
1309             62        0.52224
1310             62        0.53924
1311             62        0.55123
1312             62        0.56815
1313             62        0.58673
1314             62        0.60474
1315             62        0.62309
1316             62        0.64143
1317             62        0.65991
1318             62        0.67801
1319             62        0.69638
1320             62         0.7141
1321             62        0.73257
1322             62        0.75031
1323             62        0.76797
1324             62        0.78658
1325             62        0.80511
1326             62        0.82297
1327             62         0.8407
1328             62        0.85819
1329             62        0.87561
1330             62        0.89365
1331             62        0.91204
1332             62        0.93003
1333             62        0.94816
1334             62        0.96645
1335             62        0.98392
1336    62     1
51  63   0
1337             63        0.27276
1338             63        0.52051
1339             63        0.76542
1340    63     1
1340    64     0
1341             64        0.08459
1342             64        0.16952
1343             64        0.25481
1344             64        0.33838
1345             64        0.42186
1346             64        0.50543
1347             64        0.58284
1348             64          0.668
1349             64        0.75299
1350             64        0.83574
1351             64        0.91832
1352    64     1
1352    65     0
1353             65         0.0331
1354             65        0.06654
1355             65        0.09823
1356             65        0.13103
1357             65        0.16429
1358             65        0.19766
1359             65        0.23022
1360             65        0.26201
1361             65        0.29206
1362             65         0.3239
1363             65        0.35753
1364             65        0.38939
1365             65        0.42268
1366             65        0.45595
1367             65        0.48866
1368             65        0.52155
1369             65        0.55089
1370             65        0.58241
1371             65        0.61386
1372             65        0.64721
1373             65        0.68054
1374             65        0.71272
1375             65        0.74226
1376             65        0.77542
1377             65        0.80493
1378             65        0.83776
1379             65        0.87035
1380             65        0.90288
1381             65         0.9356
1382             65        0.96785
1383    65     1
1352    66     0
1384             66        0.04715
1385             66        0.09102
1386             66        0.13546
1387             66         0.1786
1388             66        0.22144
1389             66        0.26582
1390             66        0.30998
1391             66        0.35452
1392             66        0.39888
1393             66        0.44246
1394             66        0.48435
1395             66        0.52229
1396             66        0.56653
1397             66        0.60962
1398             66        0.65379
1399             66        0.69472
1400             66         0.7376
1401             66        0.78152
1402             66        0.82591
1403             66        0.87064
1404             66        0.91307
1405             66        0.95541
1406    66     1
1340    67     0
1407             67        0.03619
1408             67        0.06581
1409             67        0.09765
1410             67        0.12971
1411             67        0.16261
1412             67         0.1952
1413             67        0.22692
1414             67        0.25856
1415             67        0.29067
1416             67        0.32297
1417             67        0.35568
1418             67        0.38847
1419             67        0.41993
1420             67         0.4527
1421             67        0.48552
1422             67        0.51725
1423             67        0.55029
1424             67        0.58283
1425             67        0.61495
1426             67         0.6471
1427             67         0.6774
1428             67        0.70985
1429             67        0.74199
1430             67        0.77416
1431             67        0.80571
1432             67        0.83838
1433             67        0.87169
1434             67        0.90399
1435             67        0.93648
1436             67        0.96702
1437    67     1
47  68   0
1438             68         0.0238
1439             68        0.04648
1440             68        0.07044
1441             68        0.09487
1442             68        0.11862
1443             68        0.14342
1444             68        0.16726
1445             68        0.19241
1446             68        0.21709
1447             68        0.23982
1448             68        0.26432
1449             68        0.28841
1450             68         0.3134
1451             68        0.33769
1452             68        0.36217
1453             68        0.38731
1454             68        0.41227
1455             68        0.43643
1456             68        0.46138
1457             68        0.48606
1458             68        0.51046
1459             68        0.53532
1460             68        0.56006
1461             68        0.58511
1462             68         0.6102
1463             68        0.63421
1464             68        0.65849
1465             68        0.68314
1466             68        0.70749
1467             68        0.73225
1468             68        0.75709
1469             68        0.78105
1470             68        0.80461
1471             68        0.82921
1472             68        0.85377
1473             68        0.87778
1474             68        0.90131
1475             68        0.92625
1476             68        0.95074
1477             68        0.97572
1478    68     1
38  69   0
1479             69        0.01435
1480             69        0.02787
1481             69        0.04142
1482             69        0.05442
1483             69        0.06813
1484             69        0.08145
1485             69          0.093
1486             69        0.10643
1487             69        0.11854
1488             69        0.13089
1489             69        0.14469
1490             69        0.15836
1491             69        0.17146
1492             69        0.18503
1493             69        0.19856
1494             69        0.21214
1495             69        0.22561
1496             69        0.23877
1497             69        0.25236
1498             69         0.2652
1499             69        0.27817
1500             69        0.29173
1501             69        0.30472
1502             69        0.31804
1503             69        0.33161
1504             69        0.34515
1505             69        0.35886
1506             69        0.37256
1507             69        0.38618
1508             69        0.39986
1509             69        0.41348
1510             69        0.42706
1511             69        0.44063
1512             69        0.45422
1513             69        0.46778
1514             69        0.48152
1515             69        0.49501
1516             69        0.50797
1517             69        0.52153
1518             69        0.53448
1519             69        0.54801
1520             69        0.56131
1521             69         0.5741
1522             69        0.58785
1523             69         0.6015
1524             69        0.61521
1525             69        0.62871
1526             69        0.64222
1527             69        0.65594
1528             69        0.66948
1529             69        0.68318
1530             69        0.69677
1531             69        0.71013
1532             69        0.72352
1533             69        0.73708
1534             69        0.75079
1535             69        0.76413
1536             69        0.77727
1537             69        0.79083
1538             69        0.80458
1539             69        0.81797
1540             69        0.83169
1541             69        0.84532
1542             69         0.8588
1543             69        0.87229
1544             69        0.88572
1545             69        0.89844
1546             69        0.91219
1547             69         0.9252
1548             69        0.93893
1549             69        0.95245
1550             69        0.96615
1551             69        0.97955
1552             69        0.99311
1553    69     1
33  70   0
1554             70        0.01255
1555             70        0.02737
1556             70        0.04303
1557             70        0.05881
1558             70        0.07113
1559             70        0.08691
1560             70        0.10271
1561             70        0.11721
1562             70        0.13302
1563             70        0.14877
1564             70        0.16401
1565             70        0.17847
1566             70        0.19423
1567             70        0.20996
1568             70        0.22548
1569             70        0.24075
1570             70        0.25658
1571             70        0.27229
1572             70         0.2876
1573             70        0.30333
1574             70        0.31919
1575             70        0.33463
1576             70        0.35023
1577             70        0.36538
1578             70        0.38098
1579             70        0.39572
1580             70        0.41135
1581             70         0.4261
1582             70        0.44113
1583             70        0.45649
1584             70        0.47222
1585             70        0.48746
1586             70         0.5028
1587             70        0.51859
1588             70        0.53408
1589             70        0.54925
1590             70        0.56445
1591             70        0.57894
1592             70        0.59408
1593             70        0.60911
1594             70        0.62392
1595             70        0.63908
1596             70        0.65352
1597             70        0.66923
1598             70        0.68478
1599             70        0.70023
1600             70        0.71576
1601             70        0.73146
1602             70        0.74726
1603             70         0.7621
1604             70        0.77339
1605             70         0.7884
1606             70        0.80394
1607             70        0.81956
1608             70        0.83527
1609             70        0.85078
1610             70         0.8662
1611             70        0.88185
1612             70        0.89719
1613             70        0.91176
1614             70        0.92724
1615             70        0.93962
1616             70        0.95463
1617             70        0.96918
1618             70        0.98481
1619    70     1
33  71   0
1620             71        0.04733
1621             71        0.09153
1622             71          0.137
1623             71        0.18261
1624             71        0.22807
1625             71        0.27376
1626             71        0.31804
1627             71        0.36456
1628             71        0.41119
1629             71        0.45798
1630             71        0.50399
1631             71        0.55022
1632             71        0.59538
1633             71        0.64138
1634             71        0.68391
1635             71        0.72925
1636             71        0.77485
1637             71        0.82121
1638             71        0.86636
1639             71        0.91221
1640             71         0.9574
1641    71     1
1641    72     0
1642             72        0.04864
1643             72        0.09354
1644             72        0.13948
1645             72        0.18427
1646             72         0.2298
1647             72        0.27459
1648             72        0.31965
1649             72         0.3655
1650             72        0.40933
1651             72        0.45361
1652             72        0.49982
1653             72        0.54532
1654             72        0.59098
1655             72         0.6366
1656             72        0.68228
1657             72        0.72818
1658             72        0.77439
1659             72        0.81977
1660             72        0.86559
1661             72        0.91142
1662             72        0.95647
1663    72     1
1641    73     0
1664             73        0.50354
1665    73     1
27  74   0
1666             74         0.2464
1667             74        0.62413
1668    74     1
1668    75     0
1669             75        0.01466
1670             75         0.0334
1671             75        0.05353
1672             75        0.07381
1673             75        0.09414
1674             75        0.11152
1675             75        0.13124
1676             75        0.15075
1677             75        0.17059
1678             75        0.19079
1679             75        0.21067
1680             75        0.23068
1681             75        0.25079
1682             75        0.27072
1683             75        0.29058
1684             75        0.31093
1685             75        0.33125
1686             75        0.35015
1687             75        0.37013
1688             75        0.39019
1689             75        0.41032
1690             75        0.42952
1691             75        0.44905
1692             75        0.46946
1693             75         0.4893
1694             75        0.50901
1695             75        0.52906
1696             75        0.54935
1697             75        0.56927
1698             75        0.58847
1699             75        0.60836
1700             75        0.62853
1701             75        0.64894
1702             75        0.66795
1703             75        0.68691
1704             75        0.70714
1705             75        0.72745
1706             75        0.74729
1707             75         0.7677
1708             75        0.78801
1709             75        0.80823
1710             75        0.82421
1711             75        0.83958
1712             75        0.85943
1713             75        0.87959
1714             75        0.90006
1715             75        0.91959
1716             75        0.93946
1717             75        0.95949
1718             75        0.97993
1719    75     1
1668    76     0
1720             76        0.21203
1721             76        0.47563
1722             76        0.73822
1723    76     1
24  77   0
1724             77        0.07615
1725             77        0.15479
1726             77        0.23321
1727             77        0.31212
1728             77        0.38991
1729             77        0.46739
1730             77        0.54324
1731             77        0.62048
1732             77         0.6995
1733             77        0.77036
1734             77        0.84793
1735             77        0.92484
1736    77     1
1736    78     0
1737             78        0.06338
1738             78        0.12374
1739             78         0.1843
1740             78        0.24261
1741             78        0.30114
1742             78        0.36062
1743             78        0.41757
1744             78        0.47476
1745             78        0.53238
1746             78        0.59273
1747             78        0.65221
1748             78        0.71275
1749             78        0.77319
1750             78        0.82123
1751             78        0.88173
1752             78        0.93904
1753    78     1
1736    79     0
1754             79        0.25678
1755             79        0.50505
1756             79        0.75095
1757    79     1
23  80   0
1758             80         0.1009
1759             80        0.19105
1760             80        0.28311
1761             80        0.37181
1762             80        0.45954
1763             80        0.55111
1764             80        0.64253
1765             80        0.73418
1766             80         0.8236
1767             80        0.91472
1768    80     1
1768    81     0
1769             81        0.02213
1770             81        0.04273
1771             81         0.0636
1772             81        0.08367
1773             81        0.10459
1774             81        0.12482
1775             81        0.14451
1776             81        0.16522
1777             81        0.18607
1778             81        0.20715
1779             81        0.22744
1780             81        0.24794
1781             81        0.26663
1782             81        0.28748
1783             81         0.3085
1784             81        0.32486
1785             81        0.34593
1786             81        0.36633
1787             81        0.38739
1788             81        0.40845
1789             81        0.42891
1790             81        0.44927
1791             81        0.47002
1792             81        0.49121
1793             81        0.50933
1794             81        0.52894
1795             81        0.55009
1796             81        0.57107
1797             81        0.59146
1798             81        0.61184
1799             81          0.633
1800             81        0.65329
1801             81        0.67395
1802             81        0.69505
1803             81        0.71599
1804             81        0.73677
1805             81        0.75739
1806             81        0.77737
1807             81        0.79828
1808             81        0.81913
1809             81        0.83961
1810             81        0.85743
1811             81        0.87799
1812             81        0.89908
1813             81        0.91959
1814             81        0.94017
1815             81        0.96116
1816             81        0.98215
1817    81     1
1768    82     0
1818             82        0.02225
1819             82        0.04288
1820             82        0.06322
1821             82        0.08352
1822             82        0.10385
1823             82        0.12457
1824             82        0.14523
1825             82          0.166
1826             82        0.18669
1827             82        0.20762
1828             82        0.22825
1829             82        0.24868
1830             82        0.26878
1831             82          0.289
1832             82        0.30969
1833             82        0.32998
1834             82        0.34879
1835             82        0.36902
1836             82        0.38944
1837             82         0.4102
1838             82        0.43043
1839             82        0.45128
1840             82        0.47028
1841             82        0.49058
1842             82        0.51134
1843             82        0.53075
1844             82        0.55154
1845             82        0.57232
1846             82        0.59265
1847             82        0.61116
1848             82        0.63181
1849             82        0.65218
1850             82        0.67286
1851             82        0.69336
1852             82        0.71395
1853             82        0.73463
1854             82        0.75555
1855             82         0.7764
1856             82        0.79675
1857             82         0.8169
1858             82        0.83751
1859             82        0.85826
1860             82        0.87915
1861             82        0.89985
1862             82         0.9207
1863             82        0.94171
1864             82        0.96239
1865             82        0.98274
1866    82     1
22  83   0
1867             83        0.12315
1868             83        0.23579
1869             83        0.34795
1870             83        0.46063
1871             83        0.57397
1872             83        0.68485
1873             83        0.79803
1874             83        0.90482
1875    83     1
1875    84     0
1876             84        0.01842
1877             84        0.03797
1878             84        0.05658
1879             84        0.07694
1880             84        0.09721
1881             84        0.11696
1882             84        0.13637
1883             84        0.15138
1884             84         0.1682
1885             84        0.18795
1886             84        0.20802
1887             84         0.2283
1888             84        0.24862
1889             84        0.26867
1890             84        0.28818
1891             84        0.30802
1892             84        0.32839
1893             84        0.34796
1894             84        0.36782
1895             84        0.38777
1896             84        0.40772
1897             84        0.42797
1898             84        0.44825
1899             84        0.46821
1900             84        0.48846
1901             84        0.50859
1902             84          0.529
1903             84        0.54896
1904             84        0.56918
1905             84        0.58949
1906             84        0.60958
1907             84        0.62961
1908             84        0.64835
1909             84        0.66794
1910             84        0.68815
1911             84        0.70508
1912             84        0.72508
1913             84        0.74532
1914             84        0.76539
1915             84        0.78542
1916             84        0.80494
1917             84        0.82447
1918             84        0.84473
1919             84        0.86492
1920             84        0.88492
1921             84        0.90325
1922             84        0.92294
1923             84        0.94305
1924             84        0.96241
1925             84        0.98214
1926    84     1
1875    85     0
1927             85        0.35949
1928             85        0.68821
1929    85     1
3  1  0
1930     1     1
1930     4     0
1931              4        0.29658
1932              4        0.64829
1933     4     1
1933     5     0
1934              5        0.10994
1935              5        0.25711
1936              5        0.41413
1937              5        0.54572
1938              5        0.70955
1939              5        0.87173
1940     5     1
1940     6     0
1941              6         0.1311
1942              6        0.25458
1943              6        0.38221
1944              6        0.50998
1945              6        0.63461
1946              6        0.76252
1947              6        0.88942
1948     6     1
1948     7     0
1949              7        0.30601
1950              7        0.65269
1951     7     1
1951     8     0
1952              8        0.01675
1953              8        0.03482
1954              8        0.05254
1955              8        0.07011
1956              8        0.08794
1957              8        0.10524
1958              8        0.12266
1959              8        0.14009
1960              8        0.15718
1961              8        0.17519
1962              8          0.193
1963              8        0.21049
1964              8        0.22817
1965              8        0.24575
1966              8        0.26303
1967              8        0.28061
1968              8        0.29857
1969              8        0.31656
1970              8        0.33366
1971              8        0.35075
1972              8        0.36836
1973              8        0.38608
1974              8        0.40254
1975              8        0.42036
1976              8        0.43819
1977              8        0.45599
1978              8        0.47376
1979              8        0.49176
1980              8        0.50895
1981              8        0.52664
1982              8        0.54416
1983              8        0.56215
1984              8        0.57998
1985              8        0.59791
1986              8        0.61587
1987              8        0.63371
1988              8        0.65116
1989              8        0.66886
1990              8        0.68612
1991              8         0.7028
1992              8        0.72071
1993              8        0.73853
1994              8        0.75597
1995              8        0.77357
1996              8        0.79161
1997              8        0.80958
1998              8        0.82739
1999              8        0.84459
2000              8        0.86153
2001              8        0.87923
2002              8        0.89675
2003              8         0.9141
2004              8        0.93215
2005              8        0.94946
2006              8        0.96557
2007              8        0.98349
2008     8     1
1951     9     0
2009              9        0.01814
2010              9        0.03745
2011              9        0.05724
2012              9        0.07665
2013              9        0.09649
2014              9        0.11622
2015              9        0.13611
2016              9        0.15533
2017              9        0.17493
2018              9         0.1943
2019              9        0.21368
2020              9        0.23269
2021              9        0.25245
2022              9        0.27193
2023              9        0.29055
2024              9        0.31027
2025              9        0.32963
2026              9        0.34894
2027              9        0.36805
2028              9        0.38258
2029              9        0.40242
2030              9        0.42232
2031              9        0.44145
2032              9         0.4608
2033              9        0.47971
2034              9        0.49922
2035              9         0.5167
2036              9        0.53445
2037              9        0.55327
2038              9         0.5731
2039              9        0.59244
2040              9         0.6115
2041              9        0.63105
2042              9        0.65003
2043              9        0.66961
2044              9         0.6893
2045              9        0.70911
2046              9        0.72849
2047              9        0.74792
2048              9         0.7669
2049              9        0.78598
2050              9        0.80561
2051              9         0.8253
2052              9        0.84443
2053              9        0.86403
2054              9        0.88236
2055              9        0.90219
2056              9        0.92193
2057              9        0.94188
2058              9        0.96157
2059              9        0.98088
2060     9     1
1948    10     0
2061             10        0.01467
2062             10        0.03018
2063             10        0.04601
2064             10        0.06107
2065             10        0.07659
2066             10        0.09241
2067             10        0.10835
2068             10        0.12362
2069             10        0.13923
2070             10        0.15472
2071             10        0.17061
2072             10        0.18634
2073             10        0.20174
2074             10        0.21743
2075             10        0.23336
2076             10        0.24916
2077             10        0.26507
2078             10        0.28067
2079             10        0.29556
2080             10        0.31106
2081             10        0.32695
2082             10        0.34257
2083             10        0.35802
2084             10        0.37401
2085             10        0.38977
2086             10        0.40559
2087             10        0.42132
2088             10        0.43711
2089             10        0.45257
2090             10        0.46741
2091             10        0.48316
2092             10        0.49861
2093             10        0.51446
2094             10        0.52818
2095             10        0.54399
2096             10        0.55984
2097             10        0.57544
2098             10        0.59072
2099             10        0.60541
2100             10        0.62109
2101             10        0.63689
2102             10        0.65284
2103             10        0.66823
2104             10        0.68374
2105             10        0.69949
2106             10        0.71436
2107             10         0.7275
2108             10        0.74316
2109             10        0.75901
2110             10         0.7745
2111             10        0.78999
2112             10        0.80578
2113             10        0.82166
2114             10        0.83695
2115             10        0.85245
2116             10        0.86769
2117             10        0.88013
2118             10        0.89524
2119             10        0.91084
2120             10        0.92578
2121             10        0.94103
2122             10        0.95641
2123             10        0.97156
2124             10        0.98467
2125    10     1
1940    11     0
2126             11        0.21215
2127             11        0.40932
2128             11        0.60865
2129             11        0.80894
2130    11     1
2130    12     0
2131             12        0.19435
2132             12        0.38933
2133             12        0.59227
2134             12        0.80593
2135    12     1
2135    13     0
2136             13        0.01758
2137             13        0.03515
2138             13        0.05306
2139             13        0.07071
2140             13        0.08869
2141             13        0.10546
2142             13        0.12251
2143             13        0.14046
2144             13        0.15849
2145             13        0.17649
2146             13        0.19443
2147             13        0.21194
2148             13        0.22981
2149             13        0.24726
2150             13        0.26445
2151             13        0.28177
2152             13        0.29978
2153             13        0.31773
2154             13        0.33564
2155             13        0.35305
2156             13        0.37094
2157             13        0.38878
2158             13        0.40678
2159             13        0.42419
2160             13        0.44109
2161             13        0.45853
2162             13        0.47589
2163             13        0.49389
2164             13        0.51063
2165             13         0.5267
2166             13        0.54418
2167             13        0.56188
2168             13        0.57972
2169             13        0.59703
2170             13         0.6148
2171             13        0.63268
2172             13        0.65052
2173             13        0.66837
2174             13        0.68595
2175             13        0.70369
2176             13         0.7217
2177             13        0.73964
2178             13         0.7573
2179             13        0.77517
2180             13          0.793
2181             13        0.81103
2182             13        0.82896
2183             13        0.84675
2184             13        0.86416
2185             13        0.88188
2186             13        0.89889
2187             13        0.91604
2188             13        0.93302
2189             13        0.94978
2190             13        0.96677
2191             13        0.98396
2192    13     1
2135    14     0
2193             14        0.01964
2194             14        0.04028
2195             14        0.06012
2196             14        0.08121
2197             14        0.10235
2198             14         0.1231
2199             14        0.14402
2200             14        0.16369
2201             14        0.18437
2202             14        0.20445
2203             14        0.22485
2204             14        0.24389
2205             14        0.26482
2206             14        0.28474
2207             14        0.30596
2208             14         0.3272
2209             14        0.34574
2210             14        0.36651
2211             14        0.38758
2212             14        0.40872
2213             14        0.42977
2214             14        0.45066
2215             14        0.47191
2216             14        0.49209
2217             14        0.51302
2218             14        0.53293
2219             14        0.55407
2220             14        0.57455
2221             14        0.59445
2222             14        0.61446
2223             14        0.63494
2224             14        0.65561
2225             14        0.67674
2226             14        0.69643
2227             14        0.71689
2228             14        0.73678
2229             14         0.7577
2230             14        0.77813
2231             14          0.795
2232             14        0.81563
2233             14        0.83613
2234             14        0.85679
2235             14        0.87722
2236             14        0.89756
2237             14        0.91778
2238             14        0.93883
2239             14        0.95972
2240             14        0.97975
2241    14     1
2130    15     0
2242             15        0.02542
2243             15        0.05186
2244             15        0.07789
2245             15        0.10386
2246             15        0.13053
2247             15        0.15639
2248             15        0.18287
2249             15        0.20914
2250             15        0.23463
2251             15        0.26017
2252             15         0.2828
2253             15        0.30902
2254             15        0.33408
2255             15        0.36039
2256             15        0.38551
2257             15        0.41121
2258             15        0.43591
2259             15        0.46241
2260             15        0.48864
2261             15        0.51428
2262             15        0.53945
2263             15        0.56602
2264             15        0.59279
2265             15        0.61903
2266             15        0.64568
2267             15        0.67131
2268             15        0.69711
2269             15        0.72217
2270             15        0.74788
2271             15        0.77299
2272             15        0.79889
2273             15        0.82359
2274             15        0.84906
2275             15        0.87491
2276             15        0.89986
2277             15        0.92513
2278             15        0.94991
2279             15        0.97475
2280    15     1
1933    16     0
2281             16        0.05478
2282             16        0.11062
2283             16        0.17179
2284             16        0.21129
2285             16        0.27204
2286             16        0.33004
2287             16        0.39146
2288             16        0.45168
2289             16        0.51383
2290             16        0.57586
2291             16        0.63575
2292             16        0.69561
2293             16        0.75705
2294             16        0.81876
2295             16        0.87979
2296             16        0.94069
2297    16     1
2297   133     0
2298            133        0.01473
2299            133        0.02943
2300            133        0.04433
2301            133        0.05933
2302            133        0.07414
2303            133        0.08826
2304            133        0.10327
2305            133        0.11799
2306            133        0.13265
2307            133        0.14651
2308            133        0.16113
2309            133         0.1758
2310            133        0.19029
2311            133        0.20515
2312            133        0.22004
2313            133        0.23447
2314            133        0.24942
2315            133        0.26404
2316            133        0.27896
2317            133        0.29382
2318            133        0.30874
2319            133        0.32368
2320            133        0.33849
2321            133        0.35354
2322            133        0.36856
2323            133        0.38332
2324            133        0.39828
2325            133        0.41309
2326            133        0.42801
2327            133        0.44303
2328            133        0.45762
2329            133        0.47251
2330            133        0.48747
2331            133        0.50232
2332            133        0.51744
2333            133         0.5322
2334            133        0.54729
2335            133        0.56233
2336            133        0.57733
2337            133         0.5923
2338            133        0.60737
2339            133        0.62183
2340            133         0.6366
2341            133        0.65159
2342            133        0.66617
2343            133        0.68051
2344            133         0.6952
2345            133        0.70914
2346            133        0.72423
2347            133        0.73895
2348            133        0.75353
2349            133        0.76833
2350            133        0.78265
2351            133        0.79711
2352            133        0.81136
2353            133        0.82515
2354            133        0.84017
2355            133        0.85477
2356            133        0.86957
2357            133        0.88428
2358            133        0.89902
2359            133        0.91375
2360            133        0.92782
2361            133        0.94267
2362            133        0.95499
2363            133        0.97004
2364            133        0.98503
2365   133     1
1930     2     0
2366     2     1
2366    17     0
2367    17     1
2367    18     0
2368             18        0.58668
2369    18     1
2369    19     0
2370             19        0.34899
2371             19        0.66502
2372    19     1
2372    20     0
2373             20        0.06896
2374             20        0.13075
2375             20        0.19633
2376             20        0.26409
2377             20        0.32827
2378             20        0.39605
2379             20        0.46431
2380             20        0.53164
2381             20        0.59942
2382             20        0.66786
2383             20        0.73642
2384             20        0.80431
2385             20        0.87028
2386             20        0.93568
2387    20     1
2387    21     0
2388             21        0.18898
2389             21        0.39159
2390             21        0.59212
2391             21        0.80084
2392    21     1
2392    22     0
2393             22        0.02249
2394             22        0.04448
2395             22        0.06682
2396             22        0.08943
2397             22        0.11204
2398             22        0.13406
2399             22        0.15645
2400             22        0.17832
2401             22        0.19934
2402             22        0.22208
2403             22        0.24464
2404             22        0.26735
2405             22        0.28984
2406             22        0.31075
2407             22        0.33277
2408             22        0.35256
2409             22        0.37482
2410             22        0.39668
2411             22        0.41784
2412             22        0.44033
2413             22        0.46231
2414             22        0.48409
2415             22        0.50572
2416             22        0.52472
2417             22        0.54563
2418             22        0.56803
2419             22        0.59009
2420             22        0.61265
2421             22        0.63509
2422             22        0.65715
2423             22        0.67649
2424             22        0.69805
2425             22        0.72072
2426             22        0.74317
2427             22        0.76504
2428             22        0.78753
2429             22        0.80884
2430             22        0.83116
2431             22        0.85242
2432             22        0.87421
2433             22        0.89548
2434             22        0.91755
2435             22        0.93909
2436             22        0.96169
2437             22        0.98371
2438    22     1
2392    23     0
2439             23        0.06594
2440             23        0.13304
2441             23        0.20073
2442             23        0.26989
2443             23        0.33746
2444             23        0.40368
2445             23        0.47121
2446             23        0.53728
2447             23        0.60053
2448             23        0.66941
2449             23        0.73868
2450             23        0.80718
2451             23        0.86875
2452             23        0.93417
2453    23     1
2387    24     0
2454             24        0.02211
2455             24         0.0454
2456             24        0.06894
2457             24        0.09384
2458             24         0.1176
2459             24         0.1424
2460             24         0.1674
2461             24        0.19236
2462             24        0.21741
2463             24        0.24256
2464             24        0.26661
2465             24        0.29166
2466             24        0.31671
2467             24        0.34172
2468             24        0.36675
2469             24        0.39176
2470             24        0.41657
2471             24        0.44171
2472             24        0.46601
2473             24        0.49072
2474             24        0.51587
2475             24        0.54041
2476             24        0.56478
2477             24        0.58806
2478             24        0.61296
2479             24        0.63745
2480             24        0.66268
2481             24        0.68763
2482             24         0.7119
2483             24        0.73544
2484             24        0.76041
2485             24        0.78357
2486             24         0.8062
2487             24        0.83026
2488             24        0.85486
2489             24        0.87914
2490             24        0.90397
2491             24        0.92889
2492             24        0.95103
2493             24        0.97487
2494    24     1
2372    25     0
2495             25        0.03434
2496             25        0.06754
2497             25        0.10106
2498             25         0.1329
2499             25        0.16536
2500             25        0.19286
2501             25        0.22441
2502             25        0.25791
2503             25        0.28931
2504             25        0.32149
2505             25        0.35257
2506             25        0.38557
2507             25        0.41873
2508             25        0.44919
2509             25        0.47952
2510             25         0.5112
2511             25        0.54264
2512             25        0.57554
2513             25        0.60929
2514             25        0.64063
2515             25        0.67338
2516             25        0.70511
2517             25        0.73765
2518             25        0.77023
2519             25        0.80312
2520             25        0.83676
2521             25        0.86927
2522             25         0.9024
2523             25        0.93521
2524             25        0.96725
2525    25     1
2369    26     0
2526             26        0.02364
2527             26        0.04709
2528             26         0.0702
2529             26        0.09504
2530             26        0.11888
2531             26        0.14354
2532             26         0.1671
2533             26        0.19175
2534             26        0.21618
2535             26        0.23967
2536             26        0.26017
2537             26        0.28457
2538             26        0.30873
2539             26        0.33334
2540             26        0.35768
2541             26        0.38173
2542             26        0.40505
2543             26        0.42941
2544             26        0.45372
2545             26        0.47723
2546             26        0.50144
2547             26        0.52588
2548             26        0.54906
2549             26        0.57219
2550             26        0.59448
2551             26        0.61579
2552             26        0.63967
2553             26         0.6625
2554             26        0.68706
2555             26        0.71122
2556             26        0.73573
2557             26         0.7595
2558             26        0.78406
2559             26        0.80772
2560             26        0.83113
2561             26        0.85543
2562             26        0.87966
2563             26        0.90425
2564             26        0.92899
2565             26        0.95318
2566             26        0.97608
2567    26     1
2567    27     0
2568             27        0.03938
2569             27        0.07742
2570             27        0.11546
2571             27        0.15496
2572             27        0.19408
2573             27        0.23405
2574             27        0.27331
2575             27        0.30937
2576             27        0.34829
2577             27        0.38764
2578             27        0.42756
2579             27        0.46668
2580             27        0.50703
2581             27        0.54452
2582             27        0.58433
2583             27         0.6214
2584             27        0.66013
2585             27        0.69818
2586             27        0.73368
2587             27        0.77277
2588             27        0.80821
2589             27        0.84737
2590             27        0.88676
2591             27        0.92577
2592             27        0.96508
2593    27     1
2567    28     0
2594             28         0.0775
2595             28        0.17414
2596             28        0.26727
2597             28        0.36034
2598             28        0.45333
2599             28        0.54447
2600             28        0.63698
2601             28        0.72683
2602             28        0.81991
2603             28        0.91374
2604    28     1
2367     3     0
2605     3     1
