0  0  0
1           0       2e-05
2           0     0.33334
3           0     0.66667
4  0  1
4  34   0
5           34      0.89443
5  35   0
6           35      0.12953
7           35      0.25907
8           35       0.3886
9           35      0.51813
10           35      0.64513
11           35      0.75875
12           35      0.88028
13  35   1
13  91   0
14           91      0.31262
15           91      0.66394
16  91   1
16  92   0
17  92   1
17  93   0
18           93      0.23678
19           93      0.42501
20           93      0.61558
21           93      0.80655
22  93   1
22  94   0
23           94      0.34779
24           94      0.69726
25  94   1
25  95   0
26           95       0.1331
27           95      0.26435
28           95      0.39618
29           95      0.52137
30           95      0.64375
31           95       0.7725
32           95      0.90455
33  95   1
33  96   0
34  96   1
34  97   0
35           97      0.32853
36           97      0.66549
37  97   1
37  98   0
38           98      0.50425
39  98   1
39  99   0
40           99      0.54701
41  99   1
41  100    0
42           100       0.51624
43  100    1
43  101    0
44           101         0.192
45           101       0.39666
46           101       0.60149
47           101       0.80952
48  101    1
48  102    0
49  102    1
49  103    0
50           103       0.21205
51           103       0.47426
52           103       0.73509
53  103    1
53  104    0
54           104        0.3318
55           104       0.69968
56  104    1
56  105    0
57           105       0.26332
58           105       0.51225
59           105        0.7604
60  105    1
60  106    0
61           106       0.55612
62  106    1
62  107    0
63           107       0.21255
64           107       0.41156
65           107       0.61053
66           107       0.80556
67  107    1
67  108    0
68           108       0.09734
69           108       0.19783
70           108       0.29774
71           108       0.39848
72           108       0.49876
73           108       0.59911
74           108       0.69746
75           108       0.79831
76           108       0.89947
77  108    1
77  109    0
78           109       0.35541
79           109       0.69121
80  109    1
80  110    0
81  110    1
81  111    0
82           111        0.1148
83           111       0.22366
84           111       0.33731
85           111       0.45028
86           111       0.56309
87           111       0.67715
88           111        0.7885
89           111       0.90232
90  111    1
90  112    0
91           112       0.19848
92           112       0.40246
93           112       0.58794
94           112       0.79164
95  112    1
95  113    0
96           113       0.30761
97           113       0.65628
98  113    1
98  114    0
99  114    1
99  115    0
100           115       0.26502
101           115       0.51426
102           115       0.75168
103  115    1
103   36    0
104            36       0.17232
105            36        0.3468
106            36       0.51755
107            36       0.68794
108            36        0.8625
109   36    1
109   37    0
110            37       0.50832
111   37    1
111   38    0
112            38        0.1003
113            38       0.19909
114            38       0.29981
115            38       0.39934
116            38       0.49894
117            38       0.59943
118            38       0.69951
119            38       0.79914
120            38       0.89957
121   38    1
121   39    0
122            39       0.50085
123   39    1
123  116    0
124           116       0.14762
125           116       0.29556
126           116       0.43262
127           116          0.58
128           116       0.71082
129           116       0.85478
130  116    1
130  117    0
131           117       0.51849
132  117    1
132  118    0
133           118       0.07846
134           118       0.15161
135           118       0.22497
136           118       0.29847
137           118       0.37122
138           118       0.44092
139           118       0.51154
140           118       0.58518
141           118       0.65711
142           118       0.72729
143           118       0.79878
144           118       0.87218
145           118       0.94594
146  118    1
146  119    0
147           119        0.1018
148           119       0.18161
149           119        0.2627
150           119       0.34551
151           119       0.42612
152           119       0.50885
153           119       0.59164
154           119       0.67396
155           119       0.75688
156           119       0.83718
157           119       0.91941
158  119    1
158  120    0
159           120       0.03599
160           120        0.0749
161           120       0.11321
162           120       0.15036
163           120       0.18877
164           120       0.22745
165           120       0.26647
166           120       0.30548
167           120        0.3444
168           120       0.38321
169           120       0.42227
170           120       0.46112
171           120       0.50007
172           120       0.53795
173           120       0.57647
174           120       0.61545
175           120       0.65433
176           120       0.69292
177           120       0.73105
178           120       0.76983
179           120        0.8089
180           120       0.84784
181           120       0.88681
182           120       0.92268
183           120       0.96174
184  120    1
158  121    0
185           121       0.14276
186           121       0.28364
187           121        0.4273
188           121       0.56344
189           121       0.70687
190           121        0.8534
191  121    1
146  122    0
192           122       0.06401
193           122       0.11345
194           122       0.16269
195           122       0.21201
196           122        0.2612
197           122       0.31061
198           122       0.36001
199           122       0.40923
200           122       0.45827
201           122       0.50759
202           122        0.5565
203           122       0.60593
204           122       0.65487
205           122       0.70408
206           122       0.75318
207           122       0.80248
208           122       0.85192
209           122       0.90112
210           122       0.95055
211  122    1
132  123    0
212           123       0.02527
213           123       0.04896
214           123       0.07239
215           123        0.0958
216           123       0.11948
217           123       0.14297
218           123       0.16661
219           123       0.19018
220           123       0.21386
221           123       0.23752
222           123       0.26032
223           123       0.28245
224           123       0.30615
225           123       0.32795
226           123       0.35125
227           123       0.37454
228           123       0.39813
229           123       0.42166
230           123       0.44515
231           123       0.46868
232           123        0.4923
233           123       0.51474
234           123       0.53818
235           123       0.56188
236           123       0.58441
237           123       0.60769
238           123        0.6309
239           123       0.65367
240           123       0.67707
241           123       0.69878
242           123        0.7223
243           123       0.74502
244           123       0.76787
245           123       0.79123
246           123       0.81489
247           123        0.8383
248           123       0.86186
249           123       0.88503
250           123       0.90776
251           123       0.93066
252           123       0.95348
253           123       0.97641
254  123    1
130  124    0
255           124       0.01513
256           124       0.03003
257           124       0.04536
258           124        0.0607
259           124       0.07593
260           124       0.09066
261           124       0.10569
262           124       0.12078
263           124        0.1359
264           124       0.15119
265           124       0.16635
266           124       0.18155
267           124       0.19672
268           124       0.21198
269           124       0.22688
270           124       0.24178
271           124       0.25653
272           124       0.27154
273           124        0.2865
274           124       0.30185
275           124       0.31719
276           124       0.33254
277           124       0.34788
278           124       0.36321
279           124       0.37843
280           124       0.39373
281           124       0.40886
282           124       0.42405
283           124       0.43924
284           124       0.45442
285           124       0.46945
286           124       0.48471
287           124       0.49999
288           124       0.51532
289           124        0.5304
290           124        0.5457
291           124       0.56083
292           124       0.57618
293           124       0.59135
294           124       0.60646
295           124       0.62141
296           124        0.6367
297           124       0.65187
298           124       0.66672
299           124        0.6817
300           124       0.69689
301           124       0.71218
302           124       0.72728
303           124       0.74241
304           124       0.75775
305           124       0.77309
306           124       0.78825
307           124       0.80351
308           124       0.81838
309           124       0.83366
310           124       0.84844
311           124       0.86329
312           124       0.87864
313           124       0.89398
314           124       0.90928
315           124       0.92415
316           124       0.93934
317           124       0.95468
318           124       0.97003
319           124        0.9847
320  124    1
121   40    0
321            40       0.41214
322   40    1
322  125    0
323           125       0.03226
324           125       0.06518
325           125       0.09754
326           125       0.12919
327           125       0.16125
328           125       0.19405
329           125       0.22704
330           125        0.2598
331           125       0.29265
332           125       0.32493
333           125       0.35747
334           125       0.39052
335           125       0.42314
336           125       0.45438
337           125       0.48729
338           125       0.51813
339           125       0.54976
340           125       0.58178
341           125       0.61441
342           125       0.64511
343           125       0.67801
344           125       0.71093
345           125       0.74303
346           125       0.77583
347           125       0.80898
348           125       0.84094
349           125       0.87408
350           125       0.90634
351           125       0.93663
352           125       0.96761
353  125    1
111   41    0
354            41       0.10069
355            41        0.2126
356            41       0.31884
357            41       0.43334
358            41       0.54559
359            41       0.66095
360            41       0.77401
361            41       0.88864
362   41    1
362  126    0
363           126       0.04534
364           126       0.09134
365           126       0.13587
366           126       0.18255
367           126       0.22594
368           126       0.27251
369           126       0.31882
370           126       0.36511
371           126       0.41099
372           126       0.45752
373           126       0.50147
374           126       0.54589
375           126       0.58931
376           126       0.63525
377           126       0.68186
378           126       0.72826
379           126        0.7747
380           126       0.81978
381           126       0.86439
382           126       0.91057
383           126       0.95381
384  126    1
109   42    0
385            42       0.08196
386            42       0.15822
387            42       0.23598
388            42       0.31364
389            42        0.3904
390            42       0.46666
391            42       0.54226
392            42       0.61934
393            42       0.69483
394            42       0.77223
395            42        0.8497
396            42        0.9265
397   42    1
397  127    0
398           127       0.16949
399           127       0.33879
400           127       0.50181
401           127       0.67009
402           127        0.8352
403  127    1
99  43   0
404            43        0.0348
405            43       0.06525
406            43       0.09341
407            43       0.12338
408            43       0.15295
409            43       0.18335
410            43        0.2137
411            43       0.24382
412            43       0.27397
413            43       0.30418
414            43       0.33467
415            43       0.36496
416            43        0.3955
417            43       0.42608
418            43       0.45623
419            43        0.4866
420            43        0.5167
421            43       0.54657
422            43       0.57718
423            43       0.60755
424            43        0.6377
425            43       0.66807
426            43       0.69813
427            43       0.72829
428            43        0.7589
429            43       0.78896
430            43       0.81934
431            43       0.84835
432            43       0.87854
433            43       0.90893
434            43       0.93938
435            43       0.96979
436   43    1
98  44   0
437            44       0.03424
438            44       0.07279
439            44       0.11261
440            44       0.15179
441            44       0.19112
442            44       0.22915
443            44       0.26528
444            44       0.30148
445            44       0.33897
446            44        0.3771
447            44       0.41651
448            44       0.45615
449            44       0.49426
450            44       0.53395
451            44       0.57355
452            44       0.61294
453            44       0.65213
454            44       0.69116
455            44        0.7308
456            44       0.76948
457            44        0.8072
458            44       0.84636
459            44       0.88552
460            44       0.92437
461            44       0.96275
462   44    1
462  128    0
463  128    1
95  45   0
464            45       0.02756
465            45       0.05417
466            45       0.08235
467            45       0.11111
468            45       0.13988
469            45       0.16854
470            45       0.19713
471            45       0.22595
472            45       0.25483
473            45       0.28367
474            45       0.31047
475            45       0.33929
476            45       0.36812
477            45       0.39696
478            45       0.42583
479            45       0.45467
480            45       0.48352
481            45       0.51227
482            45       0.54073
483            45        0.5696
484            45       0.59834
485            45       0.62716
486            45        0.6555
487            45       0.68431
488            45       0.71314
489            45       0.74134
490            45       0.77005
491            45       0.79871
492            45       0.82758
493            45       0.85641
494            45       0.88525
495            45       0.91365
496            45       0.94251
497            45       0.97134
498   45    1
498  129    0
499           129       0.45425
500  129    1
90  46   0
501            46       0.02667
502            46       0.05273
503            46       0.07823
504            46       0.10393
505            46       0.12976
506            46       0.15528
507            46       0.18135
508            46       0.20745
509            46       0.23199
510            46       0.25776
511            46       0.28246
512            46       0.30846
513            46       0.33437
514            46       0.36044
515            46       0.38528
516            46       0.41071
517            46       0.43638
518            46       0.46238
519            46       0.48775
520            46       0.51359
521            46       0.53828
522            46       0.56426
523            46       0.59023
524            46       0.61621
525            46       0.64164
526            46       0.66683
527            46       0.69289
528            46       0.71888
529            46       0.74388
530            46       0.76958
531            46       0.79546
532            46       0.81924
533            46       0.84499
534            46       0.87064
535            46       0.89642
536            46       0.92216
537            46       0.94802
538            46       0.97389
539   46    1
81  47   0
540   47    1
540   48    0
541            48       0.02393
542            48       0.04767
543            48       0.07033
544            48       0.09398
545            48       0.11758
546            48       0.14088
547            48       0.16439
548            48       0.18786
549            48       0.21086
550            48       0.23449
551            48       0.25667
552            48       0.28003
553            48        0.3034
554            48       0.32682
555            48       0.34979
556            48       0.37289
557            48       0.39603
558            48       0.41942
559            48       0.44206
560            48       0.46518
561            48       0.48853
562            48       0.51141
563            48       0.53468
564            48        0.5578
565            48       0.58062
566            48       0.60357
567            48       0.62715
568            48       0.65088
569            48        0.6742
570            48       0.69782
571            48       0.72099
572            48       0.74405
573            48       0.76728
574            48       0.79026
575            48        0.8134
576            48       0.83644
577            48       0.85978
578            48       0.88288
579            48       0.90619
580            48       0.92942
581            48       0.95285
582            48       0.97646
583   48    1
583  130    0
584           130       0.51881
585  130    1
540   49    0
586            49       0.02767
587            49       0.05293
588            49       0.08029
589            49       0.10744
590            49       0.13431
591            49       0.16172
592            49       0.18904
593            49        0.2159
594            49       0.24274
595            49       0.26997
596            49        0.2974
597            49       0.32471
598            49       0.35214
599            49       0.37947
600            49        0.4069
601            49       0.43433
602            49       0.46164
603            49       0.48896
604            49       0.51624
605            49       0.54316
606            49        0.5703
607            49       0.59736
608            49       0.62436
609            49       0.65148
610            49       0.67885
611            49       0.70566
612            49       0.73285
613            49       0.76006
614            49       0.78742
615            49       0.81455
616            49       0.84198
617            49       0.86916
618            49       0.89628
619            49       0.92249
620            49       0.94817
621            49       0.97419
622   49    1
81  50   0
623            50       0.03345
624            50       0.06552
625            50       0.09695
626            50       0.12875
627            50       0.16025
628            50       0.19144
629            50       0.22233
630            50       0.25433
631            50       0.28577
632            50       0.31678
633            50       0.34838
634            50       0.37975
635            50       0.41132
636            50        0.4426
637            50       0.47404
638            50       0.50482
639            50        0.5367
640            50       0.56806
641            50        0.5987
642            50       0.63002
643            50       0.66078
644            50       0.69206
645            50       0.72373
646            50       0.75509
647            50       0.78583
648            50       0.81584
649            50       0.84726
650            50       0.87811
651            50       0.90925
652            50        0.9387
653            50       0.97043
654   50    1
80  51   0
655            51       0.02868
656            51       0.05666
657            51       0.08464
658            51       0.11047
659            51       0.13719
660            51       0.16344
661            51       0.19056
662            51       0.21792
663            51       0.24576
664            51       0.27364
665            51       0.30022
666            51       0.32765
667            51       0.35469
668            51       0.38206
669            51       0.40898
670            51       0.43664
671            51       0.46136
672            51       0.48662
673            51       0.51387
674            51       0.53975
675            51        0.5675
676            51       0.59522
677            51       0.62304
678            51       0.65063
679            51       0.67771
680            51       0.70549
681            51       0.73261
682            51       0.75939
683            51       0.78576
684            51       0.81342
685            51       0.84095
686            51        0.8676
687            51        0.8936
688            51       0.91982
689            51       0.94725
690            51       0.97379
691   51    1
77  52   0
692            52       0.02194
693            52       0.04612
694            52       0.07044
695            52        0.0947
696            52       0.11904
697            52       0.14312
698            52       0.16734
699            52       0.19005
700            52       0.21403
701            52       0.23748
702            52       0.26171
703            52       0.28485
704            52       0.30776
705            52       0.33209
706            52        0.3561
707            52       0.37976
708            52       0.40393
709            52        0.4274
710            52       0.45097
711            52       0.47538
712            52       0.49952
713            52       0.52388
714            52       0.54815
715            52       0.57223
716            52        0.5959
717            52       0.61944
718            52       0.64316
719            52       0.66687
720            52       0.69059
721            52       0.71381
722            52       0.73787
723            52       0.76151
724            52       0.78565
725            52       0.80946
726            52       0.83338
727            52       0.85509
728            52        0.8792
729            52        0.9032
730            52       0.92734
731            52        0.9518
732            52       0.97589
733   52    1
733  131    0
734           131       0.16388
735           131       0.32227
736           131       0.49226
737           131       0.66318
738           131        0.8305
739  131    1
67  53   0
740            53       0.01806
741            53       0.03837
742            53       0.05825
743            53        0.0776
744            53       0.09707
745            53       0.11697
746            53       0.13706
747            53        0.1569
748            53       0.17614
749            53       0.19324
750            53        0.2126
751            53       0.23219
752            53       0.25166
753            53       0.27158
754            53       0.29049
755            53       0.31076
756            53       0.33008
757            53       0.34957
758            53       0.36902
759            53       0.38823
760            53       0.40786
761            53       0.42695
762            53       0.44592
763            53       0.46509
764            53       0.48522
765            53        0.5047
766            53       0.52492
767            53       0.54498
768            53       0.56453
769            53       0.58459
770            53       0.60472
771            53       0.62492
772            53       0.64495
773            53       0.66494
774            53        0.6849
775            53       0.70485
776            53       0.72417
777            53       0.74387
778            53       0.76267
779            53       0.78245
780            53       0.80269
781            53       0.82283
782            53        0.8429
783            53       0.86216
784            53       0.88167
785            53       0.90124
786            53       0.92056
787            53       0.93999
788            53       0.95974
789            53        0.9797
790   53    1
62  54   0
791            54       0.02116
792            54       0.03979
793            54       0.05937
794            54       0.07951
795            54       0.09831
796            54       0.11757
797            54       0.13739
798            54       0.15719
799            54       0.17734
800            54       0.19743
801            54       0.21763
802            54       0.23748
803            54       0.25723
804            54       0.27595
805            54       0.29577
806            54       0.31476
807            54       0.33435
808            54        0.3543
809            54        0.3743
810            54       0.39412
811            54       0.41401
812            54        0.4331
813            54       0.45256
814            54       0.47147
815            54       0.49036
816            54       0.51017
817            54       0.52949
818            54       0.54901
819            54        0.5687
820            54       0.58796
821            54       0.60792
822            54        0.6271
823            54       0.64684
824            54       0.66675
825            54       0.68628
826            54        0.7057
827            54       0.72535
828            54       0.74424
829            54       0.76424
830            54       0.78424
831            54       0.80263
832            54       0.82238
833            54       0.84221
834            54       0.86202
835            54       0.88154
836            54       0.90081
837            54        0.9201
838            54       0.93998
839            54       0.96006
840            54       0.97987
841   54    1
60  55   0
842            55       0.02431
843            55       0.04613
844            55       0.07274
845            55       0.09745
846            55       0.12109
847            55       0.14659
848            55       0.17259
849            55       0.19855
850            55       0.22299
851            55       0.24901
852            55       0.27537
853            55       0.29965
854            55       0.32287
855            55       0.34699
856            55       0.37278
857            55       0.39867
858            55       0.42432
859            55       0.44945
860            55       0.47577
861            55       0.50229
862            55        0.5286
863            55       0.55517
864            55       0.58193
865            55       0.60827
866            55       0.63417
867            55       0.66027
868            55       0.68648
869            55       0.71237
870            55        0.7388
871            55       0.76458
872            55       0.79036
873            55       0.81632
874            55        0.8419
875            55       0.86862
876            55       0.89542
877            55         0.922
878            55       0.94762
879            55       0.97385
880   55    1
56  56   0
881   56    1
881   57    0
882            57       0.01269
883            57       0.03001
884            57       0.04772
885            57       0.06552
886            57       0.08315
887            57       0.10143
888            57       0.11982
889            57        0.1387
890            57       0.15719
891            57       0.17586
892            57        0.1943
893            57       0.21303
894            57       0.23177
895            57       0.24878
896            57       0.26728
897            57       0.28553
898            57       0.30378
899            57       0.32074
900            57       0.33833
901            57       0.35707
902            57       0.37564
903            57       0.39428
904            57       0.41263
905            57       0.43149
906            57       0.44997
907            57       0.46859
908            57       0.48724
909            57       0.50555
910            57       0.52428
911            57       0.54165
912            57        0.5597
913            57       0.57827
914            57       0.59699
915            57       0.61572
916            57       0.63428
917            57       0.65288
918            57       0.67167
919            57       0.69055
920            57       0.70865
921            57       0.72635
922            57       0.74497
923            57       0.76369
924            57       0.78216
925            57       0.80102
926            57       0.81983
927            57       0.83781
928            57       0.85655
929            57       0.87521
930            57       0.89351
931            57       0.91209
932            57       0.93074
933            57       0.94733
934            57        0.9651
935            57       0.98195
936   57    1
881   58    0
937            58       0.03007
938            58       0.05569
939            58       0.08149
940            58       0.10623
941            58        0.1304
942            58       0.15623
943            58       0.18228
944            58       0.20742
945            58       0.23337
946            58       0.25885
947            58       0.28106
948            58        0.3067
949            58       0.33271
950            58       0.35837
951            58       0.38443
952            58       0.40853
953            58       0.43424
954            58       0.46041
955            58       0.48661
956            58       0.51211
957            58       0.53838
958            58       0.56291
959            58        0.5889
960            58       0.61515
961            58       0.64131
962            58       0.66739
963            58       0.69371
964            58       0.71989
965            58       0.74547
966            58       0.77055
967            58        0.7964
968            58       0.82173
969            58       0.84806
970            58       0.87408
971            58       0.90025
972            58       0.92607
973            58       0.95051
974            58       0.97463
975   58    1
53  59   0
976            59       0.04701
977            59       0.09282
978            59       0.14546
979            59       0.19726
980            59       0.24964
981            59       0.30187
982            59       0.35402
983            59       0.40567
984            59       0.45284
985            59       0.50494
986            59       0.55586
987            59       0.60627
988            59       0.65886
989            59       0.71056
990            59       0.76118
991            59       0.81372
992            59       0.86449
993            59       0.91052
994            59        0.9595
995   59    1
49  60   0
996            60       0.01769
997            60       0.06482
998            60       0.11182
999            60        0.1586
1000             60        0.20535
1001             60        0.25256
1002             60        0.29918
1003             60        0.34641
1004             60        0.39364
1005             60        0.44001
1006             60        0.48653
1007             60         0.5325
1008             60        0.57946
1009             60        0.62664
1010             60        0.67382
1011             60        0.72093
1012             60        0.76729
1013             60        0.81448
1014             60        0.86106
1015             60        0.90732
1016             60        0.95449
1017    60     1
48  61   0
1018             61        0.02447
1019             61        0.04737
1020             61        0.07036
1021             61         0.0936
1022             61        0.11761
1023             61        0.14149
1024             61        0.16552
1025             61        0.18964
1026             61        0.21353
1027             61        0.23707
1028             61        0.26103
1029             61         0.2843
1030             61        0.30804
1031             61        0.33137
1032             61        0.35581
1033             61        0.37997
1034             61        0.40329
1035             61        0.42742
1036             61        0.45072
1037             61         0.4747
1038             61        0.49898
1039             61        0.52313
1040             61        0.54534
1041             61        0.56966
1042             61        0.59347
1043             61        0.61722
1044             61        0.64144
1045             61        0.66502
1046             61        0.68904
1047             61        0.71352
1048             61        0.73811
1049             61        0.76215
1050             61        0.78588
1051             61        0.81037
1052             61        0.83336
1053             61         0.8575
1054             61        0.88135
1055             61        0.90526
1056             61        0.92841
1057             61        0.95147
1058             61        0.97563
1059    61     1
43  62   0
1060             62         0.0318
1061             62        0.06076
1062             62        0.08966
1063             62        0.11927
1064             62        0.14907
1065             62         0.1784
1066             62        0.20866
1067             62        0.23851
1068             62        0.26817
1069             62        0.29691
1070             62        0.32675
1071             62        0.35661
1072             62        0.38596
1073             62        0.41532
1074             62        0.44429
1075             62        0.47286
1076             62        0.50085
1077             62        0.52896
1078             62        0.55741
1079             62        0.58485
1080             62        0.61427
1081             62        0.64314
1082             62        0.67324
1083             62        0.70352
1084             62        0.73248
1085             62        0.76161
1086             62        0.79146
1087             62        0.82119
1088             62        0.85071
1089             62         0.8809
1090             62        0.91072
1091             62        0.94015
1092             62           0.97
1093    62     1
41  63   0
1094             63        0.02641
1095             63        0.04966
1096             63        0.07442
1097             63        0.09913
1098             63         0.1239
1099             63        0.14811
1100             63        0.17258
1101             63        0.19723
1102             63        0.22178
1103             63        0.24596
1104             63        0.26927
1105             63        0.29425
1106             63         0.3193
1107             63        0.34361
1108             63        0.36729
1109             63         0.3919
1110             63        0.41637
1111             63        0.44059
1112             63        0.46563
1113             63        0.49027
1114             63        0.51503
1115             63        0.53942
1116             63        0.56362
1117             63        0.58749
1118             63        0.61181
1119             63        0.63397
1120             63         0.6591
1121             63        0.68157
1122             63        0.70561
1123             63        0.73082
1124             63        0.75532
1125             63        0.78023
1126             63        0.80433
1127             63        0.82833
1128             63         0.8525
1129             63        0.87738
1130             63        0.90068
1131             63        0.92566
1132             63        0.95074
1133             63        0.97595
1134    63     1
39  64   0
1135             64        0.15421
1136             64        0.37189
1137             64        0.58397
1138             64        0.79498
1139    64     1
1139    65     0
1140             65         0.0188
1141             65        0.03824
1142             65        0.05733
1143             65        0.07652
1144             65         0.0956
1145             65        0.11505
1146             65         0.1339
1147             65        0.15286
1148             65        0.17255
1149             65        0.19133
1150             65         0.2099
1151             65        0.22942
1152             65        0.24898
1153             65        0.26856
1154             65        0.28631
1155             65        0.30535
1156             65        0.32417
1157             65        0.34221
1158             65        0.36083
1159             65        0.37966
1160             65        0.39852
1161             65        0.41733
1162             65        0.43681
1163             65        0.45634
1164             65        0.47574
1165             65        0.49541
1166             65        0.51505
1167             65         0.5347
1168             65        0.55424
1169             65        0.57376
1170             65        0.59337
1171             65        0.61281
1172             65        0.63129
1173             65        0.65088
1174             65        0.67057
1175             65        0.69026
1176             65        0.70951
1177             65        0.72901
1178             65        0.74805
1179             65        0.76774
1180             65        0.78728
1181             65        0.80648
1182             65        0.82594
1183             65          0.845
1184             65         0.8644
1185             65        0.88357
1186             65        0.90245
1187             65        0.92202
1188             65         0.9417
1189             65        0.96067
1190             65        0.98036
1191    65     1
1139    66     0
1192             66        0.02966
1193             66        0.06122
1194             66        0.09254
1195             66        0.12422
1196             66        0.15533
1197             66        0.18698
1198             66        0.21857
1199             66        0.24714
1200             66        0.27639
1201             66        0.30848
1202             66        0.34054
1203             66        0.37218
1204             66        0.40329
1205             66        0.43536
1206             66        0.46723
1207             66        0.49914
1208             66        0.53075
1209             66        0.56235
1210             66        0.59339
1211             66        0.62534
1212             66        0.65708
1213             66        0.68879
1214             66        0.72069
1215             66        0.75266
1216             66        0.78455
1217             66         0.8164
1218             66        0.84849
1219             66        0.88042
1220             66        0.91038
1221             66        0.94185
1222             66        0.97248
1223    66     1
37  67   0
1224             67        0.00964
1225             67        0.02164
1226             67        0.03342
1227             67        0.04546
1228             67        0.05687
1229             67        0.06869
1230             67        0.08077
1231             67        0.09266
1232             67        0.10465
1233             67        0.11633
1234             67        0.12775
1235             67        0.13929
1236             67        0.15102
1237             67        0.16265
1238             67        0.17447
1239             67        0.18615
1240             67        0.19808
1241             67        0.21021
1242             67          0.222
1243             67        0.23411
1244             67         0.2462
1245             67        0.25772
1246             67        0.26916
1247             67        0.28094
1248             67        0.29266
1249             67        0.30479
1250             67        0.31683
1251             67        0.32847
1252             67        0.34053
1253             67        0.35262
1254             67        0.36465
1255             67         0.3766
1256             67        0.38841
1257             67        0.39913
1258             67        0.41109
1259             67        0.42312
1260             67        0.43523
1261             67         0.4472
1262             67        0.45934
1263             67        0.47129
1264             67        0.48247
1265             67        0.49414
1266             67        0.50611
1267             67        0.51814
1268             67        0.52978
1269             67        0.54109
1270             67        0.55298
1271             67        0.56465
1272             67        0.57612
1273             67        0.58823
1274             67            0.6
1275             67        0.61197
1276             67         0.6238
1277             67        0.63578
1278             67        0.64772
1279             67         0.6596
1280             67        0.67167
1281             67        0.68335
1282             67        0.69471
1283             67         0.7062
1284             67        0.71746
1285             67        0.72906
1286             67        0.74119
1287             67        0.75318
1288             67        0.76533
1289             67        0.77727
1290             67        0.78932
1291             67        0.80146
1292             67        0.81326
1293             67         0.8253
1294             67        0.83739
1295             67         0.8494
1296             67        0.86145
1297             67        0.87326
1298             67        0.88366
1299             67        0.89547
1300             67        0.90717
1301             67        0.91897
1302             67        0.92979
1303             67        0.94018
1304             67        0.95221
1305             67          0.964
1306             67         0.9761
1307             67        0.98817
1308    67     1
1308   132     0
1309            132        0.57175
1310   132     1
34  68   0
1311             68        0.15132
1312             68        0.37343
1313             68        0.59435
1314             68        0.80827
1315    68     1
1315    69     0
1316             69        0.01488
1317             69         0.0317
1318             69         0.0486
1319             69        0.06569
1320             69        0.08268
1321             69         0.0994
1322             69        0.11538
1323             69        0.13206
1324             69          0.149
1325             69          0.166
1326             69        0.18307
1327             69        0.19964
1328             69        0.21677
1329             69        0.23268
1330             69        0.24914
1331             69        0.26608
1332             69        0.28296
1333             69        0.30015
1334             69        0.31651
1335             69        0.33302
1336             69        0.34942
1337             69        0.36573
1338             69        0.38222
1339             69        0.39926
1340             69        0.41464
1341             69        0.43181
1342             69        0.44866
1343             69        0.46506
1344             69        0.48167
1345             69        0.49843
1346             69        0.51515
1347             69        0.53234
1348             69        0.54955
1349             69        0.56658
1350             69        0.58354
1351             69        0.60044
1352             69         0.6174
1353             69        0.63415
1354             69        0.65077
1355             69        0.66762
1356             69        0.68434
1357             69        0.70071
1358             69        0.71722
1359             69        0.73307
1360             69        0.75005
1361             69        0.76653
1362             69        0.78309
1363             69         0.7999
1364             69        0.81707
1365             69        0.83346
1366             69        0.84991
1367             69        0.86661
1368             69        0.88347
1369             69        0.90038
1370             69        0.91726
1371             69        0.93323
1372             69        0.94994
1373             69        0.96697
1374             69        0.98395
1375    69     1
1315    70     0
1376             70        0.08513
1377             70        0.16871
1378             70         0.2528
1379             70        0.33652
1380             70        0.42107
1381             70        0.50451
1382             70        0.58781
1383             70        0.66941
1384             70         0.7543
1385             70        0.83516
1386             70        0.91557
1387    70     1
33  71   0
1388             71        0.20502
1389             71         0.4099
1390             71        0.61625
1391             71         0.8209
1392    71     1
1392    72     0
1393             72        0.02154
1394             72        0.04114
1395             72        0.06051
1396             72        0.07967
1397             72        0.09909
1398             72        0.11871
1399             72        0.13735
1400             72        0.15661
1401             72        0.17626
1402             72        0.19553
1403             72        0.21441
1404             72         0.2329
1405             72        0.25141
1406             72        0.27056
1407             72        0.29038
1408             72        0.30918
1409             72        0.32869
1410             72        0.34846
1411             72        0.36808
1412             72        0.38785
1413             72        0.40715
1414             72        0.42591
1415             72        0.44544
1416             72        0.46454
1417             72        0.48274
1418             72        0.50209
1419             72        0.52103
1420             72        0.53941
1421             72        0.55812
1422             72        0.57748
1423             72        0.59702
1424             72        0.61672
1425             72        0.63584
1426             72        0.65516
1427             72        0.67504
1428             72        0.69494
1429             72        0.71461
1430             72        0.73417
1431             72        0.75342
1432             72        0.77064
1433             72        0.78963
1434             72        0.80945
1435             72         0.8284
1436             72        0.84813
1437             72        0.86682
1438             72        0.88483
1439             72        0.90379
1440             72        0.92274
1441             72        0.94165
1442             72        0.96138
1443             72        0.98093
1444    72     1
1392    73     0
1445             73        0.03135
1446             73        0.06475
1447             73        0.09509
1448             73         0.1277
1449             73         0.1599
1450             73        0.19268
1451             73        0.22532
1452             73        0.25863
1453             73        0.29159
1454             73        0.32512
1455             73        0.35716
1456             73        0.38784
1457             73        0.42021
1458             73        0.45151
1459             73        0.48394
1460             73        0.51529
1461             73        0.54649
1462             73        0.57987
1463             73        0.61244
1464             73        0.64549
1465             73        0.67719
1466             73        0.71075
1467             73         0.7444
1468             73        0.77783
1469             73        0.80879
1470             73        0.84172
1471             73        0.87503
1472             73        0.90831
1473             73        0.94193
1474             73        0.97437
1475    73     1
25  74   0
1476             74        0.14883
1477             74         0.2885
1478             74        0.43146
1479             74        0.57454
1480             74        0.71838
1481             74        0.86016
1482    74     1
1482    75     0
1483             75        0.03258
1484             75        0.07021
1485             75        0.10746
1486             75         0.1452
1487             75        0.18287
1488             75        0.22057
1489             75        0.25831
1490             75        0.29587
1491             75        0.33291
1492             75        0.36969
1493             75        0.40735
1494             75        0.44437
1495             75        0.48128
1496             75        0.51892
1497             75        0.55551
1498             75        0.59322
1499             75        0.63088
1500             75         0.6683
1501             75        0.70569
1502             75        0.74315
1503             75        0.77865
1504             75        0.81629
1505             75        0.85296
1506             75        0.88955
1507             75         0.9251
1508             75        0.96265
1509    75     1
1509    76     0
1510             76        0.03643
1511             76        0.07128
1512             76        0.10597
1513             76        0.14224
1514             76         0.1787
1515             76        0.21516
1516             76        0.25152
1517             76        0.28754
1518             76         0.3238
1519             76        0.36026
1520             76        0.39675
1521             76        0.43297
1522             76        0.46672
1523             76        0.50311
1524             76        0.53937
1525             76        0.57571
1526             76        0.61163
1527             76        0.64776
1528             76        0.68406
1529             76        0.71923
1530             76        0.75476
1531             76        0.78897
1532             76         0.8248
1533             76         0.8592
1534             76        0.89493
1535             76        0.92966
1536             76         0.9637
1537    76     1
1509    77     0
1538             77         0.0519
1539             77        0.10107
1540             77        0.14948
1541             77         0.1996
1542             77         0.2476
1543             77        0.29831
1544             77        0.34852
1545             77        0.39885
1546             77        0.45003
1547             77         0.4996
1548             77        0.54887
1549             77          0.599
1550             77        0.64932
1551             77        0.69894
1552             77        0.74984
1553             77        0.79885
1554             77        0.84959
1555             77        0.90026
1556             77        0.94921
1557    77     1
1482    78     0
1558             78        0.02454
1559             78        0.05302
1560             78        0.08119
1561             78        0.10907
1562             78        0.13727
1563             78        0.16545
1564             78        0.19363
1565             78        0.22189
1566             78        0.25027
1567             78        0.27806
1568             78        0.30604
1569             78         0.3338
1570             78        0.36165
1571             78        0.38962
1572             78        0.41765
1573             78        0.44449
1574             78        0.47264
1575             78        0.49965
1576             78        0.52784
1577             78        0.55601
1578             78        0.58449
1579             78        0.61278
1580             78        0.63972
1581             78        0.66734
1582             78        0.69523
1583             78        0.72291
1584             78         0.7511
1585             78        0.77675
1586             78        0.80491
1587             78        0.83185
1588             78        0.85971
1589             78        0.88735
1590             78        0.91552
1591             78         0.9437
1592             78        0.97211
1593    78     1
22  79   0
1594             79        0.03708
1595             79        0.08257
1596             79        0.12704
1597             79        0.17149
1598             79        0.21536
1599             79        0.26048
1600             79        0.30524
1601             79        0.34989
1602             79         0.3928
1603             79        0.43236
1604             79        0.47664
1605             79        0.52019
1606             79        0.55993
1607             79        0.60479
1608             79        0.64838
1609             79        0.69064
1610             79        0.73455
1611             79        0.77742
1612             79        0.82113
1613             79        0.86632
1614             79        0.91114
1615             79        0.95591
1616    79     1
17  80   0
1617             80         0.1539
1618             80        0.27405
1619             80        0.38868
1620             80        0.51227
1621             80        0.63386
1622             80        0.75759
1623             80        0.88098
1624    80     1
16  81   0
1625             81        0.15058
1626             81        0.29335
1627             81        0.43906
1628             81        0.58323
1629             81        0.72741
1630             81        0.87128
1631    81     1
1631    82     0
1632             82        0.01718
1633             82         0.0358
1634             82        0.05425
1635             82        0.07124
1636             82        0.08954
1637             82        0.10812
1638             82        0.12668
1639             82        0.14503
1640             82        0.16321
1641             82        0.18167
1642             82        0.20029
1643             82        0.21876
1644             82        0.23689
1645             82        0.25518
1646             82         0.2735
1647             82        0.29152
1648             82        0.30913
1649             82        0.32673
1650             82        0.34513
1651             82         0.3626
1652             82        0.37958
1653             82        0.39825
1654             82        0.41653
1655             82         0.4344
1656             82        0.45296
1657             82        0.47153
1658             82        0.48986
1659             82        0.50856
1660             82        0.52667
1661             82        0.54523
1662             82        0.56315
1663             82        0.58148
1664             82        0.59995
1665             82        0.61823
1666             82        0.63652
1667             82        0.65481
1668             82        0.67299
1669             82        0.69047
1670             82        0.70893
1671             82        0.72725
1672             82        0.74561
1673             82        0.76375
1674             82         0.7821
1675             82        0.79988
1676             82        0.81826
1677             82        0.83655
1678             82        0.85399
1679             82        0.87193
1680             82        0.88991
1681             82        0.90844
1682             82        0.92656
1683             82        0.94438
1684             82        0.96296
1685             82        0.98131
1686    82     1
1631    83     0
1687             83        0.10987
1688             83        0.21394
1689             83         0.3098
1690             83        0.40657
1691             83        0.50446
1692             83        0.60091
1693             83        0.69955
1694             83        0.79852
1695             83        0.90181
1696    83     1
13  84   0
1697             84        0.12201
1698             84        0.27192
1699             84        0.41652
1700             84        0.56282
1701             84        0.70983
1702             84        0.85557
1703    84     1
1703    85     0
1704             85        0.08845
1705             85        0.17616
1706             85         0.2811
1707             85        0.38272
1708             85        0.48604
1709             85        0.58948
1710             85        0.69358
1711             85        0.79491
1712             85        0.89499
1713    85     1
1713    86     0
1714             86        0.01387
1715             86        0.02892
1716             86        0.04333
1717             86        0.05814
1718             86        0.07311
1719             86        0.08817
1720             86        0.10292
1721             86        0.11748
1722             86         0.1314
1723             86        0.14639
1724             86        0.16158
1725             86        0.17653
1726             86        0.19136
1727             86        0.20648
1728             86        0.22155
1729             86        0.23638
1730             86        0.25148
1731             86        0.26641
1732             86        0.28107
1733             86        0.29553
1734             86        0.31052
1735             86        0.32563
1736             86        0.34066
1737             86        0.35499
1738             86        0.36927
1739             86        0.38422
1740             86        0.39852
1741             86        0.41375
1742             86        0.42767
1743             86        0.44287
1744             86        0.45752
1745             86        0.47234
1746             86        0.48743
1747             86        0.50242
1748             86        0.51733
1749             86        0.53197
1750             86        0.54691
1751             86        0.56134
1752             86        0.57654
1753             86        0.59096
1754             86        0.60483
1755             86        0.61729
1756             86        0.63214
1757             86        0.64735
1758             86        0.66204
1759             86        0.67688
1760             86        0.69012
1761             86        0.70537
1762             86        0.72061
1763             86         0.7356
1764             86        0.75072
1765             86         0.7652
1766             86        0.78026
1767             86        0.79534
1768             86        0.81058
1769             86        0.82541
1770             86        0.84037
1771             86        0.85469
1772             86        0.86897
1773             86        0.88384
1774             86        0.89689
1775             86        0.91082
1776             86        0.92547
1777             86        0.94062
1778             86        0.95551
1779             86        0.97051
1780             86        0.98537
1781    86     1
1713    87     0
1782             87        0.07331
1783             87        0.14649
1784             87        0.21879
1785             87        0.28639
1786             87        0.36055
1787             87        0.43308
1788             87        0.50443
1789             87        0.57324
1790             87        0.64245
1791             87        0.71458
1792             87        0.78319
1793             87        0.85296
1794             87        0.92583
1795    87     1
1703    88     0
1796             88        0.16705
1797             88        0.33831
1798             88        0.50337
1799             88        0.67747
1800             88        0.85126
1801    88     1
1801    89     0
1802             89        0.01465
1803             89        0.02998
1804             89        0.04468
1805             89        0.05989
1806             89        0.07533
1807             89        0.09061
1808             89        0.10593
1809             89        0.12125
1810             89        0.13488
1811             89        0.15036
1812             89        0.16543
1813             89        0.18075
1814             89        0.19582
1815             89        0.21097
1816             89        0.22633
1817             89         0.2418
1818             89        0.25726
1819             89        0.27275
1820             89        0.28774
1821             89          0.303
1822             89        0.31647
1823             89        0.33188
1824             89        0.34741
1825             89        0.36228
1826             89        0.37772
1827             89        0.39301
1828             89        0.40786
1829             89        0.42326
1830             89        0.43866
1831             89        0.45402
1832             89        0.46937
1833             89        0.48463
1834             89        0.49996
1835             89        0.51501
1836             89        0.52977
1837             89        0.54445
1838             89        0.55949
1839             89         0.5743
1840             89        0.58953
1841             89         0.6036
1842             89        0.61898
1843             89         0.6341
1844             89        0.64921
1845             89        0.66355
1846             89        0.67743
1847             89        0.69295
1848             89        0.70846
1849             89        0.72383
1850             89        0.73911
1851             89        0.75433
1852             89        0.76811
1853             89        0.78317
1854             89         0.7984
1855             89         0.8137
1856             89        0.82831
1857             89        0.84222
1858             89        0.85584
1859             89         0.8686
1860             89        0.88299
1861             89        0.89579
1862             89         0.9105
1863             89        0.92591
1864             89        0.94099
1865             89        0.95611
1866             89        0.97078
1867             89        0.98459
1868    89     1
1801    90     0
1869             90        0.07569
1870             90        0.15152
1871             90        0.22305
1872             90        0.29977
1873             90        0.37402
1874             90        0.44621
1875             90        0.51979
1876             90        0.58902
1877             90        0.65387
1878             90        0.72709
1879             90        0.78886
1880             90        0.86246
1881             90         0.9357
1882    90     1
5  1  0
1883     1     1
1883     3     0
1884              3         0.1048
1885              3         0.2096
1886              3         0.3144
1887              3         0.4192
1888              3        0.49592
1889              3         0.5997
1890              3        0.70384
1891              3        0.80308
1892              3        0.90095
1893     3     1
1893     4     0
1894              4        0.09173
1895              4        0.19571
1896              4        0.29838
1897              4        0.39292
1898              4         0.4946
1899              4        0.59929
1900              4        0.70418
1901              4        0.80866
1902              4        0.90731
1903     4     1
1903     5     0
1904              5        0.37347
1905              5        0.71565
1906     5     1
1906     6     0
1907     6     1
1907     7     0
1908              7        0.15202
1909              7        0.29798
1910              7        0.44308
1911              7        0.58334
1912              7        0.72614
1913              7        0.86837
1914     7     1
1914     8     0
1915              8        0.01742
1916              8        0.03986
1917              8        0.06239
1918              8        0.08491
1919              8        0.10744
1920              8         0.1297
1921              8        0.15192
1922              8        0.17377
1923              8        0.19592
1924              8        0.21736
1925              8        0.23938
1926              8         0.2619
1927              8         0.2844
1928              8        0.30676
1929              8         0.3266
1930              8        0.34884
1931              8        0.36907
1932              8        0.39103
1933              8        0.41195
1934              8        0.43444
1935              8        0.45697
1936              8        0.47935
1937              8        0.50117
1938              8        0.52351
1939              8        0.54593
1940              8        0.56838
1941              8        0.59052
1942              8        0.61189
1943              8        0.63377
1944              8        0.65555
1945              8        0.67693
1946              8        0.69779
1947              8        0.71912
1948              8        0.74165
1949              8        0.76353
1950              8        0.78557
1951              8        0.80654
1952              8         0.8287
1953              8        0.85057
1954              8        0.87171
1955              8        0.89218
1956              8        0.91367
1957              8        0.93333
1958              8        0.95585
1959              8        0.97838
1960     8     1
1914     9     0
1961              9        0.02211
1962              9        0.04418
1963              9        0.06471
1964              9        0.08606
1965              9        0.10839
1966              9         0.1307
1967              9        0.15217
1968              9         0.1741
1969              9        0.19601
1970              9        0.21814
1971              9        0.24051
1972              9        0.26177
1973              9        0.28399
1974              9        0.30641
1975              9        0.32863
1976              9        0.35016
1977              9        0.37204
1978              9        0.39345
1979              9        0.41512
1980              9        0.43634
1981              9        0.45845
1982              9        0.47974
1983              9        0.50123
1984              9        0.52322
1985              9        0.54457
1986              9        0.56577
1987              9        0.58748
1988              9        0.60887
1989              9        0.63045
1990              9        0.65237
1991              9        0.67362
1992              9        0.69537
1993              9        0.71719
1994              9        0.73908
1995              9        0.76099
1996              9        0.78284
1997              9        0.80435
1998              9        0.82618
1999              9        0.84804
2000              9        0.87025
2001              9         0.8921
2002              9         0.9138
2003              9        0.93539
2004              9        0.95681
2005              9        0.97785
2006     9     1
1907    10     0
2007             10        0.02322
2008             10        0.04581
2009             10        0.07149
2010             10        0.09697
2011             10        0.12284
2012             10        0.14808
2013             10        0.17345
2014             10        0.19702
2015             10         0.2218
2016             10         0.2465
2017             10        0.27229
2018             10        0.29799
2019             10        0.32369
2020             10        0.34849
2021             10        0.37335
2022             10        0.39837
2023             10        0.42263
2024             10        0.44853
2025             10        0.47429
2026             10        0.50021
2027             10        0.52596
2028             10        0.55056
2029             10        0.57569
2030             10        0.60109
2031             10         0.6262
2032             10        0.65105
2033             10        0.67667
2034             10        0.70207
2035             10        0.72455
2036             10        0.74981
2037             10        0.77419
2038             10        0.79927
2039             10        0.82503
2040             10        0.85021
2041             10         0.8758
2042             10        0.90032
2043             10        0.92513
2044             10        0.95089
2045             10        0.97429
2046    10     1
1906    11     0
2047             11        0.07604
2048             11        0.14847
2049             11        0.21858
2050             11         0.2904
2051             11         0.3619
2052             11        0.43357
2053             11         0.5065
2054             11         0.5797
2055             11        0.64915
2056             11        0.72115
2057             11        0.79408
2058             11        0.86614
2059             11        0.94018
2060    11     1
2060    12     0
2061             12        0.02187
2062             12        0.04419
2063             12        0.06655
2064             12        0.08864
2065             12        0.11103
2066             12        0.13187
2067             12        0.15443
2068             12        0.17567
2069             12        0.19781
2070             12        0.21995
2071             12        0.24144
2072             12        0.26351
2073             12        0.28498
2074             12        0.30733
2075             12        0.32958
2076             12        0.35164
2077             12        0.37411
2078             12        0.39671
2079             12        0.41848
2080             12        0.44036
2081             12        0.46266
2082             12        0.48443
2083             12        0.50436
2084             12         0.5247
2085             12        0.54616
2086             12        0.56868
2087             12         0.5908
2088             12        0.61303
2089             12        0.63485
2090             12        0.65633
2091             12        0.67687
2092             12        0.69736
2093             12        0.71929
2094             12        0.74152
2095             12        0.76379
2096             12        0.78436
2097             12          0.805
2098             12        0.82675
2099             12        0.84801
2100             12        0.86983
2101             12        0.88974
2102             12        0.91065
2103             12        0.93298
2104             12        0.95554
2105             12        0.97801
2106    12     1
2060    13     0
2107             13        0.03882
2108             13        0.07498
2109             13        0.11051
2110             13        0.14311
2111             13        0.17952
2112             13         0.2158
2113             13        0.25237
2114             13        0.28859
2115             13        0.32472
2116             13        0.36114
2117             13        0.39616
2118             13        0.43197
2119             13         0.4682
2120             13        0.50452
2121             13        0.54113
2122             13        0.57465
2123             13        0.61049
2124             13        0.64691
2125             13        0.68158
2126             13        0.71625
2127             13        0.75135
2128             13        0.78689
2129             13        0.82248
2130             13        0.85855
2131             13         0.8944
2132             13        0.92919
2133             13        0.96499
2134    13     1
1903    14     0
2135             14        0.10703
2136             14        0.22022
2137             14        0.32819
2138             14        0.44072
2139             14         0.5507
2140             14        0.66227
2141             14        0.77391
2142             14        0.88693
2143    14     1
2143    15     0
2144             15        0.01418
2145             15        0.02954
2146             15        0.04492
2147             15        0.06047
2148             15        0.07603
2149             15        0.09174
2150             15        0.10713
2151             15        0.12254
2152             15        0.13801
2153             15        0.15307
2154             15         0.1682
2155             15         0.1837
2156             15        0.19932
2157             15        0.21447
2158             15        0.22941
2159             15        0.24494
2160             15        0.26033
2161             15        0.27418
2162             15        0.28959
2163             15         0.3047
2164             15        0.32006
2165             15        0.33551
2166             15        0.35108
2167             15        0.36553
2168             15        0.38129
2169             15        0.39693
2170             15        0.41175
2171             15        0.42699
2172             15        0.44122
2173             15        0.45654
2174             15        0.47162
2175             15        0.48699
2176             15        0.50232
2177             15        0.51797
2178             15        0.53346
2179             15        0.54882
2180             15        0.56442
2181             15        0.57965
2182             15        0.59499
2183             15        0.61054
2184             15        0.62613
2185             15        0.64182
2186             15        0.65748
2187             15        0.67323
2188             15        0.68835
2189             15         0.7041
2190             15         0.7198
2191             15         0.7355
2192             15        0.75121
2193             15        0.76678
2194             15        0.78209
2195             15        0.79763
2196             15        0.81316
2197             15        0.82855
2198             15         0.8443
2199             15        0.85977
2200             15        0.87521
2201             15        0.89063
2202             15        0.90602
2203             15         0.9217
2204             15         0.9373
2205             15        0.95291
2206             15        0.96864
2207             15        0.98431
2208    15     1
2143    16     0
2209             16        0.01531
2210             16        0.03234
2211             16        0.04937
2212             16        0.06639
2213             16        0.08273
2214             16        0.09961
2215             16        0.11594
2216             16         0.1322
2217             16        0.14866
2218             16        0.16541
2219             16        0.18226
2220             16        0.19911
2221             16        0.21582
2222             16        0.23239
2223             16        0.24877
2224             16        0.26578
2225             16        0.28242
2226             16        0.29914
2227             16        0.31603
2228             16        0.33204
2229             16         0.3486
2230             16        0.36516
2231             16        0.38198
2232             16        0.39898
2233             16         0.4157
2234             16        0.43228
2235             16        0.44852
2236             16        0.46492
2237             16        0.48188
2238             16        0.49872
2239             16        0.51465
2240             16         0.5313
2241             16        0.54757
2242             16        0.56423
2243             16        0.58095
2244             16        0.59796
2245             16        0.61479
2246             16        0.63187
2247             16        0.64896
2248             16        0.66601
2249             16        0.68299
2250             16        0.69879
2251             16        0.71578
2252             16        0.73258
2253             16        0.74955
2254             16        0.76657
2255             16        0.78353
2256             16        0.80017
2257             16         0.8171
2258             16        0.83388
2259             16        0.85088
2260             16        0.86758
2261             16        0.88467
2262             16        0.90149
2263             16        0.91808
2264             16        0.93453
2265             16        0.95097
2266             16          0.967
2267             16        0.98345
2268    16     1
1893    17     0
2269             17        0.49252
2270    17     1
2270    18     0
2271             18        0.08419
2272             18        0.16813
2273             18        0.24931
2274             18        0.32596
2275             18        0.40718
2276             18        0.49331
2277             18        0.57629
2278             18        0.65909
2279             18        0.74308
2280             18        0.82947
2281             18          0.914
2282    18     1
2282    19     0
2283             19        0.18505
2284             19        0.39002
2285             19        0.59424
2286             19        0.79274
2287    19     1
2287    20     0
2288             20        0.01545
2289             20        0.03263
2290             20        0.04865
2291             20        0.06401
2292             20        0.08108
2293             20        0.09798
2294             20        0.11467
2295             20        0.13139
2296             20        0.14828
2297             20        0.16515
2298             20        0.18185
2299             20        0.19875
2300             20        0.21551
2301             20         0.2319
2302             20        0.24872
2303             20        0.26559
2304             20        0.28271
2305             20        0.29929
2306             20        0.31572
2307             20        0.33254
2308             20        0.34913
2309             20         0.3651
2310             20         0.3801
2311             20        0.39671
2312             20        0.41331
2313             20        0.43001
2314             20        0.44626
2315             20        0.46242
2316             20        0.47941
2317             20        0.49632
2318             20        0.51345
2319             20        0.53053
2320             20        0.54746
2321             20        0.56288
2322             20        0.57971
2323             20        0.59642
2324             20        0.61354
2325             20        0.63043
2326             20        0.64693
2327             20         0.6638
2328             20        0.67934
2329             20        0.69643
2330             20        0.71345
2331             20        0.73048
2332             20        0.74733
2333             20        0.76412
2334             20         0.7812
2335             20        0.79828
2336             20        0.81537
2337             20        0.83231
2338             20        0.84919
2339             20        0.86566
2340             20        0.88285
2341             20        0.89898
2342             20        0.91532
2343             20        0.93206
2344             20        0.94901
2345             20        0.96599
2346             20        0.98301
2347    20     1
2287    21     0
2348             21        0.01643
2349             21        0.03381
2350             21        0.05049
2351             21        0.06831
2352             21        0.08605
2353             21         0.1038
2354             21        0.12162
2355             21        0.13918
2356             21        0.15666
2357             21        0.17382
2358             21        0.19027
2359             21        0.20767
2360             21        0.22527
2361             21        0.24225
2362             21         0.2585
2363             21        0.27534
2364             21        0.29164
2365             21        0.30835
2366             21        0.32588
2367             21        0.34347
2368             21        0.36099
2369             21        0.37888
2370             21        0.39678
2371             21        0.41469
2372             21        0.43158
2373             21        0.44894
2374             21        0.46553
2375             21        0.48185
2376             21        0.49897
2377             21        0.51639
2378             21        0.53335
2379             21        0.55037
2380             21        0.56729
2381             21        0.58448
2382             21        0.60161
2383             21        0.61942
2384             21        0.63701
2385             21        0.65464
2386             21        0.67247
2387             21        0.69024
2388             21        0.70776
2389             21        0.72419
2390             21        0.74137
2391             21        0.75881
2392             21        0.77599
2393             21        0.79354
2394             21        0.81084
2395             21        0.82735
2396             21         0.8448
2397             21        0.86225
2398             21        0.87935
2399             21          0.897
2400             21        0.91435
2401             21        0.93088
2402             21        0.94808
2403             21        0.96562
2404             21        0.98238
2405    21     1
2282    22     0
2406             22        0.05855
2407             22        0.11862
2408             22        0.17768
2409             22        0.24277
2410             22        0.30724
2411             22         0.3699
2412             22        0.43287
2413             22        0.49758
2414             22        0.56052
2415             22        0.62647
2416             22        0.69054
2417             22        0.75573
2418             22         0.8167
2419             22        0.88181
2420             22        0.94726
2421    22     1
2421    23     0
2422             23        0.02192
2423             23        0.04201
2424             23        0.06118
2425             23        0.08126
2426             23        0.10166
2427             23        0.12219
2428             23        0.14247
2429             23        0.16261
2430             23        0.18149
2431             23        0.19915
2432             23        0.21852
2433             23         0.2377
2434             23        0.25843
2435             23        0.27735
2436             23        0.29669
2437             23        0.31683
2438             23        0.33682
2439             23        0.35744
2440             23        0.37722
2441             23        0.39708
2442             23        0.41665
2443             23        0.43616
2444             23        0.45644
2445             23        0.47689
2446             23        0.49717
2447             23        0.51749
2448             23        0.53736
2449             23        0.55759
2450             23        0.57778
2451             23        0.59774
2452             23        0.61772
2453             23        0.63804
2454             23        0.65829
2455             23        0.67871
2456             23        0.69892
2457             23        0.71811
2458             23        0.73708
2459             23        0.75718
2460             23        0.77715
2461             23        0.79724
2462             23        0.81725
2463             23        0.83732
2464             23        0.85786
2465             23        0.87827
2466             23        0.89857
2467             23        0.91887
2468             23         0.9395
2469             23        0.96015
2470             23        0.98087
2471    23     1
2421    24     0
2472             24        0.01996
2473             24        0.04069
2474             24        0.06161
2475             24        0.08201
2476             24        0.10256
2477             24        0.12394
2478             24        0.14423
2479             24        0.16465
2480             24        0.18586
2481             24        0.20725
2482             24        0.22883
2483             24        0.25024
2484             24        0.26921
2485             24        0.29028
2486             24        0.31099
2487             24        0.33174
2488             24        0.35256
2489             24        0.37366
2490             24        0.39379
2491             24        0.41443
2492             24        0.43575
2493             24        0.45714
2494             24         0.4787
2495             24        0.50007
2496             24        0.52171
2497             24        0.54143
2498             24        0.56202
2499             24        0.58282
2500             24        0.60347
2501             24        0.62445
2502             24        0.64587
2503             24        0.66732
2504             24        0.68887
2505             24        0.70969
2506             24        0.73036
2507             24         0.7511
2508             24        0.77209
2509             24        0.79224
2510             24        0.81327
2511             24        0.83475
2512             24        0.85559
2513             24        0.87647
2514             24        0.89591
2515             24        0.91747
2516             24        0.93753
2517             24        0.95768
2518             24        0.97906
2519    24     1
2270    25     0
2520             25        0.06231
2521             25        0.14072
2522             25        0.22007
2523             25        0.29656
2524             25        0.37528
2525             25        0.45326
2526             25        0.53175
2527             25         0.6112
2528             25        0.68906
2529             25        0.76722
2530             25        0.84492
2531             25        0.92426
2532    25     1
2532    26     0
2533             26        0.29903
2534             26        0.64141
2535    26     1
2535    27     0
2536             27        0.02919
2537             27        0.05961
2538             27        0.08896
2539             27        0.11827
2540             27        0.14696
2541             27        0.17783
2542             27        0.20801
2543             27        0.23823
2544             27        0.26878
2545             27        0.29953
2546             27        0.33019
2547             27        0.36119
2548             27         0.3917
2549             27         0.4219
2550             27        0.45254
2551             27        0.48322
2552             27        0.51329
2553             27        0.54348
2554             27        0.57385
2555             27        0.60385
2556             27        0.63439
2557             27        0.66408
2558             27        0.69454
2559             27        0.72495
2560             27        0.75561
2561             27        0.78658
2562             27        0.81567
2563             27        0.84665
2564             27        0.87753
2565             27         0.9079
2566             27        0.93831
2567             27        0.96931
2568    27     1
2535    28     0
2569             28        0.16679
2570             28        0.38066
2571             28        0.58927
2572             28        0.78926
2573    28     1
2573    29     0
2574             29        0.12008
2575             29        0.24429
2576             29        0.36992
2577             29         0.4963
2578             29        0.62209
2579             29        0.74812
2580             29        0.87333
2581    29     1
2573    30     0
2582             30        0.31381
2583             30         0.6621
2584    30     1
2532    31     0
2585             31        0.03623
2586             31        0.07585
2587             31        0.11449
2588             31        0.15355
2589             31        0.19199
2590             31        0.23006
2591             31        0.26645
2592             31        0.30171
2593             31        0.34092
2594             31        0.38037
2595             31        0.41957
2596             31        0.45851
2597             31        0.49727
2598             31        0.53658
2599             31        0.57571
2600             31        0.61513
2601             31         0.6542
2602             31        0.69167
2603             31        0.72917
2604             31        0.76629
2605             31        0.80504
2606             31        0.84383
2607             31          0.883
2608             31        0.92249
2609             31        0.96039
2610    31     1
1883    32     0
2611    32     1
2611    33     0
2612             33        0.18357
2613             33        0.35338
2614             33         0.5232
2615             33        0.69301
2616             33        0.84515
2617    33     1
2617   133     0
2618            133        0.04475
2619            133         0.0898
2620            133        0.13619
2621            133        0.18452
2622            133        0.23236
2623            133         0.2806
2624            133        0.32886
2625            133        0.37582
2626            133        0.42405
2627            133        0.47276
2628            133        0.52144
2629            133         0.5702
2630            133        0.61484
2631            133        0.66268
2632            133        0.70989
2633            133        0.75665
2634            133        0.80546
2635            133        0.85391
2636            133        0.90276
2637            133        0.95187
2638   133     1
2611     2     0
2639              2        0.51947
2640     2     1
