0  0  0
1           0       3e-05
2           0      0.6253
3  0  1
3  25   0
4           25       0.2376
5           25      0.49262
6           25      0.74597
7  25   1
7  95   0
8           95      0.14999
9           95       0.2936
10           95      0.44225
11           95      0.59354
12           95      0.73377
13           95      0.88629
14  95   1
14  96   0
15           96      0.39073
16           96      0.72257
17  96   1
17  97   0
18           97      0.35375
19           97      0.67887
20  97   1
20  98   0
21           98      0.11665
22           98      0.24358
23           98      0.36904
24           98      0.49394
25           98      0.62061
26           98      0.74614
27           98       0.8728
28  98   1
28  99   0
29           99      0.32144
30           99      0.66978
31  99   1
31  100    0
32           100       0.15566
33           100       0.32572
34           100         0.496
35           100        0.6657
36           100       0.83402
37  100    1
37  101    0
38           101       0.10512
39           101       0.21955
40           101       0.33322
41           101       0.44771
42           101        0.5628
43           101        0.6758
44           101       0.78458
45           101       0.89941
46  101    1
46  102    0
47           102        0.3571
48           102       0.67936
49  102    1
49  103    0
50           103        0.3279
51           103       0.66491
52  103    1
52  104    0
53           104       0.33976
54           104       0.70582
55  104    1
55  105    0
56           105       0.33902
57           105       0.66705
58  105    1
58  106    0
59           106       0.25481
60           106       0.51274
61           106       0.76793
62  106    1
62  107    0
63           107       0.26055
64           107       0.50994
65           107       0.75901
66  107    1
66  108    0
67           108       0.10832
68           108        0.2202
69           108       0.33345
70           108       0.44626
71           108        0.5584
72           108       0.67033
73           108       0.78246
74           108       0.89396
75  108    1
75  109    0
76           109       0.51863
77  109    1
77  110    0
78           110       0.14095
79           110       0.28529
80           110       0.42498
81           110       0.56902
82           110       0.71186
83           110       0.85534
84  110    1
84  26   0
85           26       0.1721
86           26      0.34392
87           26      0.51296
88           26      0.68401
89           26      0.85519
90  26   1
90  27   0
91           27      0.08935
92           27      0.16562
93           27      0.24237
94           27      0.31905
95           27      0.39564
96           27      0.47189
97           27      0.54666
98           27      0.62056
99           27      0.69625
100            27        0.7722
101            27       0.84893
102            27       0.92351
103   27    1
103   28    0
104            28       0.07245
105            28         0.144
106            28        0.2174
107            28       0.29035
108            28       0.36356
109            28       0.43678
110            28       0.50942
111            28       0.58254
112            28       0.65587
113            28       0.72885
114            28       0.79878
115            28       0.87167
116            28        0.9376
117   28    1
117   29    0
118            29       0.55103
119   29    1
119   30    0
120            30       0.03196
121            30       0.06425
122            30       0.09934
123            30       0.13481
124            30       0.17027
125            30       0.20331
126            30       0.23832
127            30       0.27373
128            30       0.30871
129            30       0.34377
130            30       0.37913
131            30       0.41408
132            30       0.44938
133            30       0.48408
134            30       0.51867
135            30       0.55403
136            30       0.58898
137            30       0.62389
138            30       0.65916
139            30       0.69442
140            30       0.72751
141            30        0.7563
142            30       0.78997
143            30       0.82495
144            30       0.86029
145            30       0.89572
146            30       0.93084
147            30       0.96516
148   30    1
119   31    0
149            31       0.10913
150            31       0.22219
151            31       0.34197
152            31       0.45893
153            31       0.57604
154            31       0.68988
155            31       0.80889
156            31       0.92088
157   31    1
157   32    0
158            32       0.13698
159            32       0.23609
160            32       0.33792
161            32       0.43227
162            32       0.49446
163            32       0.59386
164            32       0.69631
165            32       0.79804
166            32       0.89894
167   32    1
157   33    0
168            33       0.13029
169            33       0.22365
170            33       0.32666
171            33       0.42897
172            33       0.50335
173            33       0.60461
174            33       0.70555
175            33       0.80223
176            33       0.90065
177   33    1
117   34    0
178            34       0.08543
179            34       0.16471
180            34       0.24601
181            34       0.32736
182            34        0.3766
183            34       0.41487
184            34       0.49416
185            34       0.57153
186            34       0.64966
187            34       0.69054
188            34       0.76846
189            34       0.84375
190            34       0.92559
191   34    1
103   35    0
192            35       0.02434
193            35       0.05268
194            35       0.07922
195            35       0.10698
196            35       0.13245
197            35       0.15985
198            35       0.18837
199            35       0.21585
200            35        0.2434
201            35       0.26748
202            35       0.29072
203            35       0.31943
204            35       0.34678
205            35       0.37469
206            35       0.40181
207            35       0.42939
208            35       0.45761
209            35       0.48526
210            35       0.51338
211            35       0.54155
212            35       0.56967
213            35       0.59828
214            35       0.62665
215            35       0.65436
216            35       0.67704
217            35       0.70421
218            35       0.73261
219            35       0.75988
220            35       0.78662
221            35       0.81385
222            35       0.84138
223            35       0.86752
224            35       0.89483
225            35       0.92313
226            35       0.94903
227            35       0.97652
228   35    1
90  36   0
229            36       0.04077
230            36        0.0782
231            36       0.11511
232            36       0.15121
233            36       0.18877
234            36        0.2196
235            36        0.2548
236            36       0.29198
237            36       0.32906
238            36       0.36635
239            36       0.40062
240            36       0.42534
241            36       0.45561
242            36       0.49301
243            36       0.52757
244            36       0.56409
245            36        0.6006
246            36       0.63644
247            36       0.67302
248            36       0.71047
249            36       0.74674
250            36       0.78223
251            36       0.81843
252            36       0.85499
253            36       0.89041
254            36       0.92623
255            36        0.9634
256   36    1
77  37   0
257            37       0.02531
258            37       0.04622
259            37       0.06862
260            37       0.09125
261            37       0.11432
262            37       0.13674
263            37       0.15923
264            37       0.18281
265            37       0.20636
266            37       0.22954
267            37       0.25237
268            37       0.27477
269            37       0.29855
270            37       0.32115
271            37       0.34385
272            37       0.36673
273            37       0.38956
274            37       0.41149
275            37       0.43362
276            37       0.45683
277            37       0.47985
278            37        0.5026
279            37       0.52639
280            37       0.54991
281            37       0.57354
282            37       0.59688
283            37        0.6185
284            37       0.64158
285            37       0.66105
286            37       0.68118
287            37       0.70378
288            37       0.72746
289            37       0.75087
290            37       0.77413
291            37       0.79714
292            37       0.81995
293            37       0.84297
294            37       0.86599
295            37       0.88967
296            37       0.91166
297            37       0.93283
298            37       0.95622
299            37       0.97961
300   37    1
75  38   0
301            38       0.02604
302            38       0.05348
303            38       0.08171
304            38       0.10942
305            38       0.13758
306            38       0.16593
307            38       0.19386
308            38       0.22072
309            38       0.24833
310            38       0.27273
311            38       0.30019
312            38         0.328
313            38       0.35398
314            38       0.38118
315            38       0.40826
316            38       0.43642
317            38        0.4633
318            38       0.48978
319            38       0.51058
320            38       0.53567
321            38       0.56349
322            38       0.59086
323            38       0.61771
324            38       0.64571
325            38       0.67268
326            38       0.70029
327            38       0.72824
328            38       0.75642
329            38       0.78468
330            38       0.81263
331            38        0.8405
332            38       0.86786
333            38       0.89556
334            38       0.91896
335            38       0.94508
336            38       0.97179
337   38    1
66  39   0
338            39       0.02455
339            39       0.04691
340            39       0.06512
341            39        0.0873
342            39         0.109
343            39       0.13177
344            39       0.15476
345            39       0.17755
346            39       0.20037
347            39       0.22249
348            39       0.24432
349            39       0.26732
350            39        0.2884
351            39       0.30854
352            39       0.33165
353            39       0.35413
354            39       0.37668
355            39       0.39815
356            39       0.41999
357            39       0.43983
358            39       0.46214
359            39       0.48426
360            39       0.50694
361            39       0.52928
362            39       0.54741
363            39       0.57038
364            39       0.59291
365            39        0.6161
366            39       0.63796
367            39       0.66086
368            39       0.68188
369            39       0.70069
370            39       0.72323
371            39       0.74329
372            39       0.76448
373            39       0.78735
374            39       0.81033
375            39       0.83337
376            39       0.84516
377            39       0.86556
378            39       0.88851
379            39       0.91128
380            39       0.93379
381            39       0.95546
382            39       0.97821
383   39    1
66  40   0
384            40       0.04559
385            40       0.10489
386            40       0.16498
387            40         0.227
388            40       0.28642
389            40       0.34655
390            40        0.4077
391            40       0.47141
392            40       0.53463
393            40        0.5966
394            40       0.65771
395            40       0.71916
396            40       0.78094
397            40       0.84532
398            40       0.90885
399            40       0.95884
400   40    1
62  41   0
401            41       0.02143
402            41       0.04076
403            41       0.06133
404            41       0.08218
405            41       0.10105
406            41       0.12182
407            41       0.14235
408            41       0.16121
409            41        0.1812
410            41       0.20101
411            41       0.22064
412            41       0.24126
413            41       0.26191
414            41       0.28268
415            41       0.30297
416            41       0.32376
417            41       0.34403
418            41       0.36466
419            41       0.38515
420            41       0.40584
421            41       0.42654
422            41       0.44717
423            41       0.46674
424            41       0.48622
425            41       0.50668
426            41       0.52681
427            41       0.54727
428            41       0.56679
429            41       0.58723
430            41       0.60798
431            41       0.62858
432            41       0.64916
433            41       0.66854
434            41       0.68845
435            41       0.70893
436            41       0.72957
437            41       0.74955
438            41       0.76963
439            41       0.78987
440            41       0.81062
441            41       0.83132
442            41       0.85159
443            41       0.87144
444            41       0.89008
445            41        0.9095
446            41       0.92955
447            41       0.94948
448            41       0.96898
449            41       0.98081
450   41    1
58  42   0
451            42       0.02051
452            42       0.04363
453            42       0.06704
454            42       0.09024
455            42       0.11319
456            42       0.13651
457            42        0.1586
458            42        0.1811
459            42       0.20382
460            42       0.22708
461            42       0.25001
462            42       0.27313
463            42       0.29599
464            42       0.31915
465            42       0.34241
466            42       0.36249
467            42       0.38489
468            42       0.40746
469            42       0.42999
470            42        0.4525
471            42       0.47555
472            42       0.49866
473            42       0.52169
474            42       0.54429
475            42       0.56734
476            42       0.59008
477            42        0.6121
478            42       0.63445
479            42       0.65769
480            42       0.68038
481            42        0.7032
482            42       0.72635
483            42       0.74926
484            42       0.77246
485            42       0.79566
486            42       0.81855
487            42       0.84086
488            42       0.86287
489            42       0.88551
490            42       0.90722
491            42       0.93018
492            42       0.95349
493            42        0.9765
494   42    1
55  43   0
495            43        0.0522
496            43       0.10402
497            43         0.154
498            43       0.20815
499            43       0.26214
500            43       0.31436
501            43        0.3672
502            43       0.42122
503            43       0.47502
504            43       0.52855
505            43       0.58238
506            43       0.63424
507            43       0.68114
508            43       0.73255
509            43       0.78666
510            43       0.84012
511            43       0.89521
512            43       0.94916
513   43    1
52  44   0
514            44       0.01607
515            44       0.03089
516            44       0.04861
517            44       0.06675
518            44       0.08497
519            44       0.10275
520            44       0.12098
521            44       0.13843
522            44       0.15581
523            44       0.17404
524            44       0.19213
525            44       0.21044
526            44       0.22857
527            44       0.24562
528            44       0.26316
529            44       0.28138
530            44       0.29917
531            44       0.31729
532            44       0.33534
533            44       0.35283
534            44       0.36945
535            44       0.38702
536            44       0.40446
537            44       0.42242
538            44       0.44063
539            44       0.45855
540            44       0.47691
541            44       0.49497
542            44       0.51225
543            44       0.52909
544            44       0.54713
545            44       0.56494
546            44       0.58282
547            44       0.60008
548            44        0.6183
549            44       0.63592
550            44       0.65304
551            44       0.67089
552            44        0.6889
553            44       0.70715
554            44        0.7231
555            44       0.74129
556            44       0.75878
557            44       0.77661
558            44       0.79499
559            44       0.81245
560            44       0.82921
561            44       0.84724
562            44       0.85911
563            44       0.87672
564            44       0.89421
565            44       0.91168
566            44       0.92896
567            44       0.94698
568            44       0.96388
569            44        0.9817
570   44    1
49  45   0
571            45       0.06034
572            45       0.12109
573            45       0.17623
574            45       0.23641
575            45       0.29751
576            45       0.35861
577            45       0.41971
578            45       0.48081
579            45       0.54191
580            45       0.59783
581            45       0.65687
582            45       0.71276
583            45       0.77148
584            45       0.83211
585            45       0.89062
586            45       0.94729
587   45    1
46  46   0
588   46    1
588   47    0
589            47       0.05713
590            47        0.1097
591            47       0.16536
592            47       0.21916
593            47       0.24067
594            47       0.29767
595            47       0.35403
596            47       0.41091
597            47       0.46729
598            47       0.52105
599            47       0.57474
600            47         0.628
601            47        0.6703
602            47       0.71958
603            47       0.77438
604            47       0.83155
605            47       0.88745
606            47       0.94417
607   47    1
607   48    0
608            48       0.03025
609            48       0.06356
610            48       0.09638
611            48       0.12913
612            48       0.16213
613            48        0.1956
614            48       0.22929
615            48       0.26257
616            48        0.2956
617            48       0.32606
618            48       0.35691
619            48       0.38925
620            48       0.42121
621            48       0.45416
622            48       0.48715
623            48       0.51863
624            48       0.55176
625            48       0.58315
626            48        0.6165
627            48       0.65006
628            48       0.68207
629            48        0.7147
630            48       0.74693
631            48       0.78019
632            48       0.80953
633            48       0.84277
634            48       0.87517
635            48       0.90773
636            48       0.93574
637            48       0.96833
638   48    1
607   49    0
639            49       0.03528
640            49       0.07602
641            49       0.11593
642            49       0.15682
643            49       0.19961
644            49       0.24226
645            49       0.28458
646            49        0.3274
647            49       0.36988
648            49       0.41142
649            49       0.45339
650            49       0.49648
651            49       0.53906
652            49       0.58123
653            49       0.62219
654            49         0.665
655            49       0.70695
656            49       0.74901
657            49       0.79055
658            49       0.83321
659            49       0.87468
660            49       0.91709
661            49        0.9588
662   49    1
588   50    0
663            50       0.03389
664            50       0.06348
665            50       0.09356
666            50       0.12312
667            50       0.15316
668            50       0.18342
669            50       0.21121
670            50       0.24125
671            50       0.27167
672            50       0.30053
673            50       0.33051
674            50       0.35957
675            50       0.38794
676            50       0.41781
677            50       0.44776
678            50       0.47692
679            50       0.50657
680            50       0.53642
681            50       0.56548
682            50        0.5943
683            50       0.62294
684            50       0.65272
685            50       0.68213
686            50       0.71224
687            50       0.74268
688            50       0.77309
689            50       0.80123
690            50       0.82199
691            50       0.85242
692            50       0.88153
693            50       0.90921
694            50       0.93941
695            50       0.96974
696   50    1
37  51   0
697            51       0.01228
698            51       0.02776
699            51       0.04363
700            51       0.05948
701            51       0.07496
702            51       0.09103
703            51       0.10716
704            51       0.12331
705            51       0.13754
706            51       0.15342
707            51       0.16898
708            51       0.18453
709            51       0.19994
710            51       0.21601
711            51        0.2321
712            51       0.24786
713            51       0.26401
714            51       0.28015
715            51       0.29635
716            51       0.31249
717            51       0.32799
718            51       0.34305
719            51       0.35894
720            51       0.37443
721            51       0.39013
722            51       0.40595
723            51       0.42188
724            51       0.43756
725            51       0.45357
726            51       0.46967
727            51       0.48552
728            51       0.50121
729            51       0.51698
730            51       0.53224
731            51       0.54679
732            51       0.56269
733            51       0.57755
734            51       0.59329
735            51       0.60874
736            51       0.62306
737            51        0.6385
738            51       0.65429
739            51       0.67028
740            51       0.68616
741            51       0.70221
742            51       0.71767
743            51       0.73358
744            51       0.74942
745            51       0.76503
746            51        0.7808
747            51         0.797
748            51       0.81306
749            51       0.82912
750            51       0.84517
751            51        0.8587
752            51       0.87414
753            51       0.89032
754            51       0.90633
755            51       0.92123
756            51       0.93681
757            51       0.95192
758            51        0.9675
759            51       0.98377
760   51    1
31  52   0
761            52       0.08316
762            52       0.16827
763            52       0.25815
764            52       0.34808
765            52       0.43759
766            52       0.52893
767            52       0.61715
768            52       0.70956
769            52       0.80131
770            52       0.89228
771            52        0.9831
772   52    1
28  111    0
773           111       0.13189
774           111       0.27802
775           111       0.42349
776           111       0.56899
777           111       0.71404
778           111       0.85709
779  111    1
779  112    0
780           112       0.13535
781           112       0.28493
782           112        0.4359
783           112       0.58536
784           112       0.73715
785           112       0.88664
786  112    1
786  113    0
787           113       0.29221
788           113       0.53801
789           113       0.77225
790  113    1
790  114    0
791           114       0.15412
792           114       0.29455
793           114        0.4349
794           114        0.5743
795           114        0.7164
796           114       0.85792
797  114    1
797  115    0
798  115    1
798  116    0
799           116         0.143
800           116       0.28746
801           116       0.43189
802           116       0.57827
803           116       0.72356
804           116       0.86544
805  116    1
805  117    0
806           117       0.24491
807           117       0.49681
808           117       0.74677
809  117    1
809  118    0
810           118       0.51884
811  118    1
811  119    0
812           119       0.10429
813           119       0.20474
814           119       0.30545
815           119       0.40537
816           119       0.50425
817           119       0.60418
818           119       0.70494
819           119        0.8048
820           119       0.90256
821  119    1
821  120    0
822           120       0.13159
823           120       0.27284
824           120        0.4186
825           120        0.5656
826           120       0.71115
827           120       0.85468
828  120    1
828   53    0
829            53       0.54565
830   53    1
830   54    0
831            54       0.04695
832            54       0.09517
833            54       0.14281
834            54       0.19078
835            54       0.23924
836            54        0.2875
837            54       0.33524
838            54       0.38374
839            54       0.43021
840            54       0.47842
841            54       0.52648
842            54       0.57117
843            54        0.6175
844            54       0.66549
845            54       0.71351
846            54       0.76095
847            54       0.80909
848            54       0.85679
849            54       0.90381
850            54       0.95175
851   54    1
851   55    0
852            55       0.03575
853            55       0.07747
854            55       0.12006
855            55       0.16091
856            55       0.20321
857            55       0.24543
858            55       0.28868
859            55       0.33165
860            55       0.37497
861            55       0.41547
862            55       0.45667
863            55       0.50009
864            55       0.54194
865            55       0.58405
866            55       0.62624
867            55       0.66866
868            55       0.71062
869            55       0.75334
870            55       0.79615
871            55       0.83913
872            55       0.88102
873            55       0.91721
874            55       0.96044
875   55    1
851   56    0
876            56       0.09105
877            56       0.18995
878            56       0.27937
879            56       0.37664
880            56       0.47141
881            56       0.54807
882            56       0.61345
883            56       0.71298
884            56       0.80961
885            56       0.90588
886   56    1
830   57    0
887            57       0.02535
888            57       0.06098
889            57       0.09879
890            57       0.13335
891            57       0.17093
892            57       0.20865
893            57       0.24489
894            57       0.28287
895            57       0.32094
896            57       0.35882
897            57       0.39598
898            57       0.43061
899            57       0.46357
900            57       0.49981
901            57       0.53675
902            57       0.56555
903            57       0.60176
904            57       0.63932
905            57       0.67528
906            57       0.71303
907            57       0.74795
908            57       0.78594
909            57       0.82233
910            57       0.85572
911            57       0.89373
912            57       0.93174
913            57       0.96253
914   57    1
821   58    0
915            58       0.03094
916            58       0.06882
917            58       0.10149
918            58       0.13773
919            58       0.17532
920            58       0.20856
921            58       0.23217
922            58        0.2659
923            58       0.30163
924            58       0.33925
925            58       0.37641
926            58       0.41396
927            58       0.44923
928            58       0.48564
929            58       0.52329
930            58       0.55914
931            58       0.59554
932            58       0.63254
933            58       0.66998
934            58       0.70689
935            58       0.74365
936            58       0.77888
937            58       0.81623
938            58        0.8521
939            58       0.88939
940            58       0.92521
941            58       0.96206
942   58    1
811   59    0
943            59       0.02879
944            59       0.05542
945            59       0.08036
946            59       0.10637
947            59         0.133
948            59       0.15995
949            59        0.1867
950            59       0.21326
951            59       0.23967
952            59        0.2638
953            59       0.29056
954            59       0.31755
955            59       0.34424
956            59        0.3711
957            59       0.39648
958            59       0.42188
959            59       0.44891
960            59       0.47553
961            59       0.50161
962            59       0.52837
963            59       0.55515
964            59       0.58216
965            59       0.60895
966            59       0.63604
967            59       0.66292
968            59         0.689
969            59       0.71547
970            59       0.74193
971            59       0.76773
972            59       0.79455
973            59       0.81857
974            59       0.84518
975            59       0.86903
976            59       0.89274
977            59       0.91947
978            59       0.94599
979            59       0.97327
980   59    1
809   60    0
981            60       0.09669
982            60       0.19639
983            60       0.29567
984            60       0.39929
985            60       0.50255
986            60       0.59957
987            60        0.6996
988            60       0.79701
989            60       0.89892
990   60    1
990   61    0
991            61       0.03562
992            61       0.07901
993            61       0.12292
994            61       0.16617
995            61       0.21014
996            61       0.25294
997            61         0.296
998            61       0.33942
999            61       0.38169
1000             61        0.42535
1001             61        0.46791
1002             61        0.51115
1003             61        0.55417
1004             61        0.59761
1005             61        0.64141
1006             61        0.68348
1007             61        0.72699
1008             61        0.77048
1009             61        0.81478
1010             61        0.85888
1011             61        0.89765
1012             61        0.93983
1013             61        0.97902
1014    61     1
990   62    0
1015             62        0.04336
1016             62        0.09219
1017             62        0.14052
1018             62        0.18944
1019             62        0.23806
1020             62        0.28698
1021             62        0.33321
1022             62        0.38123
1023             62        0.42946
1024             62        0.47566
1025             62        0.52205
1026             62        0.57027
1027             62        0.61757
1028             62        0.66413
1029             62        0.70975
1030             62         0.7573
1031             62        0.80527
1032             62        0.85404
1033             62        0.90279
1034             62        0.95081
1035    62     1
805   63    0
1036             63        0.03251
1037             63        0.06892
1038             63        0.10444
1039             63        0.14036
1040             63        0.17616
1041             63        0.21068
1042             63        0.24639
1043             63        0.28194
1044             63        0.31755
1045             63         0.3525
1046             63        0.38821
1047             63        0.42296
1048             63        0.45925
1049             63        0.48953
1050             63        0.52516
1051             63        0.55869
1052             63        0.59402
1053             63        0.62784
1054             63          0.663
1055             63        0.69722
1056             63        0.73133
1057             63         0.7651
1058             63        0.79974
1059             63        0.83044
1060             63        0.86135
1061             63        0.89602
1062             63        0.93205
1063             63        0.96715
1064    63     1
798   64    0
1065             64        0.03183
1066             64         0.0663
1067             64        0.10009
1068             64        0.13552
1069             64        0.16801
1070             64        0.20366
1071             64        0.23913
1072             64        0.27662
1073             64        0.31014
1074             64        0.34743
1075             64        0.38221
1076             64        0.41976
1077             64        0.45673
1078             64        0.49295
1079             64        0.52738
1080             64         0.5639
1081             64        0.60187
1082             64        0.63964
1083             64        0.67451
1084             64        0.70696
1085             64        0.74146
1086             64        0.77874
1087             64        0.81495
1088             64        0.85004
1089             64        0.88922
1090             64          0.926
1091             64        0.96252
1092    64     1
1092   121     0
1093            121        0.50743
1094   121     1
797   65    0
1095             65        0.03167
1096             65        0.07561
1097             65        0.12677
1098             65        0.17138
1099             65        0.22104
1100             65        0.26422
1101             65        0.30959
1102             65        0.35354
1103             65        0.40075
1104             65        0.45105
1105             65        0.50155
1106             65         0.5482
1107             65        0.60049
1108             65        0.64659
1109             65        0.69558
1110             65         0.7449
1111             65        0.79558
1112             65         0.8461
1113             65        0.89872
1114             65        0.94767
1115    65     1
790   66    0
1116             66        0.06297
1117             66        0.12311
1118             66        0.18277
1119             66        0.24141
1120             66          0.291
1121             66        0.35139
1122             66         0.4106
1123             66         0.4689
1124             66        0.52891
1125             66        0.58904
1126             66        0.64905
1127             66        0.70932
1128             66        0.76863
1129             66        0.82548
1130             66        0.88414
1131             66        0.94396
1132    66     1
1132    67     0
1133             67        0.04522
1134             67        0.08421
1135             67        0.12563
1136             67        0.16764
1137             67        0.20985
1138             67        0.25159
1139             67        0.29038
1140             67         0.3285
1141             67        0.37042
1142             67          0.413
1143             67        0.45581
1144             67        0.49858
1145             67        0.54022
1146             67        0.58291
1147             67        0.62559
1148             67        0.66828
1149             67        0.71078
1150             67        0.75228
1151             67        0.79491
1152             67        0.83655
1153             67        0.87816
1154             67        0.91732
1155             67        0.95899
1156    67     1
1132    68     0
1157             68        0.06584
1158             68        0.12857
1159             68        0.19052
1160             68        0.24868
1161             68        0.30138
1162             68        0.36365
1163             68        0.42603
1164             68        0.48729
1165             68        0.54847
1166             68        0.60739
1167             68        0.66764
1168             68        0.72899
1169             68        0.79112
1170             68        0.84531
1171             68        0.89617
1172             68        0.95627
1173    68     1
786   69    0
1174             69        0.01869
1175             69        0.03658
1176             69        0.05407
1177             69        0.07083
1178             69        0.08804
1179             69        0.10566
1180             69        0.12267
1181             69           0.14
1182             69        0.15755
1183             69        0.17521
1184             69         0.1928
1185             69        0.20939
1186             69        0.22682
1187             69        0.24459
1188             69        0.26208
1189             69        0.27782
1190             69        0.29462
1191             69        0.31206
1192             69        0.32922
1193             69        0.34689
1194             69        0.36463
1195             69          0.382
1196             69        0.39961
1197             69        0.41617
1198             69        0.43336
1199             69        0.45109
1200             69        0.46847
1201             69        0.48586
1202             69        0.50369
1203             69        0.52004
1204             69        0.53738
1205             69        0.55512
1206             69        0.57229
1207             69         0.5895
1208             69        0.60676
1209             69        0.62428
1210             69        0.64196
1211             69        0.65919
1212             69        0.67692
1213             69        0.69454
1214             69        0.71187
1215             69        0.72802
1216             69        0.74501
1217             69        0.76288
1218             69        0.78032
1219             69        0.79759
1220             69        0.81523
1221             69        0.83236
1222             69        0.84967
1223             69        0.86705
1224             69        0.88495
1225             69        0.90237
1226             69        0.91906
1227             69        0.93675
1228             69        0.95448
1229             69        0.97179
1230             69         0.9872
1231    69     1
786   70    0
1232             70        0.02576
1233             70        0.04978
1234             70        0.07318
1235             70        0.09631
1236             70        0.12076
1237             70         0.1444
1238             70         0.1675
1239             70        0.19064
1240             70        0.21405
1241             70         0.2383
1242             70        0.26213
1243             70        0.28527
1244             70         0.3094
1245             70        0.33352
1246             70        0.35809
1247             70        0.38216
1248             70        0.40591
1249             70        0.43008
1250             70        0.45411
1251             70        0.47811
1252             70        0.50087
1253             70        0.52438
1254             70        0.54743
1255             70        0.57119
1256             70        0.59466
1257             70        0.61893
1258             70        0.64302
1259             70        0.66703
1260             70        0.69107
1261             70        0.71522
1262             70        0.73972
1263             70        0.76316
1264             70        0.78699
1265             70        0.81009
1266             70        0.83367
1267             70        0.85768
1268             70        0.88187
1269             70        0.90601
1270             70        0.93052
1271             70         0.9545
1272             70        0.97845
1273    70     1
779   71    0
1274             71        0.32658
1275             71        0.65763
1276    71     1
1276    72     0
1277             72        0.02294
1278             72        0.04667
1279             72        0.06894
1280             72        0.09275
1281             72        0.11642
1282             72        0.14015
1283             72        0.16374
1284             72        0.18613
1285             72         0.2083
1286             72        0.23171
1287             72         0.2549
1288             72        0.27883
1289             72        0.30285
1290             72        0.32589
1291             72        0.34933
1292             72        0.37339
1293             72        0.39745
1294             72        0.42076
1295             72        0.44482
1296             72        0.46783
1297             72        0.49189
1298             72        0.51568
1299             72        0.53874
1300             72          0.562
1301             72        0.58521
1302             72        0.60831
1303             72        0.63171
1304             72        0.65493
1305             72        0.67838
1306             72        0.70243
1307             72        0.72513
1308             72        0.74763
1309             72        0.77032
1310             72        0.79365
1311             72        0.81669
1312             72        0.83957
1313             72        0.86145
1314             72        0.88483
1315             72         0.9086
1316             72        0.93136
1317             72        0.95537
1318             72         0.9777
1319    72     1
1276    73     0
1320             73         0.0279
1321             73        0.05506
1322             73        0.08267
1323             73        0.11021
1324             73        0.13821
1325             73         0.1663
1326             73        0.19219
1327             73        0.21914
1328             73        0.24656
1329             73        0.27394
1330             73         0.2993
1331             73        0.32731
1332             73        0.35503
1333             73        0.38282
1334             73         0.4109
1335             73        0.43901
1336             73        0.46718
1337             73        0.49415
1338             73        0.51663
1339             73        0.54334
1340             73        0.56875
1341             73        0.59405
1342             73        0.62192
1343             73         0.6497
1344             73        0.67655
1345             73        0.70463
1346             73        0.73189
1347             73        0.75985
1348             73        0.78632
1349             73        0.81025
1350             73        0.83686
1351             73        0.86307
1352             73        0.89041
1353             73        0.91857
1354             73        0.94535
1355             73        0.97294
1356    73     1
20  74   0
1357             74        0.50519
1358    74     1
1358    75     0
1359             75        0.52634
1360    75     1
1360    76     0
1361             76        0.10588
1362             76        0.22478
1363             76        0.34556
1364             76        0.45986
1365             76        0.57425
1366             76        0.68214
1367             76        0.78221
1368             76        0.89809
1369    76     1
1369    77     0
1370             77        0.01865
1371             77         0.0357
1372             77        0.05324
1373             77        0.07026
1374             77        0.08801
1375             77        0.10599
1376             77         0.1228
1377             77        0.14025
1378             77        0.15571
1379             77        0.17291
1380             77        0.19067
1381             77        0.20832
1382             77        0.22519
1383             77        0.24232
1384             77         0.2601
1385             77        0.27767
1386             77        0.29323
1387             77        0.31036
1388             77        0.32783
1389             77        0.34514
1390             77        0.36271
1391             77        0.38052
1392             77        0.39794
1393             77        0.41557
1394             77        0.43294
1395             77        0.45079
1396             77        0.46861
1397             77        0.48639
1398             77        0.50359
1399             77        0.52117
1400             77        0.53903
1401             77        0.55605
1402             77          0.571
1403             77        0.58888
1404             77        0.60638
1405             77        0.62414
1406             77        0.64163
1407             77          0.659
1408             77        0.67599
1409             77         0.6932
1410             77        0.71116
1411             77         0.7285
1412             77        0.74494
1413             77        0.75933
1414             77        0.77693
1415             77         0.7947
1416             77        0.81202
1417             77         0.8297
1418             77        0.84735
1419             77        0.86463
1420             77        0.88257
1421             77         0.9003
1422             77        0.91549
1423             77        0.93239
1424             77        0.94797
1425             77         0.9647
1426             77        0.98226
1427    77     1
1369    78     0
1428             78         0.0291
1429             78        0.06215
1430             78         0.0936
1431             78         0.1237
1432             78        0.15657
1433             78        0.18951
1434             78        0.22061
1435             78        0.25283
1436             78        0.28597
1437             78         0.3187
1438             78        0.35016
1439             78        0.38209
1440             78        0.41493
1441             78        0.44795
1442             78        0.47965
1443             78        0.51187
1444             78        0.54429
1445             78        0.57336
1446             78        0.60466
1447             78        0.63701
1448             78        0.66848
1449             78        0.69913
1450             78        0.73165
1451             78        0.75979
1452             78        0.79139
1453             78        0.82409
1454             78        0.85586
1455             78        0.88817
1456             78        0.91544
1457             78        0.94228
1458             78         0.9739
1459    78     1
1360    79     0
1460             79        0.07419
1461             79        0.16722
1462             79        0.26184
1463             79        0.35342
1464             79        0.44967
1465             79        0.54538
1466             79        0.63868
1467             79        0.72033
1468             79        0.81527
1469             79         0.9106
1470    79     1
1358    80     0
1471             80           0.02
1472             80        0.04075
1473             80        0.06141
1474             80        0.08016
1475             80        0.10027
1476             80        0.12128
1477             80        0.13906
1478             80        0.15735
1479             80        0.17615
1480             80        0.18406
1481             80        0.20306
1482             80        0.22365
1483             80        0.24464
1484             80        0.26559
1485             80         0.2862
1486             80        0.30676
1487             80        0.32755
1488             80        0.34869
1489             80         0.3694
1490             80         0.3894
1491             80        0.40873
1492             80        0.42872
1493             80        0.44906
1494             80        0.47019
1495             80        0.49068
1496             80        0.51178
1497             80        0.53252
1498             80        0.55332
1499             80        0.57368
1500             80        0.59432
1501             80        0.61509
1502             80        0.63616
1503             80         0.6559
1504             80        0.67609
1505             80        0.69547
1506             80        0.71628
1507             80         0.7367
1508             80        0.75677
1509             80        0.77678
1510             80         0.7964
1511             80        0.81637
1512             80        0.83684
1513             80        0.85702
1514             80        0.87703
1515             80        0.89731
1516             80        0.91796
1517             80        0.93779
1518             80        0.95848
1519             80        0.97901
1520    80     1
17  81   0
1521             81        0.16981
1522             81        0.33965
1523             81        0.50364
1524             81        0.67008
1525             81        0.83413
1526    81     1
1526    82     0
1527             82         0.2149
1528             82        0.41745
1529             82        0.61804
1530             82        0.80564
1531    82     1
1531    83     0
1532             83        0.01904
1533             83         0.0355
1534             83        0.05131
1535             83        0.06764
1536             83        0.08419
1537             83        0.10069
1538             83        0.11706
1539             83        0.13229
1540             83        0.14871
1541             83        0.16515
1542             83        0.18138
1543             83        0.19718
1544             83        0.21383
1545             83        0.23014
1546             83        0.24412
1547             83        0.26048
1548             83        0.27711
1549             83        0.29376
1550             83        0.31004
1551             83        0.32604
1552             83        0.34061
1553             83        0.35606
1554             83        0.37226
1555             83        0.38856
1556             83         0.4052
1557             83        0.42123
1558             83        0.43684
1559             83        0.45327
1560             83        0.46755
1561             83        0.48422
1562             83        0.50081
1563             83        0.51737
1564             83        0.53409
1565             83        0.55054
1566             83         0.5669
1567             83        0.58261
1568             83         0.5991
1569             83        0.61464
1570             83        0.63072
1571             83        0.64652
1572             83        0.66313
1573             83        0.67906
1574             83        0.69438
1575             83        0.70879
1576             83        0.72488
1577             83          0.741
1578             83        0.75742
1579             83        0.77326
1580             83        0.78973
1581             83         0.8064
1582             83        0.82259
1583             83        0.83875
1584             83         0.8551
1585             83        0.87156
1586             83        0.88716
1587             83        0.90305
1588             83        0.91937
1589             83        0.93519
1590             83        0.95062
1591             83         0.9669
1592             83        0.98363
1593    83     1
1531    84     0
1594             84        0.02054
1595             84        0.04006
1596             84        0.05892
1597             84        0.07615
1598             84        0.09525
1599             84        0.11501
1600             84        0.13455
1601             84        0.15384
1602             84        0.17174
1603             84        0.18999
1604             84        0.20908
1605             84        0.22867
1606             84        0.24832
1607             84        0.26803
1608             84        0.28716
1609             84        0.30671
1610             84        0.32681
1611             84        0.34565
1612             84        0.36452
1613             84        0.38334
1614             84        0.40192
1615             84        0.42202
1616             84        0.44087
1617             84         0.4595
1618             84        0.47895
1619             84        0.49907
1620             84        0.51749
1621             84        0.53575
1622             84        0.55573
1623             84        0.57507
1624             84        0.59427
1625             84         0.6143
1626             84        0.63435
1627             84        0.65417
1628             84        0.67339
1629             84        0.69293
1630             84         0.7093
1631             84         0.7292
1632             84        0.74229
1633             84        0.76103
1634             84        0.78105
1635             84        0.80051
1636             84        0.82009
1637             84        0.83744
1638             84        0.85604
1639             84        0.87569
1640             84        0.89514
1641             84        0.91469
1642             84        0.93457
1643             84        0.95422
1644             84        0.96126
1645             84         0.9805
1646    84     1
1526    85     0
1647             85        0.26976
1648             85         0.5145
1649             85        0.77118
1650    85     1
1650    86     0
1651             86        0.04114
1652             86        0.06759
1653             86        0.11097
1654             86         0.1548
1655             86        0.19734
1656             86        0.24156
1657             86        0.28547
1658             86        0.32851
1659             86        0.37279
1660             86        0.41666
1661             86        0.46059
1662             86        0.50518
1663             86        0.54804
1664             86        0.59014
1665             86        0.63337
1666             86        0.67567
1667             86        0.71143
1668             86        0.74968
1669             86         0.7898
1670             86        0.83037
1671             86        0.87438
1672             86        0.91739
1673             86        0.96134
1674    86     1
1650    87     0
1675             87        0.12762
1676             87        0.25507
1677             87          0.382
1678             87        0.50446
1679             87        0.62986
1680             87        0.75559
1681             87        0.87876
1682    87     1
17  88   0
1683             88        0.04456
1684             88        0.08578
1685             88        0.12735
1686             88        0.16837
1687             88        0.21102
1688             88        0.25368
1689             88        0.29594
1690             88        0.33847
1691             88        0.37986
1692             88        0.42133
1693             88        0.46398
1694             88         0.5066
1695             88        0.54797
1696             88        0.59042
1697             88        0.63254
1698             88        0.67512
1699             88        0.71704
1700             88        0.75589
1701             88        0.79812
1702             88        0.83992
1703             88         0.8777
1704             88        0.91957
1705             88        0.96103
1706    88     1
14  89   0
1707             89        0.13171
1708             89        0.24466
1709             89        0.35573
1710             89        0.46611
1711             89        0.57664
1712             89        0.68573
1713             89        0.79784
1714             89        0.90726
1715    89     1
7  90   0
1716             90        0.05745
1717             90        0.11838
1718             90        0.17923
1719             90        0.23725
1720             90        0.29823
1721             90        0.35922
1722             90        0.41816
1723             90        0.47893
1724             90         0.5386
1725             90        0.59912
1726             90        0.65619
1727             90        0.71277
1728             90        0.76894
1729             90        0.82933
1730             90        0.88901
1731             90        0.94666
1732    90     1
1732    91     0
1733             91        0.14057
1734             91        0.28151
1735             91        0.42796
1736             91        0.57292
1737             91        0.71373
1738             91        0.85668
1739    91     1
1739    92     0
1740             92        0.01163
1741             92        0.02569
1742             92        0.03903
1743             92        0.05304
1744             92        0.06717
1745             92        0.08014
1746             92        0.09446
1747             92        0.10852
1748             92        0.12266
1749             92        0.13692
1750             92        0.15076
1751             92        0.16502
1752             92        0.17883
1753             92        0.19297
1754             92        0.20731
1755             92        0.22162
1756             92        0.23588
1757             92        0.25019
1758             92        0.26371
1759             92        0.27787
1760             92        0.29202
1761             92         0.3057
1762             92        0.31983
1763             92        0.33359
1764             92        0.34742
1765             92        0.36162
1766             92        0.37383
1767             92        0.38777
1768             92        0.40182
1769             92        0.41544
1770             92        0.42958
1771             92        0.44385
1772             92        0.45707
1773             92        0.47108
1774             92        0.48478
1775             92        0.49901
1776             92        0.51306
1777             92         0.5274
1778             92          0.541
1779             92        0.55508
1780             92        0.56896
1781             92        0.58274
1782             92        0.59692
1783             92         0.6105
1784             92        0.62451
1785             92        0.63884
1786             92        0.65303
1787             92        0.66704
1788             92        0.68085
1789             92        0.69496
1790             92        0.70896
1791             92        0.72322
1792             92        0.73683
1793             92        0.75094
1794             92        0.76451
1795             92        0.77864
1796             92        0.79266
1797             92        0.80637
1798             92        0.82044
1799             92         0.8343
1800             92         0.8476
1801             92        0.86173
1802             92         0.8752
1803             92        0.88896
1804             92        0.90283
1805             92        0.91654
1806             92        0.93083
1807             92         0.9444
1808             92        0.95852
1809             92         0.9722
1810             92        0.98613
1811    92     1
1739    93     0
1812             93        0.02161
1813             93        0.05074
1814             93         0.0779
1815             93        0.10659
1816             93        0.13434
1817             93        0.16312
1818             93          0.192
1819             93        0.21928
1820             93         0.2482
1821             93        0.27692
1822             93        0.30476
1823             93        0.33243
1824             93        0.36106
1825             93        0.38904
1826             93        0.41816
1827             93        0.44686
1828             93        0.47546
1829             93        0.50362
1830             93        0.53233
1831             93        0.56124
1832             93        0.58952
1833             93        0.61757
1834             93         0.6459
1835             93        0.67467
1836             93        0.70227
1837             93        0.73027
1838             93        0.75663
1839             93        0.78512
1840             93        0.81381
1841             93        0.83574
1842             93        0.86393
1843             93        0.89238
1844             93          0.918
1845             93        0.94682
1846             93        0.97325
1847    93     1
1732    94     0
1848             94        0.03068
1849             94          0.058
1850             94        0.08241
1851             94        0.10864
1852             94        0.13291
1853             94        0.15896
1854             94        0.18562
1855             94        0.21233
1856             94         0.2393
1857             94        0.26533
1858             94        0.29209
1859             94        0.31724
1860             94        0.34318
1861             94        0.36729
1862             94        0.39355
1863             94        0.41958
1864             94        0.44605
1865             94        0.47258
1866             94        0.49913
1867             94        0.52595
1868             94        0.55317
1869             94        0.58059
1870             94        0.60671
1871             94        0.63254
1872             94         0.6599
1873             94        0.68645
1874             94        0.71339
1875             94        0.73922
1876             94        0.76637
1877             94        0.79373
1878             94        0.82088
1879             94        0.84768
1880             94        0.87484
1881             94        0.90053
1882             94        0.92756
1883             94        0.94877
1884             94        0.97348
1885    94     1
3  1  0
1886              1        0.58984
1887     1     1
1887     3     0
1888              3        0.17149
1889              3        0.34299
1890              3        0.51448
1891              3         0.6821
1892              3        0.85027
1893     3     1
1893     4     0
1894     4     1
1894     5     0
1895              5        0.09084
1896              5        0.20836
1897              5        0.32396
1898              5        0.44198
1899              5        0.55845
1900              5         0.6626
1901              5        0.77391
1902              5        0.88914
1903     5     1
1903     6     0
1904              6        0.06159
1905              6        0.12458
1906              6        0.18352
1907              6        0.25088
1908              6        0.32008
1909              6        0.38714
1910              6        0.45705
1911              6        0.52024
1912              6        0.58591
1913              6        0.65608
1914              6        0.72634
1915              6        0.79562
1916              6        0.86185
1917              6          0.931
1918     6     1
1918     7     0
1919              7        0.01921
1920              7        0.03931
1921              7        0.05983
1922              7        0.08023
1923              7        0.10011
1924              7         0.1195
1925              7         0.1373
1926              7         0.1568
1927              7        0.17694
1928              7        0.19689
1929              7        0.21703
1930              7        0.23728
1931              7        0.25788
1932              7        0.27714
1933              7        0.29779
1934              7        0.31619
1935              7        0.33527
1936              7         0.3555
1937              7        0.36792
1938              7        0.38553
1939              7        0.40554
1940              7        0.42395
1941              7        0.44442
1942              7        0.46508
1943              7        0.48555
1944              7        0.50533
1945              7        0.52142
1946              7        0.54147
1947              7        0.56081
1948              7        0.58064
1949              7        0.60098
1950              7        0.62108
1951              7        0.64166
1952              7        0.66197
1953              7        0.68215
1954              7        0.70205
1955              7         0.7227
1956              7         0.7426
1957              7        0.76273
1958              7        0.78289
1959              7        0.80274
1960              7        0.82138
1961              7        0.84201
1962              7        0.86159
1963              7        0.88198
1964              7         0.9016
1965              7        0.92235
1966              7        0.94166
1967              7        0.96205
1968              7        0.98161
1969     7     1
1918     8     0
1970              8        0.02038
1971              8        0.03691
1972              8        0.05744
1973              8        0.07727
1974              8        0.09563
1975              8        0.11546
1976              8        0.13572
1977              8        0.15635
1978              8        0.17557
1979              8         0.1962
1980              8        0.21658
1981              8        0.23656
1982              8        0.25686
1983              8        0.27689
1984              8        0.29697
1985              8          0.317
1986              8        0.33733
1987              8        0.35767
1988              8        0.37734
1989              8        0.39708
1990              8        0.41747
1991              8        0.42751
1992              8        0.44242
1993              8        0.46293
1994              8        0.48309
1995              8        0.50335
1996              8        0.52338
1997              8        0.54399
1998              8        0.56403
1999              8        0.58398
2000              8        0.60371
2001              8        0.62417
2002              8        0.64428
2003              8        0.66382
2004              8         0.6841
2005              8        0.70398
2006              8        0.72436
2007              8        0.74485
2008              8        0.76452
2009              8        0.78129
2010              8        0.79972
2011              8        0.82012
2012              8        0.84064
2013              8        0.85984
2014              8        0.87918
2015              8        0.89944
2016              8        0.91955
2017              8        0.93989
2018              8        0.95997
2019              8        0.97959
2020     8     1
1903     9     0
2021              9        0.01219
2022              9        0.02351
2023              9        0.03632
2024              9        0.04906
2025              9        0.06193
2026              9        0.07475
2027              9        0.08738
2028              9        0.10023
2029              9        0.11293
2030              9        0.12535
2031              9        0.13782
2032              9        0.15062
2033              9        0.16333
2034              9        0.17394
2035              9        0.18563
2036              9        0.19809
2037              9        0.20963
2038              9        0.22005
2039              9        0.23159
2040              9        0.24407
2041              9         0.2549
2042              9        0.26766
2043              9        0.27981
2044              9        0.29219
2045              9        0.30495
2046              9        0.31692
2047              9         0.3295
2048              9        0.34162
2049              9        0.35399
2050              9        0.36679
2051              9         0.3796
2052              9         0.3922
2053              9        0.40491
2054              9        0.41767
2055              9         0.4305
2056              9        0.44288
2057              9        0.45567
2058              9         0.4681
2059              9        0.48064
2060              9        0.49276
2061              9        0.50513
2062              9        0.51779
2063              9        0.53032
2064              9        0.54256
2065              9        0.55524
2066              9        0.56805
2067              9        0.58083
2068              9        0.59344
2069              9        0.60597
2070              9        0.61799
2071              9        0.62975
2072              9        0.64249
2073              9        0.65499
2074              9        0.66754
2075              9        0.68009
2076              9        0.69234
2077              9        0.70516
2078              9        0.71792
2079              9        0.73046
2080              9        0.74254
2081              9        0.75439
2082              9        0.76701
2083              9        0.77954
2084              9        0.79192
2085              9        0.80443
2086              9        0.81697
2087              9        0.82911
2088              9        0.84099
2089              9        0.85376
2090              9        0.86587
2091              9        0.87829
2092              9         0.8912
2093              9        0.90372
2094              9        0.91619
2095              9        0.92376
2096              9        0.93309
2097              9        0.94444
2098              9         0.9569
2099              9        0.96939
2100              9        0.98216
2101              9         0.9935
2102     9     1
1894    10     0
2103             10        0.16973
2104             10        0.33668
2105             10        0.50958
2106             10        0.68256
2107             10        0.84669
2108    10     1
2108    11     0
2109             11        0.15205
2110             11        0.29768
2111             11        0.44304
2112             11        0.58255
2113             11        0.72263
2114             11        0.86596
2115    11     1
2115    12     0
2116             12        0.01525
2117             12        0.03053
2118             12        0.04419
2119             12        0.05981
2120             12        0.07405
2121             12        0.08932
2122             12        0.10386
2123             12        0.12004
2124             12        0.13617
2125             12        0.15009
2126             12        0.16644
2127             12        0.18277
2128             12        0.19874
2129             12        0.21388
2130             12        0.22951
2131             12        0.24324
2132             12        0.25834
2133             12         0.2739
2134             12        0.28841
2135             12        0.30376
2136             12        0.31974
2137             12        0.33579
2138             12        0.35194
2139             12        0.36727
2140             12        0.38104
2141             12        0.39692
2142             12        0.41286
2143             12        0.42871
2144             12        0.44493
2145             12        0.46051
2146             12        0.47639
2147             12        0.49263
2148             12        0.50728
2149             12        0.52059
2150             12        0.53623
2151             12        0.55081
2152             12        0.56669
2153             12        0.58223
2154             12         0.5975
2155             12        0.61284
2156             12        0.62825
2157             12        0.64398
2158             12        0.65938
2159             12        0.67509
2160             12        0.69081
2161             12        0.70566
2162             12        0.72152
2163             12        0.73719
2164             12        0.75206
2165             12        0.76759
2166             12        0.78322
2167             12        0.79796
2168             12        0.81308
2169             12        0.82853
2170             12        0.84358
2171             12        0.85951
2172             12        0.87349
2173             12         0.8897
2174             12        0.90526
2175             12          0.921
2176             12         0.9366
2177             12        0.94691
2178             12        0.96166
2179             12          0.976
2180             12         0.9918
2181    12     1
2115    13     0
2182             13        0.09486
2183             13        0.18922
2184             13        0.27958
2185             13        0.36863
2186             13        0.45887
2187             13        0.54814
2188             13        0.63779
2189             13         0.7309
2190             13        0.82443
2191             13        0.91055
2192    13     1
2192    14     0
2193             14        0.02946
2194             14        0.05694
2195             14        0.08007
2196             14        0.10452
2197             14         0.1319
2198             14        0.15767
2199             14        0.17404
2200             14        0.20188
2201             14        0.22921
2202             14        0.25712
2203             14        0.28469
2204             14        0.31241
2205             14        0.33895
2206             14        0.36679
2207             14        0.39537
2208             14        0.42318
2209             14        0.45155
2210             14        0.48028
2211             14        0.50911
2212             14        0.53673
2213             14          0.565
2214             14        0.59336
2215             14        0.62123
2216             14        0.64962
2217             14        0.67797
2218             14        0.70641
2219             14        0.73358
2220             14         0.7608
2221             14        0.78894
2222             14        0.81723
2223             14        0.84563
2224             14        0.87346
2225             14        0.90078
2226             14         0.9242
2227             14        0.94792
2228             14        0.97226
2229    14     1
2192    15     0
2230             15        0.11243
2231             15         0.2197
2232             15        0.29678
2233             15         0.3715
2234             15        0.47908
2235             15        0.58426
2236             15         0.6843
2237             15        0.78186
2238             15        0.89199
2239    15     1
2108    16     0
2240             16        0.22744
2241             16        0.43173
2242             16        0.60908
2243             16        0.81045
2244    16     1
1893    17     0
2245             17        0.08225
2246             17        0.15918
2247             17        0.23569
2248             17        0.31213
2249             17         0.3868
2250             17         0.4622
2251             17        0.53843
2252             17        0.61595
2253             17        0.69373
2254             17        0.77151
2255             17        0.84842
2256             17        0.92305
2257    17     1
2257    18     0
2258             18        0.06957
2259             18        0.12981
2260             18        0.20245
2261             18        0.27229
2262             18        0.34744
2263             18        0.42227
2264             18        0.49352
2265             18        0.56779
2266             18        0.64221
2267             18        0.71545
2268             18         0.7865
2269             18        0.85945
2270             18        0.93291
2271    18     1
2271    19     0
2272             19        0.02531
2273             19          0.052
2274             19         0.0783
2275             19        0.10463
2276             19        0.12968
2277             19        0.15559
2278             19        0.17996
2279             19        0.20489
2280             19        0.23138
2281             19        0.25643
2282             19        0.28261
2283             19        0.30919
2284             19         0.3356
2285             19        0.36218
2286             19        0.38848
2287             19         0.4146
2288             19        0.44081
2289             19        0.46619
2290             19        0.49274
2291             19        0.51861
2292             19        0.54389
2293             19        0.56982
2294             19        0.59628
2295             19        0.62271
2296             19        0.64827
2297             19        0.67333
2298             19        0.69958
2299             19        0.72434
2300             19        0.75037
2301             19        0.77654
2302             19        0.79974
2303             19        0.82586
2304             19        0.85169
2305             19        0.87333
2306             19        0.89858
2307             19        0.92354
2308             19        0.94878
2309             19        0.97454
2310    19     1
2271    20     0
2311             20        0.03083
2312             20        0.06139
2313             20        0.09494
2314             20        0.12833
2315             20        0.16118
2316             20        0.19471
2317             20         0.2187
2318             20        0.25205
2319             20        0.28555
2320             20        0.31492
2321             20         0.3476
2322             20        0.38123
2323             20        0.41335
2324             20        0.44619
2325             20        0.47836
2326             20        0.51013
2327             20        0.54348
2328             20        0.57452
2329             20        0.60537
2330             20        0.63913
2331             20         0.6698
2332             20        0.70232
2333             20        0.73505
2334             20        0.76869
2335             20        0.80068
2336             20          0.834
2337             20        0.86768
2338             20        0.90068
2339             20        0.93328
2340             20        0.96653
2341    20     1
2257    21     0
2342             21        0.01468
2343             21        0.03007
2344             21        0.04453
2345             21        0.05913
2346             21        0.07463
2347             21        0.08978
2348             21        0.10503
2349             21        0.12022
2350             21        0.13482
2351             21        0.14954
2352             21        0.16492
2353             21        0.17987
2354             21        0.19506
2355             21        0.20992
2356             21        0.22437
2357             21        0.23949
2358             21        0.25438
2359             21        0.26926
2360             21        0.28433
2361             21         0.2998
2362             21        0.31513
2363             21        0.33049
2364             21        0.34508
2365             21        0.36032
2366             21        0.37559
2367             21        0.39025
2368             21        0.40369
2369             21        0.41502
2370             21        0.42984
2371             21        0.44495
2372             21         0.4599
2373             21        0.47418
2374             21        0.48256
2375             21         0.4978
2376             21        0.51227
2377             21        0.52696
2378             21        0.54219
2379             21        0.55626
2380             21        0.57184
2381             21        0.58739
2382             21        0.60275
2383             21        0.61814
2384             21        0.63358
2385             21        0.64901
2386             21        0.66392
2387             21        0.67935
2388             21        0.69455
2389             21        0.70994
2390             21          0.725
2391             21        0.73976
2392             21        0.75534
2393             21        0.77067
2394             21        0.78551
2395             21        0.79566
2396             21        0.81114
2397             21        0.82669
2398             21        0.84205
2399             21        0.85668
2400             21        0.87146
2401             21        0.88465
2402             21        0.90018
2403             21        0.91579
2404             21        0.93074
2405             21        0.94518
2406             21         0.9593
2407             21        0.97154
2408             21        0.98548
2409    21     1
1887     2     0
2410              2        0.33333
2411              2        0.66667
2412     2     1
2412   122     0
2413            122        0.03271
2414            122        0.06018
2415            122        0.09271
2416            122        0.12187
2417            122        0.15438
2418            122         0.1859
2419            122        0.21848
2420            122        0.25099
2421            122        0.28359
2422            122        0.31461
2423            122         0.3443
2424            122        0.37681
2425            122        0.40539
2426            122        0.43691
2427            122        0.46818
2428            122        0.50054
2429            122        0.53243
2430            122        0.56479
2431            122        0.59462
2432            122        0.62706
2433            122        0.65728
2434            122        0.68778
2435            122        0.71903
2436            122        0.75157
2437            122        0.78291
2438            122        0.81539
2439            122        0.84478
2440            122        0.87698
2441            122        0.90816
2442            122        0.93997
2443            122        0.97167
2444   122     1
2444   123     0
2445            123        0.03107
2446            123        0.06015
2447            123        0.08796
2448            123        0.11663
2449            123        0.14477
2450            123        0.17345
2451            123        0.20286
2452            123        0.23172
2453            123        0.26084
2454            123        0.29006
2455            123        0.31931
2456            123        0.34871
2457            123        0.37755
2458            123        0.40459
2459            123        0.43327
2460            123        0.46097
2461            123        0.48602
2462            123        0.51404
2463            123          0.542
2464            123         0.5712
2465            123        0.60017
2466            123        0.62799
2467            123        0.65675
2468            123        0.68493
2469            123        0.71219
2470            123        0.74084
2471            123        0.76836
2472            123        0.79739
2473            123        0.82665
2474            123        0.85513
2475            123        0.88405
2476            123        0.91298
2477            123        0.94196
2478            123         0.9707
2479   123     1
2444   124     0
2480            124        0.26568
2481            124        0.52524
2482            124        0.78559
2483   124     1
3  22   0
2484             22        0.19837
2485             22        0.33211
2486             22         0.4699
2487             22        0.60112
2488             22        0.73429
2489             22        0.87114
2490    22     1
2490    23     0
2491             23        0.11174
2492             23        0.22599
2493             23         0.3392
2494             23        0.45026
2495             23        0.56249
2496             23        0.67369
2497             23         0.7864
2498             23        0.89798
2499    23     1
2490    24     0
2500             24        0.26375
2501             24        0.53365
2502             24        0.79898
2503    24     1
