0  0  0
1           0       2e-05
2           0     0.50001
3  0  1
3  23   0
4           23      0.03788
5           23      0.12132
6           23      0.20006
7           23      0.28322
8           23      0.36471
9           23      0.44815
10           23      0.52871
11           23      0.60393
12           23      0.68612
13           23      0.76756
14           23      0.84925
15           23      0.93127
16  23   1
16  89   0
17           89      0.13627
18           89      0.28259
19           89      0.43128
20           89      0.56922
21           89      0.70947
22           89       0.8511
23  89   1
23  24   0
24  24   1
24  90   0
25           90        0.196
26           90      0.38967
27           90      0.59268
28           90      0.79541
29  90   1
29  91   0
30           91      0.24475
31           91      0.49628
32           91       0.7477
33  91   1
33  92   0
34           92      0.24028
35           92      0.50243
36           92       0.7697
37  92   1
37  93   0
38           93      0.28796
39           93      0.64498
40  93   1
40  94   0
41           94      0.09698
42           94      0.19754
43           94      0.29828
44           94       0.3984
45           94      0.49825
46           94      0.59892
47           94      0.69965
48           94      0.79929
49           94      0.89882
50  94   1
50  95   0
51           95       0.2306
52           95       0.4766
53           95      0.73922
54  95   1
54  96   0
55           96      0.25962
56           96      0.51496
57           96      0.77424
58  96   1
58  97   0
59           97       0.0645
60           97      0.13034
61           97      0.19575
62           97      0.26321
63           97      0.33054
64           97       0.3974
65           97      0.46465
66           97      0.53208
67           97      0.59792
68           97      0.66459
69           97      0.73088
70           97       0.7979
71           97      0.86548
72           97      0.93268
73  97   1
73  98   0
74           98      0.29206
75           98      0.63935
76  98   1
76  99   0
77           99      0.08709
78           99      0.17939
79           99      0.27077
80           99      0.36287
81           99      0.45456
82           99      0.54663
83           99      0.63804
84           99      0.72987
85           99      0.82123
86           99      0.91352
87  99   1
87  100    0
88  100    1
88  101    0
89           101       0.17475
90           101       0.34076
91           101       0.50576
92           101       0.67136
93           101       0.83783
94  101    1
94  25   0
95           25      0.13744
96           25      0.28141
97           25      0.42473
98           25      0.56905
99           25      0.71316
100            25       0.85699
101   25    1
101   26    0
102            26       0.06196
103            26       0.12449
104            26       0.18749
105            26       0.25076
106            26       0.31367
107            26       0.37578
108            26       0.43904
109            26       0.50222
110            26       0.56415
111            26       0.62743
112            26       0.68868
113            26       0.75085
114            26       0.81382
115            26       0.87559
116            26       0.93726
117   26    1
117  102    0
118           102       0.02484
119           102       0.04969
120           102        0.0743
121           102       0.09896
122           102       0.12357
123           102       0.14807
124           102       0.17208
125           102       0.19653
126           102        0.2204
127           102       0.24442
128           102       0.26923
129           102       0.29261
130           102       0.31618
131           102       0.33854
132           102       0.36317
133           102       0.38775
134           102       0.41224
135           102       0.43697
136           102       0.46177
137           102       0.48658
138           102       0.51129
139           102       0.53595
140           102       0.56063
141           102       0.58407
142           102       0.60861
143           102       0.63335
144           102       0.65748
145           102       0.68202
146           102       0.70592
147           102       0.73045
148           102       0.75426
149           102       0.77801
150           102        0.8024
151           102       0.82733
152           102       0.85204
153           102       0.87686
154           102       0.90112
155           102       0.92584
156           102       0.95055
157           102       0.97529
158  102    1
158  103    0
159           103       0.08703
160           103       0.19198
161           103       0.29576
162           103       0.39668
163           103       0.50155
164           103       0.60503
165           103        0.7063
166           103       0.80811
167           103       0.90796
168  103    1
168  104    0
169           104       0.04418
170           104       0.08529
171           104       0.12687
172           104       0.16931
173           104       0.20901
174           104       0.25143
175           104       0.29366
176           104       0.33516
177           104       0.37763
178           104       0.42019
179           104       0.46304
180           104       0.50493
181           104       0.54715
182           104       0.58925
183           104        0.6316
184           104       0.67238
185           104       0.71494
186           104       0.75706
187           104       0.79841
188           104       0.83704
189           104       0.87856
190           104       0.91776
191           104       0.95743
192  104    1
168  105    0
193           105        0.0894
194           105        0.1723
195           105       0.25594
196           105       0.34195
197           105        0.4275
198           105       0.50825
199           105       0.58773
200           105       0.66915
201           105       0.75446
202           105       0.84067
203           105       0.92649
204  105    1
204  106    0
205           106       0.17267
206           106       0.32519
207           106       0.49439
208           106       0.66414
209           106        0.8322
210  106    1
204  107    0
211           107       0.34461
212           107       0.67982
213  107    1
158  108    0
214           108       0.03994
215           108       0.07885
216           108       0.11601
217           108       0.15546
218           108       0.19589
219           108       0.23667
220           108       0.27537
221           108         0.312
222           108       0.35284
223           108       0.39321
224           108       0.43426
225           108       0.47547
226           108       0.51664
227           108       0.55729
228           108        0.5984
229           108       0.63734
230           108       0.67767
231           108       0.71812
232           108       0.75884
233           108       0.79889
234           108       0.83969
235           108        0.8801
236           108       0.92029
237           108       0.96125
238  108    1
101   27    0
239            27       0.18135
240            27       0.40661
241            27       0.62889
242            27       0.80264
243   27    1
243   28    0
244            28        0.0859
245            28        0.1753
246            28       0.26774
247            28       0.36074
248            28       0.45024
249            28       0.53843
250            28       0.63116
251            28       0.72449
252            28       0.81439
253            28       0.90765
254   28    1
254  109    0
255           109       0.07166
256           109        0.1451
257           109       0.21754
258           109       0.28966
259           109       0.36253
260           109       0.43377
261           109       0.50626
262           109        0.5758
263           109       0.64857
264           109       0.72173
265           109       0.79233
266           109       0.86252
267           109       0.93031
268  109    1
243   29    0
269            29       0.08475
270            29       0.16764
271            29       0.24851
272            29       0.33188
273            29       0.41816
274            29       0.50158
275            29       0.58636
276            29       0.66581
277            29       0.74801
278            29       0.83301
279            29       0.91587
280   29    1
280  110    0
281           110       0.17182
282           110       0.34217
283           110       0.50721
284           110        0.6741
285           110       0.83032
286  110    1
88  30   0
287            30       0.03592
288            30         0.071
289            30       0.10626
290            30       0.14134
291            30       0.17601
292            30       0.21027
293            30       0.24407
294            30       0.27695
295            30       0.31111
296            30       0.34475
297            30       0.37954
298            30       0.41408
299            30       0.44881
300            30       0.48216
301            30       0.51627
302            30       0.55076
303            30       0.58589
304            30        0.6203
305            30       0.65524
306            30       0.68955
307            30       0.72311
308            30       0.75759
309            30       0.79269
310            30       0.82761
311            30       0.86205
312            30       0.89705
313            30       0.93181
314            30       0.96491
315   30    1
315  111    0
316           111       0.11526
317           111       0.23058
318           111       0.34558
319           111        0.4528
320           111       0.56547
321           111       0.67119
322           111       0.78575
323           111       0.89481
324  111    1
87  31   0
325            31       0.53315
326   31    1
326   32    0
327            32       0.03902
328            32       0.07625
329            32       0.11318
330            32       0.14927
331            32       0.18704
332            32       0.22504
333            32       0.26281
334            32       0.29809
335            32       0.33512
336            32       0.37298
337            32        0.4098
338            32       0.44565
339            32       0.47883
340            32       0.51602
341            32       0.55418
342            32       0.59206
343            32       0.62986
344            32       0.66719
345            32        0.7049
346            32       0.74296
347            32       0.78051
348            32       0.81866
349            32       0.85665
350            32       0.89434
351            32       0.93254
352            32       0.96456
353   32    1
353  112    0
354           112        0.1245
355           112        0.2469
356           112       0.37206
357           112       0.49709
358           112       0.62419
359           112       0.75081
360           112       0.87356
361  112    1
326   33    0
362            33       0.03865
363            33       0.07451
364            33       0.10993
365            33       0.14593
366            33       0.18095
367            33        0.2167
368            33       0.25249
369            33       0.28804
370            33       0.32411
371            33       0.35987
372            33        0.3961
373            33       0.43215
374            33       0.46794
375            33       0.50422
376            33        0.5401
377            33       0.57621
378            33       0.61208
379            33       0.64609
380            33       0.68098
381            33       0.71667
382            33       0.75158
383            33       0.78715
384            33       0.82299
385            33       0.85914
386            33       0.89253
387            33       0.92842
388            33       0.96408
389   33    1
389  113    0
390           113       0.24812
391           113       0.49925
392           113       0.75373
393  113    1
76  34   0
394            34       0.03265
395            34       0.07227
396            34       0.11172
397            34       0.15169
398            34       0.19079
399            34        0.2298
400            34       0.26763
401            34        0.3061
402            34       0.34523
403            34       0.38357
404            34       0.41991
405            34       0.45691
406            34       0.49577
407            34       0.53501
408            34       0.57304
409            34       0.61274
410            34       0.65235
411            34       0.69011
412            34       0.72763
413            34       0.76684
414            34       0.80621
415            34       0.84552
416            34       0.88387
417            34       0.92218
418            34       0.96084
419   34    1
73  35   0
420            35       0.02397
421            35       0.05617
422            35       0.08983
423            35       0.12368
424            35       0.15777
425            35       0.19111
426            35       0.22407
427            35        0.2586
428            35       0.29255
429            35       0.32603
430            35       0.36059
431            35       0.39491
432            35       0.42912
433            35       0.46219
434            35       0.49644
435            35       0.52994
436            35       0.56442
437            35       0.59835
438            35       0.63227
439            35       0.66591
440            35       0.69902
441            35       0.73293
442            35       0.76579
443            35       0.79973
444            35       0.83296
445            35       0.86689
446            35       0.90117
447            35       0.93514
448            35       0.96747
449   35    1
58  36   0
450            36       0.03449
451            36       0.06862
452            36       0.10277
453            36       0.13801
454            36       0.17215
455            36       0.20772
456            36        0.2422
457            36       0.27613
458            36       0.30997
459            36        0.3454
460            36       0.38028
461            36       0.41382
462            36        0.4492
463            36       0.48428
464            36       0.51977
465            36       0.55428
466            36       0.58916
467            36       0.62276
468            36       0.65563
469            36        0.6895
470            36       0.72484
471            36       0.75923
472            36       0.79231
473            36       0.82685
474            36       0.86237
475            36       0.89666
476            36       0.93127
477            36       0.96661
478   36    1
54  37   0
479            37        0.0913
480            37       0.19528
481            37       0.29422
482            37       0.39683
483            37       0.49616
484            37       0.60083
485            37       0.70375
486            37       0.80686
487            37       0.90688
488   37    1
488   38    0
489            38       0.04843
490            38       0.09921
491            38       0.15121
492            38       0.20207
493            38       0.25267
494            38       0.30182
495            38       0.34671
496            38       0.39657
497            38       0.44854
498            38       0.49913
499            38       0.54788
500            38       0.60058
501            38       0.65291
502            38       0.70418
503            38       0.75691
504            38       0.79944
505            38        0.8446
506            38       0.89483
507            38       0.94674
508   38    1
488   39    0
509            39       0.04895
510            39       0.09996
511            39         0.151
512            39       0.20186
513            39       0.25287
514            39       0.30305
515            39       0.35291
516            39       0.40264
517            39       0.45075
518            39       0.50196
519            39       0.55289
520            39       0.60439
521            39       0.65548
522            39       0.70035
523            39       0.74837
524            39       0.79732
525            39       0.84793
526            39       0.89936
527            39       0.94905
528   39    1
50  40   0
529            40        0.1283
530            40         0.277
531            40       0.42964
532            40         0.583
533            40       0.73344
534            40       0.88525
535   40    1
535   41    0
536            41        0.0392
537            41       0.07138
538            41       0.10378
539            41       0.13647
540            41       0.16799
541            41       0.20082
542            41       0.23352
543            41       0.26524
544            41       0.29757
545            41       0.32972
546            41       0.36202
547            41       0.39474
548            41       0.42705
549            41       0.45768
550            41       0.48881
551            41       0.52131
552            41       0.55341
553            41       0.58497
554            41       0.61698
555            41       0.64872
556            41       0.68036
557            41       0.71259
558            41       0.74431
559            41       0.77626
560            41       0.80571
561            41        0.8387
562            41       0.87081
563            41       0.90214
564            41       0.93432
565            41       0.96714
566   41    1
535   42    0
567            42       0.04598
568            42       0.07837
569            42       0.11592
570            42       0.15285
571            42       0.18961
572            42       0.22632
573            42       0.26129
574            42       0.29772
575            42       0.33496
576            42       0.37234
577            42       0.41034
578            42       0.44707
579            42       0.48267
580            42       0.51907
581            42       0.55591
582            42       0.59263
583            42       0.62965
584            42       0.66756
585            42       0.70489
586            42       0.74131
587            42       0.77829
588            42       0.81603
589            42       0.85345
590            42       0.88858
591            42       0.92449
592            42       0.96245
593   42    1
40  43   0
594            43       0.15514
595            43       0.36667
596            43       0.57609
597            43        0.7887
598   43    1
598   44    0
599            44       0.02856
600            44       0.05898
601            44       0.08922
602            44       0.11887
603            44       0.14695
604            44       0.17693
605            44       0.20715
606            44       0.23711
607            44       0.26728
608            44       0.29749
609            44       0.32603
610            44       0.35582
611            44        0.3822
612            44       0.41092
613            44       0.44087
614            44       0.47133
615            44       0.49902
616            44       0.52915
617            44       0.55894
618            44       0.58907
619            44       0.61822
620            44       0.64805
621            44       0.67788
622            44       0.70844
623            44       0.73661
624            44       0.76587
625            44       0.79545
626            44       0.82525
627            44       0.85474
628            44       0.88522
629            44       0.91534
630            44       0.94177
631            44       0.97105
632   44    1
598   45    0
633            45       0.04259
634            45       0.08987
635            45       0.13692
636            45       0.18353
637            45       0.22884
638            45       0.27335
639            45       0.32059
640            45       0.35897
641            45        0.4044
642            45       0.45142
643            45       0.49806
644            45       0.54575
645            45       0.59218
646            45       0.63695
647            45       0.68327
648            45       0.72909
649            45        0.7741
650            45       0.82067
651            45       0.86609
652            45       0.91234
653            45       0.95957
654   45    1
37  46   0
655            46       0.01436
656            46       0.03026
657            46       0.04611
658            46       0.06117
659            46       0.07659
660            46       0.09105
661            46       0.10719
662            46       0.12341
663            46       0.13949
664            46       0.15566
665            46       0.17161
666            46       0.18781
667            46       0.20391
668            46       0.21982
669            46       0.23601
670            46       0.25228
671            46        0.2682
672            46       0.28435
673            46        0.3003
674            46       0.31658
675            46       0.33256
676            46       0.34872
677            46       0.36473
678            46       0.38049
679            46       0.39596
680            46       0.41129
681            46       0.42746
682            46       0.44371
683            46       0.45975
684            46       0.47606
685            46       0.49177
686            46       0.50763
687            46       0.52364
688            46       0.53985
689            46       0.55606
690            46       0.57192
691            46       0.58748
692            46       0.60349
693            46       0.61929
694            46       0.63486
695            46       0.65091
696            46        0.6662
697            46       0.68184
698            46       0.69802
699            46       0.71401
700            46       0.73016
701            46         0.746
702            46       0.76227
703            46       0.77831
704            46       0.79464
705            46       0.81062
706            46       0.82644
707            46       0.84189
708            46       0.85801
709            46       0.87421
710            46       0.88988
711            46       0.90597
712            46       0.92152
713            46       0.93714
714            46        0.9527
715            46       0.96896
716            46        0.9841
717   46    1
37  47   0
718            47       0.53039
719   47    1
719   48    0
720            48       0.02464
721            48       0.05347
722            48       0.08187
723            48       0.10966
724            48       0.13726
725            48       0.16604
726            48       0.19347
727            48       0.22204
728            48        0.2498
729            48        0.2773
730            48       0.30512
731            48       0.33222
732            48       0.35998
733            48       0.38816
734            48        0.4165
735            48       0.44487
736            48       0.47194
737            48       0.50013
738            48       0.52787
739            48       0.55614
740            48         0.584
741            48       0.61144
742            48       0.63962
743            48        0.6683
744            48       0.69563
745            48       0.72263
746            48       0.75089
747            48        0.7788
748            48       0.80707
749            48       0.83491
750            48       0.86242
751            48       0.88849
752            48        0.9163
753            48       0.94468
754            48       0.97158
755   48    1
719   49    0
756            49       0.02658
757            49       0.05543
758            49       0.08438
759            49       0.11341
760            49       0.14307
761            49       0.17185
762            49        0.2017
763            49        0.2316
764            49       0.26096
765            49       0.29076
766            49       0.32052
767            49       0.34955
768            49       0.37903
769            49       0.40849
770            49       0.43806
771            49       0.46822
772            49        0.4978
773            49       0.52742
774            49       0.55684
775            49       0.58667
776            49       0.61643
777            49       0.64609
778            49       0.67535
779            49       0.70344
780            49       0.73253
781            49       0.76201
782            49       0.79155
783            49       0.82165
784            49        0.8513
785            49        0.8815
786            49       0.91029
787            49       0.93963
788            49       0.96987
789   49    1
33  50   0
790            50       0.05018
791            50       0.10701
792            50       0.16248
793            50       0.21889
794            50        0.2758
795            50         0.332
796            50        0.3886
797            50       0.44449
798            50       0.50123
799            50       0.55577
800            50       0.61204
801            50       0.66717
802            50       0.72385
803            50       0.77958
804            50       0.83521
805            50       0.89068
806            50       0.94638
807   50    1
807   51    0
808            51       0.02633
809            51       0.05297
810            51       0.07956
811            51       0.10498
812            51        0.1319
813            51       0.15857
814            51       0.18542
815            51       0.21211
816            51       0.23837
817            51       0.26519
818            51       0.29154
819            51       0.31768
820            51       0.34446
821            51       0.37096
822            51       0.39713
823            51       0.42386
824            51       0.45011
825            51       0.47617
826            51       0.50264
827            51       0.52854
828            51       0.55439
829            51       0.58084
830            51       0.60703
831            51       0.63309
832            51       0.65836
833            51       0.68479
834            51       0.71127
835            51       0.73798
836            51       0.76452
837            51       0.79133
838            51       0.81661
839            51       0.84262
840            51       0.86942
841            51       0.89602
842            51       0.92275
843            51       0.94917
844            51       0.97497
845   51    1
807   52    0
846            52       0.04098
847            52       0.08221
848            52       0.12523
849            52       0.16645
850            52       0.20851
851            52       0.25186
852            52       0.29422
853            52       0.33359
854            52       0.37573
855            52        0.4147
856            52       0.45601
857            52       0.49852
858            52       0.54132
859            52        0.5829
860            52       0.62618
861            52       0.66926
862            52        0.7098
863            52       0.75286
864            52       0.79405
865            52       0.83725
866            52       0.87978
867            52       0.91878
868            52       0.96132
869   52    1
29  114    0
870           114       0.14074
871           114       0.28348
872           114       0.42652
873           114       0.57032
874           114       0.71423
875           114       0.85712
876  114    1
876  115    0
877  115    1
877  116    0
878           116        0.0941
879           116       0.18558
880           116        0.2761
881           116       0.36673
882           116       0.45646
883           116       0.54683
884           116       0.63708
885           116       0.72708
886           116       0.81796
887           116       0.90926
888  116    1
888  117    0
889           117       0.33741
890           117       0.67656
891  117    1
891  118    0
892           118       0.20213
893           118       0.40152
894           118       0.60051
895           118       0.80053
896  118    1
896  119    0
897  119    1
897  120    0
898           120       0.06996
899           120       0.13621
900           120       0.20842
901           120       0.27907
902           120       0.35011
903           120       0.42252
904           120       0.49468
905           120       0.56713
906           120        0.6399
907           120        0.7113
908           120       0.78234
909           120       0.85507
910           120       0.92767
911  120    1
911  121    0
912           121       0.34417
913           121       0.70618
914  121    1
914  122    0
915           122       0.11357
916           122       0.21179
917           122       0.30882
918           122        0.4067
919           122        0.5053
920           122       0.60446
921           122       0.70361
922           122       0.80242
923           122       0.90161
924  122    1
924  123    0
925  123    1
925  124    0
926           124         0.523
927  124    1
927  125    0
928           125        0.1661
929           125       0.33351
930           125       0.50219
931           125       0.66544
932           125       0.83335
933  125    1
933   53    0
934            53       0.09824
935            53       0.19675
936            53       0.29705
937            53       0.39599
938            53       0.49593
939            53       0.59721
940            53       0.69825
941            53       0.79849
942            53       0.89965
943   53    1
943   54    0
944            54       0.06591
945            54       0.13335
946            54       0.20442
947            54       0.27805
948            54       0.35036
949            54       0.42144
950            54       0.49233
951            54       0.56557
952            54       0.63753
953            54       0.70915
954            54       0.78256
955            54       0.85652
956            54       0.92874
957   54    1
957  126    0
958           126        0.0734
959           126       0.14838
960           126       0.22721
961           126       0.30446
962           126       0.37912
963           126       0.45458
964           126       0.53041
965           126       0.60881
966           126        0.6866
967           126       0.76538
968           126       0.84501
969           126       0.92109
970  126    1
943   55    0
971            55       0.09906
972            55       0.21022
973            55        0.3241
974            55       0.43585
975            55       0.54761
976            55       0.66173
977            55       0.77346
978            55       0.88605
979   55    1
933   56    0
980            56       0.03051
981            56       0.06767
982            56       0.10495
983            56       0.14374
984            56       0.18136
985            56       0.22097
986            56       0.25908
987            56       0.29859
988            56       0.33779
989            56       0.37602
990            56       0.41527
991            56       0.45423
992            56       0.49255
993            56       0.53224
994            56       0.57206
995            56       0.61185
996            56        0.6514
997            56       0.69052
998            56       0.73001
999            56        0.7684
1000             56        0.80632
1001             56        0.84545
1002             56        0.88338
1003             56        0.92224
1004             56        0.96073
1005    56     1
1005   127     0
1006            127        0.10013
1007            127        0.19934
1008            127        0.29595
1009            127        0.39686
1010            127        0.49748
1011            127        0.59954
1012            127        0.69878
1013            127        0.80161
1014            127        0.89991
1015   127     1
927   57    0
1016             57        0.04287
1017             57         0.0838
1018             57         0.1256
1019             57        0.16719
1020             57        0.20939
1021             57        0.25102
1022             57        0.29316
1023             57        0.33521
1024             57        0.37689
1025             57        0.41783
1026             57        0.45978
1027             57        0.50144
1028             57        0.54347
1029             57        0.58573
1030             57        0.62806
1031             57        0.66996
1032             57          0.712
1033             57        0.75263
1034             57        0.79362
1035             57        0.83603
1036             57        0.87811
1037             57        0.91985
1038             57        0.95963
1039    57     1
925   58    0
1040             58        0.04368
1041             58        0.08236
1042             58        0.12096
1043             58        0.15943
1044             58        0.19794
1045             58        0.23692
1046             58        0.27586
1047             58        0.31479
1048             58        0.35399
1049             58         0.3859
1050             58        0.42365
1051             58        0.46028
1052             58        0.49877
1053             58        0.53738
1054             58        0.57606
1055             58        0.61433
1056             58        0.65316
1057             58        0.69174
1058             58        0.72928
1059             58        0.76805
1060             58        0.80649
1061             58        0.84469
1062             58         0.8833
1063             58        0.92232
1064             58        0.96163
1065    58     1
1065   128     0
1066            128        0.14272
1067            128        0.28121
1068            128        0.42523
1069            128        0.56682
1070            128        0.71052
1071            128         0.8554
1072   128     1
924   59    0
1073             59        0.03065
1074             59        0.06294
1075             59        0.09508
1076             59        0.12613
1077             59        0.15823
1078             59        0.18887
1079             59        0.22092
1080             59        0.25278
1081             59        0.28328
1082             59        0.31541
1083             59         0.3456
1084             59        0.37675
1085             59        0.40655
1086             59        0.43842
1087             59        0.46999
1088             59        0.50135
1089             59        0.53249
1090             59        0.56249
1091             59        0.59451
1092             59        0.62605
1093             59        0.65767
1094             59        0.68942
1095             59        0.72097
1096             59        0.75084
1097             59        0.78283
1098             59        0.81481
1099             59        0.84565
1100             59        0.87733
1101             59        0.90716
1102             59        0.93862
1103             59        0.97031
1104    59     1
1104   129     0
1105            129        0.09228
1106            129        0.18499
1107            129        0.27841
1108            129        0.36576
1109            129        0.45486
1110            129        0.54473
1111            129        0.63757
1112            129           0.73
1113            129        0.81535
1114            129        0.90738
1115   129     1
914   60    0
1116             60        0.03023
1117             60        0.05506
1118             60        0.07985
1119             60        0.10285
1120             60        0.12777
1121             60        0.15271
1122             60        0.17632
1123             60        0.20103
1124             60        0.22525
1125             60        0.24621
1126             60        0.27037
1127             60         0.2953
1128             60        0.31999
1129             60        0.34472
1130             60        0.36927
1131             60        0.39403
1132             60        0.41866
1133             60        0.44275
1134             60        0.46661
1135             60        0.49134
1136             60        0.51567
1137             60        0.53976
1138             60        0.56408
1139             60        0.58757
1140             60        0.61023
1141             60        0.63407
1142             60        0.65878
1143             60        0.68337
1144             60        0.70794
1145             60        0.73229
1146             60        0.75701
1147             60        0.78181
1148             60        0.80657
1149             60        0.83102
1150             60        0.85425
1151             60        0.87857
1152             60        0.90238
1153             60        0.92701
1154             60        0.95121
1155             60        0.97551
1156    60     1
1156   130     0
1157            130        0.16527
1158            130        0.33649
1159            130        0.51095
1160            130         0.6619
1161            130        0.82839
1162   130     1
911   61    0
1163             61        0.02446
1164             61         0.0506
1165             61        0.07728
1166             61        0.10356
1167             61        0.13027
1168             61        0.15727
1169             61        0.18414
1170             61        0.21059
1171             61        0.23659
1172             61        0.26334
1173             61        0.29041
1174             61         0.3165
1175             61        0.34252
1176             61        0.36774
1177             61        0.39436
1178             61        0.42108
1179             61        0.44819
1180             61        0.47488
1181             61        0.50175
1182             61        0.52821
1183             61        0.55502
1184             61        0.58187
1185             61        0.60811
1186             61        0.63236
1187             61        0.65787
1188             61        0.68401
1189             61        0.71093
1190             61        0.73741
1191             61        0.76413
1192             61        0.79082
1193             61        0.81647
1194             61        0.84302
1195             61        0.87011
1196             61        0.89475
1197             61         0.9198
1198             61        0.94634
1199             61        0.97291
1200    61     1
897   62    0
1201             62        0.03484
1202             62        0.07337
1203             62        0.11156
1204             62        0.14711
1205             62        0.18105
1206             62        0.21227
1207             62        0.24994
1208             62        0.28581
1209             62        0.32257
1210             62         0.3589
1211             62        0.39636
1212             62        0.43448
1213             62        0.47239
1214             62        0.51023
1215             62        0.54852
1216             62        0.58505
1217             62        0.62311
1218             62        0.66035
1219             62        0.69708
1220             62        0.73527
1221             62        0.77377
1222             62        0.81099
1223             62        0.84904
1224             62        0.88623
1225             62        0.92427
1226             62        0.96221
1227    62     1
896   63    0
1228             63        0.02472
1229             63        0.04929
1230             63        0.07325
1231             63        0.09728
1232             63        0.12212
1233             63         0.1462
1234             63        0.17041
1235             63        0.19531
1236             63        0.21949
1237             63        0.24391
1238             63        0.26836
1239             63        0.29183
1240             63        0.31639
1241             63        0.34088
1242             63        0.36559
1243             63        0.38975
1244             63        0.41414
1245             63        0.43894
1246             63        0.46264
1247             63        0.48751
1248             63        0.51161
1249             63        0.53552
1250             63        0.55996
1251             63        0.58456
1252             63        0.60891
1253             63        0.63357
1254             63        0.65803
1255             63        0.68267
1256             63        0.70751
1257             63        0.73184
1258             63        0.75605
1259             63        0.78018
1260             63        0.80438
1261             63        0.82901
1262             63        0.85394
1263             63        0.87786
1264             63        0.90241
1265             63        0.92595
1266             63        0.95043
1267             63        0.97514
1268    63     1
891   64    0
1269             64        0.23126
1270             64        0.49025
1271             64        0.74153
1272    64     1
888   65    0
1273             65        0.08632
1274             65        0.18618
1275             65        0.28827
1276             65        0.39065
1277             65        0.49431
1278             65        0.59755
1279             65        0.69517
1280             65        0.79631
1281             65        0.89714
1282    65     1
877   66    0
1283             66        0.52604
1284    66     1
1284    67     0
1285             67        0.02669
1286             67        0.05336
1287             67        0.07829
1288             67        0.10419
1289             67        0.13092
1290             67        0.15794
1291             67        0.18485
1292             67        0.21182
1293             67        0.23868
1294             67        0.26534
1295             67        0.29185
1296             67        0.31848
1297             67        0.34517
1298             67        0.37045
1299             67        0.39709
1300             67        0.42384
1301             67        0.45039
1302             67        0.47685
1303             67        0.50308
1304             67        0.52985
1305             67         0.5556
1306             67         0.5804
1307             67        0.60627
1308             67        0.63271
1309             67        0.65748
1310             67        0.68422
1311             67        0.71078
1312             67        0.73688
1313             67        0.76335
1314             67         0.7899
1315             67         0.8152
1316             67        0.84152
1317             67        0.86766
1318             67         0.8944
1319             67        0.92097
1320             67        0.94779
1321             67        0.97354
1322    67     1
1284    68     0
1323             68        0.04083
1324             68        0.08225
1325             68        0.12481
1326             68        0.16669
1327             68        0.20606
1328             68        0.24687
1329             68        0.28941
1330             68        0.33196
1331             68        0.37454
1332             68        0.41454
1333             68        0.45588
1334             68        0.49772
1335             68        0.53984
1336             68        0.58243
1337             68        0.62524
1338             68         0.6672
1339             68        0.70805
1340             68          0.751
1341             68        0.79127
1342             68        0.83181
1343             68        0.87354
1344             68        0.91564
1345             68        0.95826
1346    68     1
877   69    0
1347             69        0.14599
1348             69        0.28778
1349             69        0.42742
1350             69        0.57926
1351             69        0.72989
1352             69        0.88099
1353    69     1
1353    70     0
1354             70        0.03228
1355             70        0.06174
1356             70        0.08998
1357             70        0.11943
1358             70        0.14899
1359             70        0.17851
1360             70        0.20766
1361             70        0.23657
1362             70        0.26601
1363             70        0.29552
1364             70        0.32512
1365             70        0.35444
1366             70        0.38394
1367             70        0.41305
1368             70        0.44218
1369             70        0.47189
1370             70        0.50104
1371             70        0.53089
1372             70        0.56054
1373             70        0.59007
1374             70        0.61975
1375             70        0.64939
1376             70        0.67859
1377             70        0.70805
1378             70        0.73755
1379             70        0.76658
1380             70        0.79525
1381             70         0.8241
1382             70        0.85355
1383             70        0.88291
1384             70        0.91237
1385             70        0.94187
1386             70        0.97045
1387    70     1
1353    71     0
1388             71        0.15895
1389             71        0.28848
1390             71         0.4211
1391             71        0.56541
1392             71        0.70674
1393             71        0.85362
1394    71     1
876   72    0
1395             72        0.33844
1396             72        0.69687
1397    72     1
1397    73     0
1398    73     1
1398    74     0
1399             74        0.08887
1400             74        0.17927
1401             74        0.26438
1402             74        0.35397
1403             74        0.44949
1404             74         0.5428
1405             74        0.63586
1406             74         0.7253
1407             74        0.81723
1408             74        0.90828
1409    74     1
1409    75     0
1410             75         0.0232
1411             75        0.04923
1412             75        0.07088
1413             75        0.09536
1414             75        0.11781
1415             75        0.14395
1416             75        0.16883
1417             75        0.19484
1418             75        0.22096
1419             75        0.24341
1420             75        0.26925
1421             75        0.29569
1422             75        0.32058
1423             75        0.34701
1424             75        0.37361
1425             75        0.39924
1426             75        0.42568
1427             75         0.4524
1428             75        0.47895
1429             75        0.50386
1430             75        0.52999
1431             75        0.55616
1432             75        0.58243
1433             75        0.60731
1434             75        0.63252
1435             75        0.65785
1436             75        0.68417
1437             75         0.7107
1438             75        0.73698
1439             75        0.76371
1440             75        0.79022
1441             75        0.81685
1442             75         0.8408
1443             75        0.86703
1444             75        0.89344
1445             75        0.91987
1446             75        0.94641
1447             75        0.97318
1448    75     1
1409    76     0
1449             76        0.04175
1450             76        0.08595
1451             76        0.12746
1452             76        0.16967
1453             76        0.21418
1454             76        0.25779
1455             76         0.2998
1456             76        0.34278
1457             76        0.38577
1458             76        0.42802
1459             76        0.47237
1460             76        0.51631
1461             76        0.56006
1462             76        0.60354
1463             76        0.64724
1464             76        0.69184
1465             76        0.73577
1466             76        0.78011
1467             76        0.82492
1468             76        0.86934
1469             76        0.91375
1470             76        0.95659
1471    76     1
1398    77     0
1472             77        0.02254
1473             77        0.04583
1474             77        0.06871
1475             77        0.09293
1476             77        0.11772
1477             77        0.14223
1478             77        0.16679
1479             77        0.19102
1480             77        0.21545
1481             77        0.23832
1482             77        0.26252
1483             77        0.28682
1484             77        0.31076
1485             77        0.33387
1486             77         0.3569
1487             77         0.3809
1488             77        0.40507
1489             77        0.42927
1490             77        0.45083
1491             77        0.47409
1492             77        0.49878
1493             77         0.5227
1494             77        0.54659
1495             77        0.57111
1496             77        0.59569
1497             77        0.61971
1498             77        0.64298
1499             77        0.66631
1500             77        0.68925
1501             77        0.71349
1502             77          0.738
1503             77        0.76151
1504             77        0.78483
1505             77        0.80922
1506             77        0.83335
1507             77        0.85644
1508             77        0.88049
1509             77        0.90358
1510             77        0.92761
1511             77        0.95186
1512             77        0.97599
1513    77     1
1397    78     0
1514             78        0.02138
1515             78        0.04009
1516             78        0.06142
1517             78        0.08202
1518             78        0.10315
1519             78        0.12328
1520             78        0.14439
1521             78        0.16541
1522             78        0.18651
1523             78        0.20677
1524             78        0.22787
1525             78        0.24925
1526             78        0.26918
1527             78         0.2902
1528             78        0.31101
1529             78        0.33215
1530             78        0.35296
1531             78        0.37311
1532             78        0.39405
1533             78        0.41511
1534             78        0.43564
1535             78        0.45636
1536             78        0.47712
1537             78        0.49854
1538             78        0.51972
1539             78        0.54094
1540             78        0.56234
1541             78        0.58342
1542             78        0.60442
1543             78        0.62582
1544             78        0.64737
1545             78        0.66859
1546             78        0.68987
1547             78        0.71134
1548             78        0.73203
1549             78         0.7531
1550             78        0.77454
1551             78        0.79495
1552             78        0.81622
1553             78        0.83678
1554             78        0.85797
1555             78        0.87893
1556             78        0.90015
1557             78        0.92138
1558             78        0.94209
1559             78        0.96309
1560             78         0.9845
1561    78     1
24  79   0
1562             79         0.0215
1563             79        0.04619
1564             79        0.07117
1565             79        0.09624
1566             79        0.12113
1567             79        0.14496
1568             79        0.16863
1569             79        0.19255
1570             79         0.2176
1571             79        0.24197
1572             79         0.2659
1573             79        0.29019
1574             79        0.31458
1575             79        0.33863
1576             79        0.36369
1577             79        0.38867
1578             79        0.41354
1579             79        0.43822
1580             79        0.46294
1581             79        0.48755
1582             79        0.51195
1583             79         0.5362
1584             79        0.56024
1585             79        0.58482
1586             79        0.60815
1587             79        0.63283
1588             79        0.65764
1589             79        0.68146
1590             79        0.70612
1591             79        0.73033
1592             79        0.75477
1593             79        0.77903
1594             79        0.80373
1595             79        0.82835
1596             79        0.85254
1597             79        0.87755
1598             79        0.90221
1599             79        0.92655
1600             79        0.95009
1601             79        0.97499
1602    79     1
16  80   0
1603             80        0.12316
1604             80        0.24818
1605             80        0.36796
1606             80        0.49396
1607             80        0.62104
1608             80        0.74744
1609             80        0.87413
1610    80     1
1610   131     0
1611   131     1
1611    81     0
1612             81        0.48391
1613    81     1
1613    82     0
1614             82        0.09795
1615             82         0.2109
1616             82        0.32554
1617             82        0.43893
1618             82        0.54242
1619             82        0.65748
1620             82        0.77237
1621             82        0.88668
1622    82     1
1622    83     0
1623             83        0.04571
1624             83        0.09243
1625             83        0.13479
1626             83        0.18348
1627             83        0.23168
1628             83        0.28084
1629             83        0.32735
1630             83        0.37662
1631             83        0.42594
1632             83        0.47453
1633             83        0.52252
1634             83        0.57165
1635             83        0.61889
1636             83        0.66671
1637             83        0.71128
1638             83        0.75847
1639             83        0.80527
1640             83        0.85441
1641             83        0.90381
1642             83        0.95297
1643    83     1
1622    84     0
1644             84        0.06861
1645             84        0.15405
1646             84        0.23648
1647             84         0.3104
1648             84        0.39899
1649             84        0.48656
1650             84        0.57078
1651             84        0.65561
1652             84        0.74178
1653             84        0.82426
1654             84        0.91102
1655    84     1
1613    85     0
1656             85        0.11604
1657             85        0.26491
1658             85        0.41159
1659             85        0.55661
1660             85        0.70529
1661             85        0.85436
1662    85     1
1662    86     0
1663             86         0.0434
1664             86        0.08898
1665             86        0.13572
1666             86        0.18082
1667             86        0.22561
1668             86        0.27187
1669             86        0.31711
1670             86        0.36143
1671             86        0.40685
1672             86         0.4524
1673             86        0.49861
1674             86        0.54446
1675             86          0.591
1676             86        0.63538
1677             86         0.6809
1678             86        0.72474
1679             86        0.77121
1680             86        0.81743
1681             86        0.86289
1682             86        0.90954
1683             86        0.95468
1684    86     1
1662    87     0
1685             87        0.07671
1686             87         0.1562
1687             87        0.23304
1688             87         0.3089
1689             87         0.3846
1690             87        0.46273
1691             87        0.53566
1692             87         0.6136
1693             87        0.69057
1694             87        0.76769
1695             87        0.84559
1696             87         0.9214
1697    87     1
16  88   0
1698             88        0.12007
1699             88        0.23001
1700             88        0.34171
1701             88        0.45307
1702             88        0.56537
1703             88        0.66586
1704             88         0.7763
1705             88        0.88875
1706    88     1
3  1  0
1707              1            0.5
1708     1     1
1708     2     0
1709              2            0.5
1710     2     1
1710     4     0
1711     4     1
1711     5     0
1712              5        0.28501
1713              5        0.64461
1714     5     1
1714     6     0
1715              6        0.25353
1716              6        0.50506
1717              6        0.75943
1718     6     1
1718     7     0
1719              7        0.06395
1720              7        0.13129
1721              7         0.1984
1722              7        0.26714
1723              7        0.33679
1724              7        0.40619
1725              7        0.47335
1726              7        0.54285
1727              7        0.61224
1728              7        0.68063
1729              7        0.74362
1730              7        0.80958
1731              7        0.87817
1732              7        0.94727
1733     7     1
1733     8     0
1734              8        0.01955
1735              8        0.03691
1736              8        0.05346
1737              8        0.07044
1738              8        0.08742
1739              8         0.1049
1740              8        0.12151
1741              8        0.13789
1742              8        0.15505
1743              8        0.17249
1744              8        0.18946
1745              8         0.2058
1746              8        0.22264
1747              8        0.23979
1748              8        0.25612
1749              8        0.27275
1750              8         0.2889
1751              8        0.30559
1752              8        0.32257
1753              8        0.33981
1754              8        0.35685
1755              8          0.374
1756              8        0.39137
1757              8        0.40875
1758              8        0.42621
1759              8        0.44327
1760              8        0.46059
1761              8        0.47761
1762              8          0.495
1763              8        0.51249
1764              8        0.52962
1765              8        0.54588
1766              8        0.56306
1767              8        0.58066
1768              8        0.59803
1769              8         0.6146
1770              8        0.62969
1771              8          0.647
1772              8        0.66389
1773              8        0.68095
1774              8        0.69834
1775              8        0.71571
1776              8        0.73301
1777              8         0.7497
1778              8        0.76634
1779              8        0.78365
1780              8        0.80058
1781              8          0.817
1782              8        0.83445
1783              8        0.85091
1784              8        0.86756
1785              8        0.88462
1786              8        0.90058
1787              8         0.9161
1788              8        0.93268
1789              8        0.95012
1790              8        0.96615
1791              8        0.98315
1792     8     1
1733     9     0
1793              9         0.0815
1794              9        0.14745
1795              9        0.21125
1796              9        0.27643
1797              9        0.34222
1798              9        0.40789
1799              9        0.47472
1800              9        0.53912
1801              9        0.60508
1802              9        0.67112
1803              9        0.73647
1804              9        0.80259
1805              9        0.86884
1806              9        0.93445
1807     9     1
1807    10     0
1808             10        0.04058
1809             10        0.08427
1810             10        0.12923
1811             10        0.17393
1812             10        0.21729
1813             10        0.26222
1814             10        0.30553
1815             10        0.34993
1816             10          0.395
1817             10        0.43888
1818             10        0.48262
1819             10        0.52621
1820             10        0.57071
1821             10        0.61381
1822             10        0.65277
1823             10        0.69704
1824             10        0.74143
1825             10        0.78471
1826             10        0.82647
1827             10         0.8693
1828             10        0.91339
1829             10         0.9573
1830    10     1
1807    11     0
1831             11          0.106
1832             11        0.21256
1833             11        0.32808
1834             11        0.44287
1835             11        0.56013
1836             11        0.67435
1837             11        0.78798
1838             11        0.89066
1839    11     1
1718    12     0
1840             12        0.15266
1841             12        0.29491
1842             12        0.43228
1843             12        0.57632
1844             12        0.71648
1845             12        0.85657
1846    12     1
1846    13     0
1847             13        0.01508
1848             13        0.02986
1849             13        0.04586
1850             13        0.06157
1851             13         0.0767
1852             13         0.0929
1853             13        0.10819
1854             13        0.12402
1855             13        0.13919
1856             13        0.15446
1857             13        0.17046
1858             13        0.18581
1859             13        0.20124
1860             13        0.21733
1861             13        0.23321
1862             13        0.24811
1863             13          0.264
1864             13        0.27965
1865             13        0.29573
1866             13        0.31134
1867             13        0.32585
1868             13        0.34192
1869             13        0.35712
1870             13        0.37311
1871             13        0.38916
1872             13        0.40389
1873             13        0.41916
1874             13          0.435
1875             13         0.4511
1876             13        0.46707
1877             13        0.48286
1878             13        0.49849
1879             13        0.51434
1880             13        0.53028
1881             13        0.54613
1882             13        0.56203
1883             13        0.57812
1884             13        0.59319
1885             13        0.60916
1886             13        0.62489
1887             13        0.64105
1888             13        0.65704
1889             13        0.67266
1890             13        0.68814
1891             13        0.70375
1892             13        0.71982
1893             13        0.73578
1894             13        0.75119
1895             13        0.76694
1896             13        0.78196
1897             13        0.79691
1898             13        0.81285
1899             13        0.82869
1900             13        0.84481
1901             13        0.86033
1902             13        0.87557
1903             13        0.89161
1904             13        0.90757
1905             13        0.92257
1906             13         0.9386
1907             13        0.95374
1908             13        0.96891
1909             13         0.9843
1910    13     1
1846    14     0
1911             14        0.01804
1912             14        0.03758
1913             14        0.05739
1914             14        0.07715
1915             14        0.09605
1916             14        0.11544
1917             14        0.13347
1918             14        0.15238
1919             14        0.17182
1920             14        0.19169
1921             14        0.21113
1922             14        0.23077
1923             14        0.25044
1924             14        0.26876
1925             14        0.28631
1926             14        0.30636
1927             14        0.32518
1928             14        0.34432
1929             14        0.36395
1930             14        0.38363
1931             14        0.40338
1932             14        0.42326
1933             14        0.44236
1934             14        0.46221
1935             14        0.48197
1936             14        0.50127
1937             14        0.51995
1938             14        0.53759
1939             14        0.55614
1940             14        0.57385
1941             14        0.59221
1942             14        0.60989
1943             14        0.62963
1944             14        0.64931
1945             14        0.66802
1946             14        0.68764
1947             14        0.70739
1948             14        0.72742
1949             14        0.74734
1950             14        0.76667
1951             14        0.78574
1952             14        0.80496
1953             14        0.82467
1954             14        0.84465
1955             14         0.8641
1956             14        0.88375
1957             14        0.90294
1958             14        0.92219
1959             14        0.94142
1960             14        0.96095
1961             14        0.98046
1962    14     1
1714    15     0
1963             15        0.06942
1964             15         0.1347
1965             15        0.20246
1966             15        0.26615
1967             15        0.33309
1968             15        0.40132
1969             15        0.46798
1970             15        0.53615
1971             15        0.60349
1972             15        0.67047
1973             15        0.73807
1974             15        0.80416
1975             15         0.8707
1976             15        0.93628
1977    15     1
1977    16     0
1978             16        0.06424
1979             16        0.12699
1980             16        0.18877
1981             16         0.2521
1982             16        0.31486
1983             16         0.3764
1984             16        0.43929
1985             16        0.50157
1986             16        0.56288
1987             16        0.62633
1988             16        0.68923
1989             16        0.75191
1990             16        0.81322
1991             16        0.87649
1992             16        0.93968
1993    16     1
1993    17     0
1994             17        0.04657
1995             17         0.0929
1996             17        0.13752
1997             17         0.1808
1998             17         0.2261
1999             17        0.27187
2000             17        0.31759
2001             17        0.36382
2002             17         0.4088
2003             17        0.45455
2004             17         0.5002
2005             17        0.54503
2006             17        0.59077
2007             17        0.63699
2008             17        0.68327
2009             17        0.72771
2010             17         0.7735
2011             17        0.81907
2012             17        0.86503
2013             17        0.91052
2014             17        0.95479
2015    17     1
1993    18     0
2016             18        0.05428
2017             18        0.10627
2018             18        0.15788
2019             18        0.21185
2020             18        0.26655
2021             18        0.31925
2022             18        0.37149
2023             18        0.42261
2024             18        0.47614
2025             18        0.53045
2026             18        0.58115
2027             18        0.63469
2028             18        0.68807
2029             18        0.74238
2030             18        0.79358
2031             18        0.84566
2032             18        0.89796
2033             18        0.95116
2034    18     1
1977    19     0
2035             19        0.03611
2036             19        0.06938
2037             19          0.104
2038             19        0.13994
2039             19        0.17595
2040             19        0.21138
2041             19        0.24627
2042             19        0.28098
2043             19        0.31746
2044             19        0.35403
2045             19        0.39013
2046             19        0.42657
2047             19        0.46272
2048             19        0.49941
2049             19        0.53565
2050             19        0.57137
2051             19        0.60756
2052             19        0.64219
2053             19        0.67818
2054             19        0.71452
2055             19        0.75103
2056             19        0.78683
2057             19        0.82214
2058             19        0.85856
2059             19        0.89438
2060             19        0.93047
2061             19         0.9655
2062    19     1
2062    20     0
2063             20        0.07167
2064             20        0.14339
2065             20        0.21586
2066             20        0.28633
2067             20        0.35654
2068             20        0.42845
2069             20        0.49969
2070             20         0.5726
2071             20        0.64323
2072             20        0.71434
2073             20        0.78559
2074             20         0.8565
2075             20        0.92849
2076    20     1
2062    21     0
2077             21        0.09458
2078             21        0.18611
2079             21        0.27762
2080             21        0.36437
2081             21        0.45713
2082             21        0.55013
2083             21        0.64162
2084             21        0.73424
2085             21        0.82399
2086             21        0.91046
2087    21     1
1711     3     0
2088     3     1
1708    22     0
2089             22        0.08322
2090             22        0.19093
2091             22        0.29863
2092             22        0.40634
2093             22        0.50254
2094             22         0.5856
2095             22        0.69272
2096             22        0.78827
2097             22        0.89521
2098    22     1
