0  0  0
1           0       2e-05
2           0     0.50001
3  0  1
3  30   0
4  30   1
4  31   0
5           31      0.45262
6           31       0.7483
7  31   1
7  71   0
8           71      0.07925
9           71      0.18244
10           71      0.28662
11           71      0.38957
12           71       0.4851
13           71       0.5874
14           71      0.69057
15           71      0.79362
16           71      0.89674
17  71   1
17  32   0
18           32      0.35444
19           32      0.68906
20  32   1
20  72   0
21  72   1
21  73   0
22           73       0.2051
23           73      0.40103
24           73      0.60013
25           73      0.79388
26  73   1
26  74   0
27           74      0.15487
28           74      0.32647
29           74      0.49379
30           74       0.6599
31           74      0.82795
32  74   1
32  75   0
33  75   1
33  76   0
34           76      0.59607
35  76   1
35  77   0
36           77      0.07413
37           77       0.1458
38           77      0.21752
39           77      0.28675
40           77       0.3577
41           77      0.42929
42           77      0.49972
43           77      0.57111
44           77      0.64243
45           77      0.71377
46           77      0.78519
47           77      0.85667
48           77      0.92837
49  77   1
49  78   0
50           78      0.20472
51           78       0.4099
52           78       0.6151
53           78      0.81767
54  78   1
54  79   0
55           79      0.08884
56           79      0.18179
57           79      0.27142
58           79       0.3635
59           79      0.45472
60           79      0.54555
61           79      0.63121
62           79      0.72372
63           79      0.81501
64           79      0.90688
65  79   1
65  80   0
66           80      0.13423
67           80      0.28254
68           80      0.42805
69           80      0.57617
70           80      0.72216
71           80      0.86702
72  80   1
72  81   0
73           81      0.19526
74           81       0.4007
75           81       0.6077
76           81      0.81071
77  81   1
77  82   0
78           82      0.14937
79           82       0.2893
80           82      0.43471
81           82      0.57192
82           82      0.71097
83           82      0.85709
84  82   1
84  83   0
85           83      0.36391
86           83      0.72097
87  83   1
87  84   0
88           84      0.11179
89           84      0.22333
90           84      0.33477
91           84      0.44238
92           84      0.55235
93           84      0.66499
94           84      0.77707
95           84      0.88882
96  84   1
96  85   0
97           85      0.13744
98           85      0.27871
99           85      0.42442
100            85       0.57003
101            85       0.71486
102            85         0.859
103   85    1
103   33    0
104            33        0.0641
105            33       0.12619
106            33       0.18987
107            33       0.25423
108            33       0.31822
109            33       0.38162
110            33       0.44391
111            33       0.50717
112            33       0.56694
113            33       0.63103
114            33       0.69496
115            33        0.7588
116            33       0.81776
117            33       0.88104
118            33       0.94185
119   33    1
119   34    0
120            34       0.20405
121            34       0.40744
122            34        0.6093
123            34       0.80437
124   34    1
124   86    0
125            86       0.07784
126            86       0.15783
127            86       0.23467
128            86       0.31123
129            86       0.38705
130            86       0.46654
131            86       0.54611
132            86       0.62588
133            86       0.70245
134            86       0.77044
135            86       0.84889
136            86       0.92728
137   86    1
137   87    0
138            87       0.02493
139            87       0.05074
140            87       0.07813
141            87       0.10652
142            87        0.1354
143            87       0.16185
144            87       0.18885
145            87       0.21655
146            87       0.24337
147            87       0.26979
148            87       0.29796
149            87       0.32616
150            87        0.3543
151            87       0.37948
152            87       0.40815
153            87       0.43678
154            87       0.46553
155            87       0.49309
156            87       0.52161
157            87       0.54839
158            87       0.57519
159            87       0.60335
160            87       0.63181
161            87       0.65966
162            87       0.68479
163            87         0.713
164            87       0.74109
165            87       0.76948
166            87       0.79773
167            87       0.82515
168            87       0.85304
169            87       0.87882
170            87       0.90761
171            87       0.92307
172            87       0.95195
173            87       0.98079
174   87    1
137   88    0
175            88       0.03984
176            88       0.08975
177            88       0.13728
178            88       0.18485
179            88        0.2111
180            88       0.24195
181            88       0.28345
182            88       0.33033
183            88       0.37058
184            88       0.41981
185            88       0.45741
186            88       0.50683
187            88       0.54779
188            88       0.58054
189            88       0.62544
190            88        0.6706
191            88       0.71918
192            88       0.76686
193            88       0.81596
194            88        0.8585
195            88       0.86877
196            88       0.89868
197            88       0.94557
198            88       0.98845
199            88       0.99602
200   88    1
119   35    0
201            35       0.15921
202            35       0.30052
203            35       0.44301
204            35       0.58339
205            35       0.72464
206            35       0.86232
207   35    1
207   89    0
208            89       0.03961
209            89       0.07959
210            89       0.11929
211            89       0.15759
212            89       0.19724
213            89       0.23644
214            89       0.27644
215            89       0.31346
216            89       0.35019
217            89       0.38957
218            89       0.42319
219            89       0.42651
220            89       0.46696
221            89       0.50562
222            89       0.54525
223            89       0.58501
224            89       0.61863
225            89       0.65876
226            89       0.69597
227            89       0.73189
228            89       0.77079
229            89       0.81045
230            89       0.85039
231            89       0.88916
232            89       0.92249
233            89       0.96019
234   89    1
96  36   0
235            36       0.03429
236            36       0.07241
237            36       0.11073
238            36       0.14849
239            36       0.18094
240            36       0.21799
241            36       0.24429
242            36       0.28183
243            36       0.31847
244            36       0.35536
245            36       0.39354
246            36        0.4309
247            36       0.46885
248            36       0.50593
249            36       0.54234
250            36       0.58021
251            36       0.61232
252            36       0.64385
253            36       0.68094
254            36       0.71884
255            36       0.75402
256            36       0.79116
257            36       0.82843
258            36       0.85343
259            36       0.88757
260            36       0.92431
261            36       0.96176
262   36    1
262   90    0
263            90       0.33175
264            90       0.66424
265   90    1
87  37   0
266            37       0.02468
267            37       0.05193
268            37       0.07873
269            37       0.10564
270            37       0.12652
271            37       0.15264
272            37       0.18003
273            37       0.20745
274            37       0.23433
275            37       0.26173
276            37       0.28929
277            37       0.31488
278            37       0.34077
279            37       0.36592
280            37        0.3854
281            37       0.41236
282            37       0.43944
283            37       0.46704
284            37       0.49357
285            37       0.51985
286            37       0.54514
287            37       0.56218
288            37       0.58261
289            37       0.60844
290            37       0.63517
291            37         0.661
292            37       0.68831
293            37       0.71584
294            37       0.74267
295            37       0.77021
296            37       0.79723
297            37        0.8178
298            37       0.84177
299            37        0.8693
300            37       0.89608
301            37       0.92281
302            37       0.95012
303            37       0.97311
304   37    1
84  38   0
305            38       0.02592
306            38       0.05188
307            38       0.07784
308            38       0.10328
309            38        0.1272
310            38       0.15255
311            38       0.17701
312            38       0.20155
313            38       0.22737
314            38       0.25237
315            38       0.27805
316            38       0.30314
317            38       0.32801
318            38       0.35324
319            38       0.37741
320            38        0.4032
321            38       0.42835
322            38       0.45339
323            38       0.47916
324            38       0.50142
325            38       0.52661
326            38       0.55137
327            38       0.57688
328            38       0.60086
329            38       0.62632
330            38       0.65188
331            38       0.67758
332            38       0.70326
333            38       0.72892
334            38       0.75125
335            38       0.77684
336            38       0.80236
337            38        0.8275
338            38       0.85092
339            38       0.87571
340            38       0.90091
341            38       0.92658
342            38        0.9519
343            38       0.97407
344   38    1
77  39   0
345            39       0.02614
346            39        0.0503
347            39       0.07496
348            39       0.09917
349            39       0.12352
350            39       0.14745
351            39       0.17128
352            39       0.19435
353            39       0.21852
354            39       0.24209
355            39       0.26624
356            39       0.29115
357            39       0.31522
358            39       0.33719
359            39       0.36203
360            39       0.38602
361            39       0.40948
362            39        0.4265
363            39       0.44968
364            39       0.47405
365            39       0.49885
366            39         0.523
367            39       0.54669
368            39       0.57077
369            39       0.59557
370            39       0.62002
371            39       0.64449
372            39        0.6685
373            39       0.69211
374            39       0.71627
375            39       0.73998
376            39       0.76342
377            39        0.7879
378            39       0.81102
379            39         0.834
380            39       0.85371
381            39       0.87839
382            39       0.90199
383            39       0.92672
384            39       0.95093
385            39        0.9756
386   39    1
72  40   0
387            40        0.0248
388            40       0.05054
389            40       0.07519
390            40       0.10066
391            40       0.12553
392            40       0.14983
393            40       0.17163
394            40       0.19676
395            40       0.22076
396            40       0.24335
397            40       0.26861
398            40       0.28289
399            40       0.30869
400            40       0.33389
401            40       0.35837
402            40       0.38013
403            40       0.40404
404            40        0.4295
405            40       0.45555
406            40       0.48123
407            40       0.50538
408            40        0.5304
409            40       0.55543
410            40       0.58094
411            40       0.60665
412            40       0.63153
413            40         0.657
414            40       0.68235
415            40       0.70687
416            40       0.73269
417            40       0.75859
418            40        0.7846
419            40       0.81027
420            40       0.83304
421            40       0.85869
422            40       0.88348
423            40       0.90694
424            40       0.93073
425            40       0.95626
426            40       0.97611
427   40    1
65  41   0
428            41        0.0219
429            41       0.04732
430            41       0.07342
431            41       0.09868
432            41        0.1225
433            41       0.14576
434            41       0.17175
435            41       0.19737
436            41       0.22364
437            41       0.24915
438            41       0.27452
439            41       0.29813
440            41        0.3239
441            41       0.34934
442            41       0.37539
443            41       0.40106
444            41        0.4272
445            41       0.45147
446            41       0.47693
447            41       0.49878
448            41        0.5238
449            41       0.54988
450            41       0.57573
451            41       0.60163
452            41       0.62791
453            41       0.65231
454            41       0.67689
455            41        0.7031
456            41       0.72846
457            41       0.75394
458            41       0.78006
459            41       0.80541
460            41       0.82914
461            41        0.8529
462            41       0.87667
463            41       0.90284
464            41       0.92882
465            41       0.95399
466            41       0.97486
467   41    1
54  42   0
468            42       0.02047
469            42       0.03932
470            42       0.05786
471            42       0.07788
472            42       0.09782
473            42       0.11808
474            42       0.13824
475            42        0.1564
476            42       0.17553
477            42       0.19544
478            42       0.21565
479            42       0.23523
480            42        0.2551
481            42       0.27514
482            42       0.29527
483            42       0.31496
484            42       0.33394
485            42        0.3542
486            42       0.37405
487            42        0.3933
488            42       0.41336
489            42       0.43289
490            42       0.45066
491            42       0.46576
492            42       0.48599
493            42       0.50414
494            42       0.52179
495            42       0.54168
496            42       0.56185
497            42       0.58179
498            42       0.60057
499            42        0.6206
500            42       0.63975
501            42       0.65951
502            42       0.67898
503            42       0.69805
504            42       0.71688
505            42       0.73712
506            42       0.75668
507            42       0.77683
508            42       0.79698
509            42       0.81546
510            42       0.83546
511            42        0.8556
512            42       0.87389
513            42       0.88618
514            42       0.90595
515            42       0.92541
516            42       0.94519
517            42       0.96374
518            42       0.98325
519   42    1
49  91   0
520            91       0.08348
521            91       0.17684
522            91       0.26939
523            91        0.3615
524            91       0.45497
525            91       0.54488
526            91       0.63807
527            91       0.72693
528            91       0.82058
529            91       0.91323
530   91    1
530   92    0
531            92       0.19873
532            92       0.40093
533            92       0.60284
534            92        0.8022
535   92    1
535   93    0
536            93       0.04519
537            93       0.08914
538            93       0.13258
539            93       0.17401
540            93       0.21744
541            93       0.26083
542            93       0.30485
543            93       0.34864
544            93        0.3922
545            93       0.43457
546            93       0.47545
547            93       0.51863
548            93       0.56067
549            93       0.60512
550            93       0.64933
551            93       0.69315
552            93       0.73753
553            93       0.78168
554            93       0.82594
555            93       0.86994
556            93       0.91338
557            93        0.9571
558   93    1
558   94    0
559            94       0.20167
560            94       0.41392
561            94       0.62009
562            94       0.83092
563   94    1
563   95    0
564            95        0.2411
565            95       0.43368
566            95       0.62189
567            95       0.80675
568   95    1
568   96    0
569            96       0.25145
570            96        0.4928
571            96       0.74643
572   96    1
572   43    0
573            43       0.05853
574            43       0.11402
575            43       0.16859
576            43       0.22377
577            43       0.28075
578            43       0.33857
579            43       0.39685
580            43       0.45498
581            43       0.51361
582            43       0.57218
583            43       0.63017
584            43       0.68907
585            43       0.74805
586            43       0.80646
587            43       0.86401
588            43       0.91914
589            43        0.9456
590   43    1
590   44    0
591   44    1
591   97    0
592            97       0.25611
593            97       0.51696
594            97       0.79019
595   97    1
595   98    0
596            98       0.04314
597            98       0.07673
598            98       0.11071
599            98       0.14464
600            98        0.1791
601            98       0.21189
602            98       0.24633
603            98       0.28069
604            98       0.31413
605            98       0.34855
606            98       0.38268
607            98       0.41648
608            98       0.45113
609            98         0.485
610            98       0.51756
611            98       0.55176
612            98       0.58575
613            98        0.6199
614            98       0.65446
615            98       0.68887
616            98       0.72285
617            98       0.75037
618            98        0.7835
619            98       0.81622
620            98        0.8438
621            98       0.87258
622            98        0.9023
623            98       0.93555
624            98        0.9672
625   98    1
595   99    0
626            99       0.15375
627            99       0.27569
628            99       0.39754
629            99       0.52008
630            99       0.64294
631            99       0.76652
632            99       0.89006
633   99    1
590   45    0
634            45       0.53194
635   45    1
635  100    0
636           100       0.03089
637           100       0.06264
638           100       0.09427
639           100       0.12446
640           100       0.15354
641           100       0.18485
642           100       0.21444
643           100       0.24501
644           100       0.27545
645           100       0.30599
646           100       0.33746
647           100       0.36665
648           100       0.39713
649           100       0.42801
650           100       0.45918
651           100       0.48877
652           100       0.52011
653           100       0.55137
654           100       0.58288
655           100       0.61243
656           100       0.64404
657           100       0.67461
658           100       0.70405
659           100       0.72893
660           100       0.75799
661           100       0.78926
662           100       0.82043
663           100       0.85048
664           100       0.88125
665           100       0.90991
666           100       0.93941
667           100       0.96879
668  100    1
568   46    0
669            46       0.08092
670            46       0.16476
671            46        0.2388
672            46       0.28107
673            46        0.3606
674            46        0.4543
675            46       0.53912
676            46       0.63274
677            46       0.72351
678            46       0.81586
679            46       0.90839
680   46    1
563   47    0
681            47       0.03161
682            47       0.06032
683            47       0.09144
684            47       0.12211
685            47       0.15364
686            47       0.18523
687            47       0.21625
688            47       0.24772
689            47       0.27962
690            47       0.31061
691            47       0.34233
692            47       0.37282
693            47       0.40175
694            47       0.43019
695            47        0.4616
696            47       0.49277
697            47       0.52409
698            47       0.55543
699            47       0.58587
700            47       0.61731
701            47       0.64755
702            47       0.67552
703            47       0.70199
704            47       0.72871
705            47       0.76053
706            47       0.79077
707            47       0.82201
708            47       0.85277
709            47       0.88211
710            47       0.91136
711            47       0.94153
712            47       0.97141
713   47    1
713  101    0
714           101       0.18922
715           101       0.39715
716           101       0.61984
717           101       0.83411
718  101    1
558   48    0
719            48       0.02373
720            48       0.04908
721            48       0.07325
722            48       0.09921
723            48       0.12408
724            48       0.15051
725            48       0.17493
726            48       0.20141
727            48       0.22776
728            48       0.25235
729            48       0.27883
730            48        0.3045
731            48       0.32999
732            48       0.35577
733            48       0.38158
734            48       0.40653
735            48       0.43276
736            48        0.4594
737            48       0.48508
738            48        0.5114
739            48       0.53788
740            48       0.56343
741            48       0.58986
742            48       0.61609
743            48       0.64166
744            48       0.65986
745            48       0.68608
746            48       0.71267
747            48       0.73896
748            48       0.76441
749            48       0.79099
750            48       0.81765
751            48       0.84433
752            48       0.87004
753            48       0.89594
754            48       0.92222
755            48       0.94783
756            48       0.97409
757   48    1
757  102    0
758           102       0.24482
759           102       0.50005
760           102       0.74509
761  102    1
535   49    0
762            49       0.27122
763            49        0.5202
764            49       0.77479
765   49    1
765   50    0
766            50       0.01987
767            50       0.04028
768            50       0.06145
769            50       0.08352
770            50       0.10575
771            50       0.12712
772            50       0.14924
773            50       0.17076
774            50        0.1933
775            50       0.21273
776            50       0.23468
777            50       0.25601
778            50       0.27786
779            50       0.30072
780            50       0.32274
781            50       0.34551
782            50       0.36826
783            50       0.39087
784            50       0.41243
785            50       0.43475
786            50        0.4572
787            50       0.47908
788            50        0.5008
789            50       0.52343
790            50       0.54523
791            50       0.56765
792            50       0.58919
793            50       0.61176
794            50        0.6344
795            50       0.65628
796            50       0.67777
797            50       0.69942
798            50       0.71862
799            50       0.73987
800            50       0.76043
801            50       0.78219
802            50       0.80455
803            50       0.82607
804            50       0.84764
805            50       0.86994
806            50         0.891
807            50       0.91392
808            50       0.93341
809            50       0.95545
810            50       0.97809
811   50    1
765   51    0
812            51        0.0312
813            51        0.0588
814            51       0.08873
815            51       0.11847
816            51       0.14838
817            51       0.17652
818            51       0.20621
819            51       0.23579
820            51       0.26575
821            51       0.29271
822            51       0.32222
823            51       0.35063
824            51       0.38009
825            51       0.40935
826            51       0.43937
827            51       0.46929
828            51       0.49916
829            51       0.52859
830            51       0.55847
831            51       0.58514
832            51       0.61495
833            51       0.64504
834            51       0.67484
835            51       0.70418
836            51       0.73173
837            51       0.76176
838            51       0.79152
839            51       0.82159
840            51       0.85155
841            51       0.88164
842            51       0.91098
843            51       0.94088
844            51        0.9701
845   51    1
530   52    0
846            52       0.03944
847            52       0.07392
848            52       0.10179
849            52       0.12361
850            52       0.15784
851            52        0.1885
852            52       0.21878
853            52        0.2525
854            52        0.2866
855            52       0.32219
856            52       0.35487
857            52       0.38807
858            52       0.40441
859            52       0.43908
860            52       0.45749
861            52       0.48872
862            52       0.51992
863            52       0.55295
864            52       0.58345
865            52       0.61732
866            52       0.65125
867            52       0.67781
868            52        0.7066
869            52       0.74157
870            52       0.77532
871            52       0.80917
872            52       0.84099
873            52       0.87552
874            52       0.91075
875            52       0.94541
876            52       0.96995
877   52    1
35  53   0
878            53       0.01933
879            53       0.03556
880            53       0.05328
881            53       0.07113
882            53       0.08741
883            53       0.10464
884            53       0.12252
885            53       0.14056
886            53       0.15857
887            53       0.17517
888            53       0.19338
889            53       0.20917
890            53       0.22637
891            53       0.23993
892            53       0.25735
893            53       0.27454
894            53       0.29256
895            53       0.31069
896            53       0.32784
897            53       0.34556
898            53       0.36185
899            53       0.37958
900            53       0.39804
901            53        0.4165
902            53       0.43404
903            53       0.45219
904            53       0.46932
905            53       0.48726
906            53       0.50514
907            53       0.51797
908            53       0.53605
909            53       0.55378
910            53       0.57159
911            53       0.58905
912            53       0.60556
913            53       0.62266
914            53       0.64087
915            53       0.65897
916            53       0.67657
917            53       0.69465
918            53       0.71141
919            53        0.7276
920            53       0.74368
921            53       0.76203
922            53       0.77517
923            53       0.79337
924            53       0.81072
925            53       0.82858
926            53       0.84502
927            53       0.86242
928            53       0.88052
929            53       0.89782
930            53         0.915
931            53        0.9215
932            53        0.9398
933            53       0.95673
934            53       0.97345
935            53        0.9895
936   53    1
33  54   0
937            54        0.3405
938            54       0.67383
939   54    1
939   55    0
940            55       0.01904
941            55       0.03705
942            55       0.05294
943            55       0.07132
944            55       0.08893
945            55       0.10857
946            55       0.12755
947            55       0.14521
948            55       0.16442
949            55       0.18395
950            55       0.20269
951            55       0.22045
952            55       0.23957
953            55       0.25932
954            55       0.27792
955            55       0.29657
956            55       0.31572
957            55       0.33328
958            55       0.35194
959            55       0.37096
960            55       0.38899
961            55        0.4064
962            55       0.42579
963            55       0.44452
964            55       0.46274
965            55       0.48076
966            55        0.4929
967            55       0.51024
968            55       0.52454
969            55       0.54124
970            55       0.56078
971            55        0.5793
972            55        0.5986
973            55       0.61712
974            55       0.63666
975            55       0.65624
976            55       0.67588
977            55       0.69525
978            55       0.71463
979            55       0.73263
980            55       0.74584
981            55       0.76375
982            55       0.78229
983            55       0.80174
984            55       0.82078
985            55       0.83958
986            55       0.85846
987            55       0.87753
988            55       0.89643
989            55       0.91549
990            55       0.93455
991            55       0.95082
992            55       0.96943
993            55       0.98814
994   55    1
939   56    0
995            56       0.01825
996            56        0.0381
997            56       0.05972
998            56       0.08033
999            56       0.10123
1000             56        0.12251
1001             56        0.14386
1002             56        0.16553
1003             56        0.18706
1004             56        0.20911
1005             56         0.2313
1006             56        0.25348
1007             56        0.27504
1008             56        0.29575
1009             56        0.31708
1010             56        0.33887
1011             56        0.36031
1012             56        0.38228
1013             56        0.40442
1014             56        0.42638
1015             56        0.44774
1016             56        0.46937
1017             56        0.49099
1018             56         0.5119
1019             56        0.53335
1020             56        0.55411
1021             56        0.57599
1022             56          0.598
1023             56          0.619
1024             56        0.63983
1025             56        0.66057
1026             56        0.68164
1027             56        0.70247
1028             56        0.72278
1029             56         0.7438
1030             56        0.76495
1031             56        0.78682
1032             56         0.8085
1033             56        0.83036
1034             56        0.85237
1035             56        0.87396
1036             56        0.89384
1037             56         0.9145
1038             56        0.93631
1039             56        0.95806
1040             56        0.97934
1041    56     1
32  57   0
1042    57     1
1042    58     0
1043             58        0.01885
1044             58        0.03441
1045             58         0.0481
1046             58        0.06137
1047             58        0.07981
1048             58         0.0983
1049             58        0.11561
1050             58        0.13279
1051             58        0.14963
1052             58        0.16742
1053             58         0.1836
1054             58        0.20224
1055             58        0.21854
1056             58        0.23539
1057             58        0.25402
1058             58        0.27225
1059             58        0.28952
1060             58        0.30722
1061             58        0.32535
1062             58        0.34376
1063             58        0.36218
1064             58        0.38052
1065             58         0.3977
1066             58        0.41547
1067             58        0.43323
1068             58        0.45107
1069             58         0.4694
1070             58        0.48791
1071             58         0.5062
1072             58        0.52203
1073             58         0.5402
1074             58        0.55828
1075             58        0.57579
1076             58        0.59296
1077             58        0.61019
1078             58        0.62294
1079             58         0.6405
1080             58        0.65726
1081             58        0.67406
1082             58        0.69242
1083             58        0.70892
1084             58        0.72727
1085             58         0.7437
1086             58        0.75897
1087             58        0.77492
1088             58        0.79341
1089             58        0.81164
1090             58        0.82987
1091             58        0.84772
1092             58        0.86577
1093             58        0.88362
1094             58        0.90138
1095             58        0.91894
1096             58        0.93714
1097             58        0.95464
1098             58         0.9723
1099             58         0.9891
1100    58     1
1042    59     0
1101             59        0.03403
1102             59        0.06362
1103             59        0.09268
1104             59        0.12189
1105             59        0.15082
1106             59        0.18006
1107             59         0.2078
1108             59        0.23614
1109             59        0.26434
1110             59        0.29377
1111             59        0.32196
1112             59        0.35093
1113             59         0.3804
1114             59        0.40866
1115             59         0.4379
1116             59        0.46722
1117             59        0.49504
1118             59        0.52421
1119             59        0.55329
1120             59        0.58179
1121             59        0.61107
1122             59        0.64018
1123             59        0.66859
1124             59         0.6969
1125             59        0.72164
1126             59        0.75106
1127             59        0.77804
1128             59        0.79935
1129             59        0.82876
1130             59        0.85799
1131             59         0.8867
1132             59        0.91393
1133             59        0.94296
1134             59        0.97058
1135    59     1
26  60   0
1136             60        0.29328
1137             60        0.66664
1138    60     1
1138    61     0
1139             61        0.07943
1140             61        0.15186
1141             61        0.22574
1142             61        0.30014
1143             61        0.35428
1144             61        0.42734
1145             61        0.49606
1146             61        0.56999
1147             61        0.64143
1148             61        0.71578
1149             61        0.79103
1150             61        0.86461
1151             61        0.93892
1152    61     1
1138    62     0
1153             62        0.17453
1154             62        0.33872
1155             62        0.50447
1156             62        0.67037
1157             62        0.83417
1158    62     1
21  63   0
1159             63          0.026
1160             63        0.05324
1161             63        0.08012
1162             63        0.10723
1163             63        0.13447
1164             63        0.15873
1165             63        0.18483
1166             63        0.21081
1167             63         0.2379
1168             63         0.2649
1169             63        0.29203
1170             63        0.31685
1171             63        0.34113
1172             63        0.36801
1173             63         0.3947
1174             63        0.41955
1175             63         0.4416
1176             63        0.46402
1177             63         0.4894
1178             63        0.51483
1179             63        0.54043
1180             63        0.56677
1181             63        0.59303
1182             63        0.61381
1183             63        0.63983
1184             63        0.66635
1185             63        0.69322
1186             63        0.72034
1187             63        0.74549
1188             63        0.77087
1189             63        0.79632
1190             63         0.8234
1191             63        0.84914
1192             63        0.87586
1193             63        0.90055
1194             63        0.92669
1195             63        0.95218
1196             63        0.97882
1197    63     1
20  64   0
1198             64         0.1055
1199             64        0.23015
1200             64        0.36064
1201             64        0.48951
1202             64        0.61909
1203             64        0.74873
1204             64        0.86907
1205    64     1
1205    65     0
1206             65        0.08204
1207             65        0.16722
1208             65        0.25317
1209             65        0.33308
1210             65        0.41659
1211             65         0.5012
1212             65        0.57921
1213             65        0.66219
1214             65        0.74593
1215             65         0.8278
1216             65        0.91386
1217    65     1
1217    66     0
1218             66        0.02313
1219             66         0.0476
1220             66        0.07062
1221             66        0.09447
1222             66        0.11868
1223             66        0.14231
1224             66        0.16706
1225             66        0.19106
1226             66        0.21413
1227             66        0.23715
1228             66        0.26176
1229             66        0.28358
1230             66        0.30845
1231             66        0.33324
1232             66        0.35633
1233             66        0.38043
1234             66        0.40351
1235             66         0.4272
1236             66        0.45189
1237             66        0.47609
1238             66        0.49955
1239             66        0.52342
1240             66        0.54765
1241             66        0.57246
1242             66        0.59732
1243             66        0.62097
1244             66        0.64578
1245             66        0.66984
1246             66        0.69456
1247             66        0.71929
1248             66        0.74363
1249             66        0.76732
1250             66        0.78862
1251             66        0.81356
1252             66        0.83865
1253             66        0.86243
1254             66        0.88706
1255             66        0.91171
1256             66        0.93132
1257             66        0.95638
1258             66        0.97824
1259    66     1
1217    67     0
1260             67        0.05613
1261             67        0.11142
1262             67        0.16728
1263             67        0.21808
1264             67        0.27109
1265             67        0.32378
1266             67        0.37582
1267             67        0.42763
1268             67        0.48216
1269             67         0.5377
1270             67        0.59158
1271             67        0.64565
1272             67        0.70062
1273             67        0.75312
1274             67        0.80154
1275             67        0.83907
1276             67        0.89456
1277             67         0.9461
1278    67     1
1205    68     0
1279             68        0.31143
1280             68        0.68399
1281    68     1
1281    69     0
1282             69        0.02953
1283             69        0.06011
1284             69        0.09358
1285             69        0.12654
1286             69        0.15825
1287             69        0.19192
1288             69        0.22484
1289             69         0.2449
1290             69        0.27446
1291             69        0.30425
1292             69        0.33759
1293             69        0.36923
1294             69        0.40295
1295             69         0.4365
1296             69        0.47075
1297             69        0.50449
1298             69        0.53836
1299             69        0.57215
1300             69         0.6057
1301             69         0.6394
1302             69        0.67355
1303             69        0.70671
1304             69        0.73825
1305             69        0.77012
1306             69        0.80411
1307             69        0.83817
1308             69        0.87052
1309             69         0.9045
1310             69        0.93746
1311             69        0.97131
1312    69     1
1281    70     0
1313             70        0.21032
1314             70        0.39349
1315             70        0.59257
1316             70        0.79723
1317    70     1
4  1  0
1318     1     1
1318     2     0
1319     2     1
1319     4     0
1320     4     1
1320     5     0
1321              5        0.12857
1322              5        0.24956
1323              5        0.36961
1324              5        0.49719
1325              5        0.62522
1326              5        0.75247
1327              5        0.87661
1328     5     1
1328     6     0
1329              6        0.25317
1330              6         0.5069
1331              6        0.76206
1332     6     1
1332     7     0
1333     7     1
1333     8     0
1334              8        0.45653
1335     8     1
1335     9     0
1336              9        0.11154
1337              9        0.24164
1338              9         0.3593
1339              9        0.48656
1340              9        0.62112
1341              9        0.75178
1342              9        0.88022
1343     9     1
1343    10     0
1344             10         0.2158
1345             10         0.4182
1346             10        0.61583
1347             10        0.82794
1348    10     1
1348    11     0
1349             11        0.01663
1350             11         0.0342
1351             11        0.05014
1352             11        0.07033
1353             11        0.08836
1354             11        0.10821
1355             11        0.12419
1356             11        0.14367
1357             11        0.15929
1358             11        0.17607
1359             11        0.19515
1360             11        0.21351
1361             11        0.23103
1362             11        0.25049
1363             11        0.26994
1364             11        0.28839
1365             11        0.30761
1366             11        0.32721
1367             11        0.33946
1368             11        0.35246
1369             11        0.37252
1370             11        0.39072
1371             11        0.41038
1372             11        0.43042
1373             11        0.44875
1374             11        0.46804
1375             11        0.48746
1376             11        0.50671
1377             11        0.52631
1378             11        0.54222
1379             11        0.56178
1380             11        0.58103
1381             11        0.59766
1382             11        0.61753
1383             11        0.63417
1384             11        0.65231
1385             11        0.67228
1386             11        0.68873
1387             11        0.70838
1388             11        0.72838
1389             11        0.74802
1390             11        0.76784
1391             11         0.7877
1392             11        0.80658
1393             11        0.82669
1394             11        0.84546
1395             11        0.86472
1396             11        0.88471
1397             11        0.90338
1398             11        0.92115
1399             11        0.94043
1400             11         0.9599
1401             11        0.97998
1402    11     1
1348    12     0
1403             12        0.01959
1404             12        0.03905
1405             12        0.05867
1406             12        0.07831
1407             12        0.09682
1408             12         0.1164
1409             12        0.13428
1410             12        0.15358
1411             12        0.17164
1412             12        0.19133
1413             12        0.21065
1414             12        0.22953
1415             12        0.24905
1416             12        0.26853
1417             12         0.2878
1418             12        0.30722
1419             12        0.32576
1420             12        0.34426
1421             12        0.36039
1422             12        0.37898
1423             12        0.39797
1424             12        0.41733
1425             12        0.43475
1426             12        0.45368
1427             12        0.47285
1428             12        0.49113
1429             12        0.50883
1430             12        0.52707
1431             12        0.54638
1432             12        0.56586
1433             12        0.58442
1434             12        0.60393
1435             12        0.62165
1436             12        0.63931
1437             12        0.65716
1438             12          0.677
1439             12        0.69684
1440             12        0.71675
1441             12        0.73589
1442             12         0.7554
1443             12        0.77452
1444             12        0.79237
1445             12        0.81069
1446             12        0.82908
1447             12        0.84884
1448             12        0.86791
1449             12        0.88687
1450             12        0.90659
1451             12        0.92644
1452             12        0.94634
1453             12        0.96382
1454             12        0.98009
1455    12     1
1343    13     0
1456             13        0.01311
1457             13        0.02495
1458             13        0.03752
1459             13        0.04958
1460             13        0.06152
1461             13        0.07412
1462             13        0.08722
1463             13        0.09963
1464             13        0.11223
1465             13        0.12465
1466             13         0.1376
1467             13        0.15024
1468             13        0.16302
1469             13         0.1748
1470             13        0.18742
1471             13        0.20048
1472             13        0.21336
1473             13        0.22513
1474             13        0.23702
1475             13        0.24963
1476             13        0.26211
1477             13        0.27476
1478             13        0.28778
1479             13         0.3006
1480             13        0.31193
1481             13        0.32474
1482             13        0.33734
1483             13        0.34819
1484             13        0.36086
1485             13        0.37283
1486             13        0.38505
1487             13        0.39812
1488             13        0.41044
1489             13        0.42346
1490             13        0.43533
1491             13        0.44713
1492             13        0.45982
1493             13        0.47137
1494             13        0.48378
1495             13        0.49604
1496             13        0.50834
1497             13        0.52007
1498             13        0.53196
1499             13        0.54387
1500             13        0.55639
1501             13        0.56893
1502             13        0.58079
1503             13        0.59234
1504             13        0.60538
1505             13        0.61531
1506             13        0.62261
1507             13        0.63529
1508             13        0.64791
1509             13        0.66041
1510             13        0.67324
1511             13        0.68594
1512             13        0.69665
1513             13        0.70827
1514             13        0.71943
1515             13        0.73164
1516             13        0.74453
1517             13        0.75627
1518             13        0.76909
1519             13        0.78165
1520             13        0.79408
1521             13        0.80492
1522             13        0.81727
1523             13        0.83021
1524             13         0.8426
1525             13        0.85532
1526             13        0.86558
1527             13        0.87701
1528             13           0.89
1529             13        0.90215
1530             13        0.91334
1531             13        0.92605
1532             13        0.93881
1533             13        0.95189
1534             13        0.96494
1535             13         0.9779
1536             13        0.99098
1537    13     1
1335    14     0
1538             14        0.05413
1539             14        0.11042
1540             14        0.16649
1541             14        0.22261
1542             14         0.2759
1543             14        0.33202
1544             14        0.38765
1545             14        0.44222
1546             14        0.49567
1547             14         0.5513
1548             14        0.60432
1549             14        0.65839
1550             14        0.71416
1551             14        0.76902
1552             14         0.8252
1553             14        0.88096
1554             14        0.93644
1555             14        0.99246
1556    14     1
1333    15     0
1557             15        0.01945
1558             15        0.03785
1559             15        0.05725
1560             15        0.07597
1561             15        0.09517
1562             15        0.11433
1563             15        0.13363
1564             15        0.15298
1565             15        0.17239
1566             15        0.19161
1567             15        0.21089
1568             15        0.23034
1569             15        0.24913
1570             15        0.26776
1571             15        0.28688
1572             15          0.306
1573             15        0.32511
1574             15        0.34279
1575             15        0.36183
1576             15        0.38084
1577             15        0.39972
1578             15        0.41826
1579             15         0.4375
1580             15        0.45677
1581             15        0.47616
1582             15        0.49381
1583             15        0.50838
1584             15        0.52777
1585             15        0.54699
1586             15        0.56615
1587             15         0.5856
1588             15        0.60506
1589             15        0.62436
1590             15        0.64318
1591             15        0.66187
1592             15        0.68114
1593             15        0.69903
1594             15        0.71702
1595             15         0.7352
1596             15        0.75439
1597             15        0.77362
1598             15        0.79285
1599             15        0.81219
1600             15        0.83141
1601             15        0.85035
1602             15        0.86955
1603             15          0.889
1604             15        0.90819
1605             15        0.92674
1606             15        0.94598
1607             15        0.96538
1608             15        0.98057
1609    15     1
1332    16     0
1610             16        0.17716
1611             16        0.35502
1612             16        0.52664
1613             16        0.68323
1614             16        0.84934
1615    16     1
1615    17     0
1616             17        0.01354
1617             17        0.02548
1618             17        0.03845
1619             17        0.05208
1620             17        0.06553
1621             17        0.07915
1622             17        0.09273
1623             17        0.10626
1624             17         0.1195
1625             17        0.13129
1626             17        0.14457
1627             17        0.15787
1628             17        0.17088
1629             17        0.18367
1630             17        0.19718
1631             17        0.21018
1632             17        0.22366
1633             17        0.23716
1634             17        0.25041
1635             17        0.26292
1636             17        0.27547
1637             17        0.28784
1638             17        0.30095
1639             17        0.31436
1640             17        0.32766
1641             17        0.34114
1642             17        0.35464
1643             17        0.36779
1644             17        0.38115
1645             17        0.39426
1646             17        0.40749
1647             17        0.42094
1648             17        0.43389
1649             17        0.44734
1650             17        0.46083
1651             17         0.4734
1652             17        0.48622
1653             17        0.49874
1654             17        0.51225
1655             17        0.52571
1656             17        0.53802
1657             17          0.551
1658             17        0.56333
1659             17        0.57617
1660             17        0.58844
1661             17        0.60045
1662             17        0.61403
1663             17        0.62751
1664             17        0.64027
1665             17        0.65349
1666             17        0.66537
1667             17        0.67686
1668             17        0.68975
1669             17        0.70285
1670             17        0.71494
1671             17         0.7272
1672             17        0.74043
1673             17        0.75401
1674             17        0.76724
1675             17        0.77882
1676             17        0.79179
1677             17        0.80431
1678             17        0.81739
1679             17        0.83066
1680             17        0.84259
1681             17         0.8561
1682             17        0.86936
1683             17        0.88225
1684             17        0.89447
1685             17        0.90804
1686             17        0.92146
1687             17        0.93478
1688             17        0.94767
1689             17        0.95978
1690             17        0.97332
1691             17        0.98675
1692    17     1
1615    18     0
1693             18        0.01793
1694             18         0.0349
1695             18        0.05203
1696             18        0.06954
1697             18        0.08686
1698             18        0.10394
1699             18        0.12089
1700             18        0.13733
1701             18        0.15503
1702             18        0.17294
1703             18        0.19064
1704             18        0.20871
1705             18         0.2269
1706             18        0.24487
1707             18        0.26127
1708             18        0.27868
1709             18        0.29552
1710             18        0.31238
1711             18        0.32961
1712             18        0.34472
1713             18        0.36279
1714             18        0.38071
1715             18        0.39832
1716             18        0.41645
1717             18        0.43424
1718             18        0.45223
1719             18        0.46395
1720             18        0.47863
1721             18        0.49584
1722             18        0.51333
1723             18        0.53037
1724             18        0.54655
1725             18        0.56454
1726             18         0.5824
1727             18        0.59626
1728             18        0.60991
1729             18        0.62565
1730             18          0.639
1731             18        0.65702
1732             18          0.674
1733             18        0.69203
1734             18        0.70163
1735             18        0.71794
1736             18        0.73339
1737             18        0.74901
1738             18        0.76667
1739             18        0.77834
1740             18         0.7942
1741             18        0.81186
1742             18        0.82977
1743             18        0.84356
1744             18        0.86062
1745             18         0.8785
1746             18        0.89559
1747             18        0.91342
1748             18        0.93024
1749             18        0.94734
1750             18        0.96493
1751             18        0.98257
1752    18     1
1328    19     0
1753             19          0.145
1754             19        0.29215
1755             19         0.4393
1756             19        0.58645
1757             19        0.73257
1758             19        0.87762
1759    19     1
1320     3     0
1760     3     1
1318   103     0
1761            103        0.09678
1762            103        0.17612
1763            103        0.25547
1764            103        0.33481
1765            103        0.40896
1766            103        0.47552
1767            103        0.54587
1768            103        0.61692
1769            103        0.69567
1770            103        0.76782
1771            103        0.84633
1772            103        0.92203
1773   103     1
1773    20     0
1774             20        0.20767
1775             20        0.39795
1776             20        0.59087
1777             20        0.79223
1778    20     1
1778   104     0
1779            104         0.0607
1780            104        0.12109
1781            104          0.181
1782            104        0.23979
1783            104        0.29871
1784            104        0.35765
1785            104        0.41766
1786            104        0.47636
1787            104        0.53361
1788            104        0.59099
1789            104        0.65169
1790            104        0.71167
1791            104        0.77229
1792            104         0.8286
1793            104        0.88691
1794            104        0.94359
1795   104     1
1795   105     0
1796            105         0.1489
1797            105        0.29963
1798            105        0.44671
1799            105        0.56809
1800            105        0.71639
1801            105        0.86901
1802   105     1
1802   106     0
1803            106          0.077
1804            106        0.18933
1805            106        0.30887
1806            106        0.42685
1807            106        0.54695
1808            106        0.66519
1809            106         0.7837
1810            106        0.90083
1811   106     1
1811   107     0
1812            107        0.01813
1813            107        0.03517
1814            107         0.0525
1815            107        0.06988
1816            107        0.08752
1817            107        0.10536
1818            107        0.12321
1819            107         0.1409
1820            107        0.15885
1821            107        0.17529
1822            107        0.19198
1823            107        0.20925
1824            107        0.22715
1825            107        0.24484
1826            107        0.26261
1827            107        0.27767
1828            107        0.29493
1829            107        0.31285
1830            107        0.33037
1831            107        0.34789
1832            107         0.3657
1833            107        0.38312
1834            107        0.40064
1835            107        0.41855
1836            107         0.4361
1837            107        0.45295
1838            107        0.47088
1839            107         0.4887
1840            107        0.50655
1841            107        0.52445
1842            107        0.54197
1843            107         0.5595
1844            107        0.57599
1845            107        0.59391
1846            107        0.61167
1847            107        0.62948
1848            107        0.64714
1849            107         0.6649
1850            107        0.68253
1851            107        0.69925
1852            107         0.7121
1853            107        0.72979
1854            107        0.74633
1855            107        0.76344
1856            107        0.78123
1857            107        0.79859
1858            107        0.81407
1859            107        0.83136
1860            107        0.84801
1861            107        0.86574
1862            107        0.87953
1863            107        0.89732
1864            107        0.91519
1865            107        0.93236
1866            107        0.94769
1867            107        0.96499
1868            107         0.9823
1869   107     1
1811   108     0
1870            108        0.04556
1871            108        0.09189
1872            108        0.13736
1873            108         0.1829
1874            108        0.22836
1875            108        0.27543
1876            108         0.3223
1877            108        0.36895
1878            108        0.41568
1879            108        0.46115
1880            108        0.50788
1881            108         0.5509
1882            108        0.59461
1883            108        0.64082
1884            108        0.68656
1885            108        0.73239
1886            108        0.77812
1887            108        0.82371
1888            108         0.8673
1889            108        0.91008
1890            108        0.95601
1891   108     1
1802   109     0
1892            109        0.02054
1893            109        0.04175
1894            109        0.06203
1895            109        0.08378
1896            109        0.10514
1897            109        0.12696
1898            109        0.14803
1899            109        0.16943
1900            109        0.19096
1901            109        0.21182
1902            109        0.23383
1903            109        0.25529
1904            109        0.27483
1905            109         0.2938
1906            109        0.31541
1907            109        0.33673
1908            109        0.35856
1909            109        0.38006
1910            109        0.40017
1911            109        0.42224
1912            109         0.4441
1913            109        0.46484
1914            109         0.4848
1915            109        0.50686
1916            109        0.52875
1917            109        0.54954
1918            109         0.5701
1919            109        0.59089
1920            109        0.61155
1921            109        0.63293
1922            109        0.65483
1923            109        0.67663
1924            109         0.6986
1925            109        0.72046
1926            109        0.74244
1927            109        0.76423
1928            109        0.78579
1929            109        0.80669
1930            109        0.82847
1931            109        0.84649
1932            109        0.86708
1933            109         0.8879
1934            109        0.90883
1935            109        0.92811
1936            109        0.94662
1937            109        0.96078
1938            109        0.98175
1939   109     1
1795   110     0
1940            110        0.06369
1941            110        0.11895
1942            110        0.17957
1943            110         0.2398
1944            110        0.29322
1945            110        0.35428
1946            110        0.41233
1947            110        0.46293
1948            110        0.52098
1949            110        0.56408
1950            110        0.61358
1951            110        0.67222
1952            110         0.7281
1953            110        0.78437
1954            110        0.83353
1955            110         0.8926
1956            110         0.9539
1957   110     1
4  21   0
1958             21        0.10472
1959             21        0.20692
1960             21        0.30911
1961             21         0.4113
1962             21        0.50635
1963             21        0.60433
1964             21        0.70364
1965             21        0.80144
1966             21        0.90312
1967    21     1
1967    22     0
1968             22        0.25046
1969             22        0.51026
1970             22        0.76884
1971    22     1
1971    23     0
1972             23        0.01761
1973             23        0.03203
1974             23        0.04509
1975             23        0.05949
1976             23        0.07413
1977             23        0.09041
1978             23        0.10513
1979             23        0.11901
1980             23        0.13588
1981             23        0.15033
1982             23        0.16453
1983             23        0.17883
1984             23        0.19462
1985             23        0.20984
1986             23          0.226
1987             23        0.24121
1988             23        0.25556
1989             23        0.27129
1990             23        0.28668
1991             23        0.30058
1992             23        0.31664
1993             23        0.33323
1994             23        0.34979
1995             23        0.36571
1996             23        0.38103
1997             23         0.3961
1998             23        0.40999
1999             23        0.42583
2000             23        0.44231
2001             23        0.45876
2002             23        0.47336
2003             23        0.48943
2004             23        0.50375
2005             23        0.51871
2006             23        0.53327
2007             23        0.54963
2008             23         0.5664
2009             23         0.5832
2010             23        0.60007
2011             23        0.61676
2012             23         0.6331
2013             23        0.64951
2014             23         0.6661
2015             23          0.682
2016             23         0.6984
2017             23        0.71496
2018             23         0.7318
2019             23        0.74859
2020             23        0.76284
2021             23        0.77843
2022             23        0.79281
2023             23        0.80857
2024             23        0.82417
2025             23        0.83898
2026             23        0.85444
2027             23        0.87104
2028             23        0.88789
2029             23        0.90442
2030             23        0.92128
2031             23        0.93733
2032             23        0.95338
2033             23        0.96812
2034             23        0.98408
2035    23     1
1971    24     0
2036             24        0.07166
2037             24        0.14276
2038             24          0.215
2039             24        0.28892
2040             24        0.35966
2041             24        0.42857
2042             24        0.49997
2043             24         0.5701
2044             24        0.64153
2045             24        0.71429
2046             24        0.78425
2047             24        0.85955
2048             24        0.93179
2049    24     1
2049    25     0
2050             25        0.06218
2051             25        0.12003
2052             25        0.18319
2053             25        0.24407
2054             25         0.3041
2055             25        0.36593
2056             25        0.42872
2057             25        0.49284
2058             25         0.5541
2059             25        0.62037
2060             25        0.68485
2061             25        0.74847
2062             25        0.80823
2063             25        0.87413
2064             25        0.93966
2065    25     1
2065    26     0
2066             26        0.06623
2067             26        0.15171
2068             26        0.22509
2069             26        0.29273
2070             26        0.36925
2071             26        0.44805
2072             26        0.52413
2073             26        0.60301
2074             26        0.68039
2075             26        0.75549
2076             26        0.84114
2077             26        0.91941
2078    26     1
2065    27     0
2079             27        0.06894
2080             27        0.15246
2081             27        0.22734
2082             27        0.30954
2083             27        0.38165
2084             27        0.46432
2085             27        0.54312
2086             27        0.62226
2087             27        0.69614
2088             27        0.77033
2089             27        0.84382
2090             27        0.92303
2091    27     1
2049    28     0
2092             28        0.19839
2093             28        0.38243
2094             28        0.58657
2095             28        0.78789
2096    28     1
1967    29     0
2097             29        0.06501
2098             29        0.15722
2099             29         0.2482
2100             29        0.32906
2101             29        0.40602
2102             29         0.4859
2103             29        0.56969
2104             29        0.65671
2105             29        0.74249
2106             29        0.83227
2107             29        0.92358
2108    29     1
4  111    0
2109            111        0.35508
2110            111        0.67754
2111   111     1
