0  0  0
1  0  1
1  1  0
2           1     0.11827
3           1     0.23515
4           1     0.32045
5           1     0.40671
6           1     0.49321
7           1     0.58035
8           1       0.702
9           1     0.80542
10            1      0.89558
11   1   1
11  42   0
12           42      0.19821
13           42      0.40051
14           42      0.57421
15           42      0.73828
16           42      0.79503
17           42      0.88017
18           42      0.97966
19  42   1
19  43   0
20  43   1
20  97   0
21           97      0.47589
22  97   1
22  98   0
23           98      0.33609
24           98      0.71332
25  98   1
25  99   0
26  99   1
26  100    0
27           100       0.64009
28  100    1
28  101    0
29           101       0.00675
30           101       0.04571
31           101       0.12908
32           101       0.21583
33           101       0.30109
34           101       0.39583
35           101       0.47673
36           101       0.58779
37           101       0.70367
38           101       0.77734
39           101       0.86431
40           101       0.92891
41  101    1
41  102    0
42           102       0.06228
43           102        0.0855
44           102       0.11715
45           102       0.14962
46           102       0.18882
47           102       0.22432
48           102       0.27525
49           102       0.33555
50           102       0.39282
51           102       0.45112
52           102       0.51762
53           102       0.59021
54           102       0.66877
55           102       0.72992
56           102       0.78688
57           102       0.83951
58           102       0.88611
59           102       0.92918
60           102       0.96599
61           102       0.99903
62  102    1
62  103    0
63           103       0.03069
64           103       0.06512
65           103       0.09494
66           103       0.14373
67           103       0.18669
68           103       0.22022
69           103       0.27241
70           103        0.3169
71           103       0.38628
72           103       0.45189
73           103       0.52037
74           103       0.58933
75           103       0.66738
76           103       0.75548
77           103       0.83655
78           103       0.90124
79           103       0.95105
80  103    1
80  44   0
81  44   1
81  104    0
82           104       0.21397
83           104        0.4904
84           104       0.74501
85  104    1
85  105    0
86           105       0.35697
87           105       0.53866
88           105       0.79319
89  105    1
89  106    0
90           106       0.01548
91           106       0.03084
92           106       0.04885
93           106       0.07083
94           106       0.09697
95           106       0.12357
96           106       0.14972
97           106       0.17627
98           106       0.20184
99           106       0.22882
100           106       0.24736
101           106       0.26208
102           106       0.27748
103           106       0.29725
104           106       0.31712
105           106       0.33128
106           106       0.34343
107           106       0.36348
108           106       0.38289
109           106       0.40009
110           106       0.41936
111           106       0.43801
112           106       0.45471
113           106       0.46884
114           106       0.48553
115           106       0.50395
116           106       0.51096
117           106       0.53285
118           106       0.55328
119           106       0.57782
120           106       0.59443
121           106       0.60815
122           106       0.62327
123           106       0.62444
124           106       0.62446
125           106       0.64315
126           106       0.65745
127           106       0.67606
128           106       0.69107
129           106       0.71383
130           106       0.73878
131           106       0.76663
132           106       0.78586
133           106        0.8041
134           106       0.81926
135           106       0.83615
136           106       0.85326
137           106        0.8737
138           106       0.88774
139           106       0.90524
140           106       0.92644
141           106       0.93849
142           106       0.95111
143           106       0.96607
144           106       0.98623
145  106    1
145  107    0
146           107       0.02145
147           107       0.04979
148           107       0.07559
149           107       0.10108
150           107       0.12685
151           107       0.13465
152           107       0.15513
153           107       0.18067
154           107       0.21795
155           107        0.2527
156           107       0.27743
157           107       0.31164
158           107       0.35156
159           107         0.385
160           107       0.41796
161           107       0.44434
162           107       0.47869
163           107       0.51251
164           107       0.53784
165           107       0.55877
166           107       0.57218
167           107       0.59489
168           107       0.62061
169           107       0.64037
170           107       0.65466
171           107       0.66286
172           107       0.67403
173           107       0.67764
174           107       0.69304
175           107       0.71043
176           107       0.73957
177           107       0.77527
178           107       0.81338
179           107       0.84479
180           107       0.88427
181           107       0.91631
182           107        0.9458
183           107       0.97092
184  107    1
184  108    0
185           108       0.01903
186           108       0.01914
187           108       0.06906
188           108       0.12177
189           108       0.17584
190           108       0.24511
191           108       0.29127
192           108       0.37545
193           108       0.45675
194           108         0.551
195           108       0.64126
196           108       0.73896
197           108       0.83912
198           108       0.93849
199  108    1
199  109    0
200           109       0.07341
201           109       0.10333
202           109       0.14063
203           109       0.18877
204           109       0.25229
205           109       0.32367
206           109        0.3951
207           109       0.46332
208           109       0.52007
209           109        0.5819
210           109       0.64196
211           109       0.69017
212           109       0.75053
213           109       0.79593
214           109       0.82471
215           109       0.87357
216           109       0.92054
217           109        0.9577
218  109    1
218  110    0
219           110       0.00043
220           110       0.00836
221           110       0.02159
222           110       0.03819
223           110       0.05455
224           110       0.07272
225           110       0.09047
226           110       0.11262
227           110       0.13016
228           110        0.1428
229           110       0.14858
230           110       0.15663
231           110       0.16722
232           110       0.18252
233           110       0.19275
234           110       0.20507
235           110       0.21817
236           110       0.22802
237           110       0.24186
238           110       0.25802
239           110       0.27521
240           110       0.29321
241           110       0.30968
242           110       0.32453
243           110       0.34328
244           110       0.35996
245           110       0.37641
246           110       0.39453
247           110       0.41028
248           110       0.42478
249           110       0.43126
250           110       0.43724
251           110       0.44582
252           110        0.4555
253           110         0.469
254           110       0.48705
255           110       0.49639
256           110        0.5146
257           110       0.53256
258           110       0.55094
259           110        0.5642
260           110       0.57109
261           110        0.5808
262           110       0.59203
263           110       0.60048
264           110       0.61135
265           110       0.62859
266           110       0.64482
267           110       0.66607
268           110       0.68467
269           110       0.70303
270           110       0.71795
271           110       0.72966
272           110        0.7466
273           110       0.76119
274           110       0.77179
275           110       0.78717
276           110       0.80277
277           110        0.8232
278           110       0.83911
279           110       0.85224
280           110       0.86521
281           110       0.88228
282           110       0.90134
283           110       0.91943
284           110       0.93475
285           110       0.94818
286           110       0.96027
287           110       0.97374
288           110       0.98266
289           110       0.99129
290  110    1
218  111    0
291           111       0.02691
292           111       0.04846
293           111       0.06965
294           111       0.08696
295           111       0.10246
296           111       0.11687
297           111       0.13078
298           111       0.14568
299           111       0.16336
300           111       0.17851
301           111       0.19762
302           111       0.22065
303           111        0.2386
304           111       0.25895
305           111       0.27878
306           111       0.30174
307           111       0.32139
308           111       0.34037
309           111        0.3545
310           111       0.36999
311           111        0.3841
312           111       0.39897
313           111       0.41386
314           111       0.42668
315           111       0.44474
316           111       0.46524
317           111       0.48239
318           111       0.50238
319           111       0.51669
320           111       0.53634
321           111       0.55719
322           111       0.58046
323           111       0.59733
324           111       0.62208
325           111       0.64115
326           111       0.65964
327           111       0.67616
328           111       0.68861
329           111       0.70212
330           111        0.7184
331           111       0.73503
332           111       0.74679
333           111       0.75889
334           111       0.77206
335           111       0.79365
336           111        0.8161
337           111       0.83497
338           111       0.85531
339           111       0.87161
340           111        0.8851
341           111       0.90353
342           111       0.91987
343           111       0.93658
344           111         0.955
345           111        0.9778
346  111    1
199  112    0
347           112       0.04443
348           112       0.06786
349           112       0.10153
350           112       0.19003
351           112       0.26033
352           112       0.33236
353           112       0.41242
354           112       0.49275
355           112       0.55333
356           112        0.6028
357           112       0.66365
358           112       0.72069
359           112        0.7832
360           112        0.8297
361           112       0.89248
362           112       0.94389
363           112       0.97949
364  112    1
364  113    0
365           113       0.04114
366           113       0.07114
367           113       0.09756
368           113       0.12492
369           113       0.15016
370           113       0.17393
371           113       0.20269
372           113       0.22613
373           113        0.2462
374           113       0.27164
375           113        0.2942
376           113       0.31504
377           113       0.33575
378           113       0.35361
379           113       0.37571
380           113       0.39201
381           113       0.40861
382           113       0.42388
383           113       0.44213
384           113       0.47279
385           113       0.49987
386           113       0.52772
387           113       0.55154
388           113       0.58315
389           113       0.60416
390           113       0.63272
391           113       0.66024
392           113       0.67956
393           113        0.7011
394           113       0.72542
395           113       0.75142
396           113       0.77362
397           113       0.79868
398           113       0.82507
399           113       0.84922
400           113       0.87165
401           113       0.89114
402           113       0.91364
403           113       0.93188
404           113       0.95769
405           113        0.9798
406  113    1
364  114    0
407           114       0.06095
408           114       0.11294
409           114       0.16194
410           114       0.21936
411           114       0.26897
412           114       0.31319
413           114       0.36006
414           114       0.39297
415           114       0.43434
416           114       0.48927
417           114       0.53359
418           114       0.56941
419           114       0.61436
420           114       0.66497
421           114       0.70441
422           114       0.75687
423           114       0.80944
424           114       0.85414
425           114       0.90641
426           114        0.9501
427  114    1
184  115    0
428           115       0.03568
429           115        0.0674
430           115        0.0982
431           115       0.12368
432           115        0.1415
433           115       0.16508
434           115       0.18404
435           115        0.1981
436           115       0.21135
437           115       0.22715
438           115       0.24527
439           115        0.2618
440           115       0.27585
441           115       0.29068
442           115       0.31148
443           115       0.33624
444           115       0.35312
445           115       0.36787
446           115       0.39041
447           115       0.41103
448           115       0.43292
449           115       0.45273
450           115       0.47247
451           115       0.49608
452           115       0.52014
453           115       0.54737
454           115       0.57768
455           115        0.6056
456           115        0.6351
457           115       0.65946
458           115       0.68341
459           115       0.70748
460           115        0.7269
461           115       0.73918
462           115       0.75056
463           115        0.7543
464           115       0.76613
465           115       0.77801
466           115       0.79294
467           115       0.81675
468           115       0.84538
469           115        0.8766
470           115        0.9064
471           115       0.93537
472           115       0.96139
473           115       0.98393
474  115    1
145  116    0
475           116       0.03707
476           116        0.0756
477           116       0.11842
478           116       0.16081
479           116       0.21733
480           116       0.27995
481           116       0.33156
482           116       0.38622
483           116       0.43279
484           116       0.47515
485           116       0.51553
486           116       0.54948
487           116       0.58387
488           116       0.61429
489           116       0.64832
490           116       0.70872
491           116       0.77632
492           116       0.83249
493           116       0.87276
494           116       0.92226
495           116       0.96444
496  116    1
89  47   0
497            47       0.03944
498            47       0.07115
499            47       0.09607
500            47       0.11167
501            47       0.12981
502            47       0.14685
503            47       0.16271
504            47       0.18634
505            47       0.20678
506            47       0.23713
507            47       0.26554
508            47        0.2879
509            47       0.31677
510            47       0.34097
511            47       0.35911
512            47       0.37624
513            47        0.3909
514            47       0.41278
515            47       0.43669
516            47       0.46178
517            47        0.4922
518            47       0.52248
519            47       0.55309
520            47       0.58448
521            47       0.61169
522            47       0.63227
523            47        0.6499
524            47       0.66439
525            47       0.68574
526            47       0.70589
527            47        0.7344
528            47       0.76045
529            47       0.78823
530            47       0.82609
531            47       0.86279
532            47        0.8909
533            47       0.91342
534            47       0.93523
535            47       0.95128
536            47       0.95914
537            47       0.97938
538   47    1
538  117    0
539           117       0.03196
540           117       0.06897
541           117       0.10722
542           117       0.14592
543           117       0.18342
544           117       0.22174
545           117       0.25238
546           117       0.29362
547           117       0.32963
548           117       0.35969
549           117       0.39518
550           117       0.42281
551           117       0.44337
552           117       0.46534
553           117       0.49108
554           117       0.52026
555           117       0.55419
556           117       0.57207
557           117       0.59267
558           117        0.6304
559           117       0.66793
560           117       0.70196
561           117       0.73659
562           117       0.76401
563           117       0.79546
564           117       0.82364
565           117       0.85211
566           117        0.8786
567           117       0.90723
568           117       0.93292
569           117       0.96276
570  117    1
85  48   0
571            48       0.04124
572            48       0.06967
573            48       0.10062
574            48       0.13381
575            48       0.16063
576            48       0.19356
577            48       0.24274
578            48       0.29103
579            48       0.33802
580            48       0.38107
581            48       0.41816
582            48       0.45487
583            48       0.49035
584            48        0.5213
585            48       0.54198
586            48       0.57607
587            48       0.60886
588            48       0.63922
589            48       0.67372
590            48       0.70627
591            48       0.74395
592            48       0.78612
593            48       0.80364
594            48       0.83391
595            48       0.87592
596            48       0.91731
597            48       0.96147
598   48    1
598   49    0
599            49       0.05459
600            49       0.11238
601            49       0.17511
602            49       0.23709
603            49       0.28333
604            49       0.33391
605            49       0.38693
606            49       0.44038
607            49       0.48632
608            49       0.53915
609            49       0.59454
610            49        0.6519
611            49       0.71293
612            49        0.7768
613            49       0.85536
614            49       0.90454
615            49       0.95722
616   49    1
616  118    0
617           118       0.22992
618           118       0.47074
619           118        0.7452
620  118    1
598   50    0
621            50        0.0714
622            50       0.15247
623            50       0.23474
624            50       0.31749
625            50       0.40838
626            50       0.48908
627            50       0.56898
628            50       0.66277
629            50       0.72383
630            50       0.75424
631            50       0.79795
632            50       0.86104
633            50       0.92532
634   50    1
81  51   0
635            51       0.02767
636            51       0.05411
637            51       0.08087
638            51       0.12349
639            51         0.163
640            51       0.20091
641            51       0.23552
642            51       0.27535
643            51       0.31196
644            51       0.34483
645            51       0.36946
646            51       0.39292
647            51       0.41903
648            51       0.44829
649            51       0.47322
650            51       0.50193
651            51       0.54319
652            51        0.5799
653            51       0.62575
654            51       0.66909
655            51       0.71083
656            51       0.74846
657            51       0.78824
658            51       0.82342
659            51       0.85481
660            51       0.88349
661            51        0.9141
662            51       0.94761
663            51       0.97826
664   51    1
62  52   0
665            52       0.11316
666            52       0.17383
667            52       0.22266
668            52       0.28573
669            52       0.33458
670            52       0.39205
671            52       0.44311
672            52       0.47945
673            52       0.52482
674            52       0.59386
675            52       0.65767
676            52       0.72015
677            52       0.77733
678            52       0.82841
679            52       0.86805
680            52       0.91338
681            52       0.94745
682            52       0.96899
683   52    1
683  119    0
684  119    1
684   53    0
685            53       0.01928
686            53       0.03606
687            53       0.04952
688            53       0.07519
689            53       0.08738
690            53         0.105
691            53       0.12313
692            53       0.15031
693            53       0.17447
694            53       0.19242
695            53       0.20762
696            53       0.22924
697            53       0.25147
698            53       0.26411
699            53       0.28171
700            53       0.30853
701            53       0.33817
702            53       0.36904
703            53       0.39988
704            53       0.42524
705            53       0.44883
706            53       0.46507
707            53       0.47471
708            53       0.48665
709            53        0.4991
710            53       0.51692
711            53       0.53044
712            53       0.54324
713            53       0.55877
714            53       0.57808
715            53       0.59636
716            53       0.61516
717            53       0.63642
718            53       0.66412
719            53         0.691
720            53       0.71528
721            53       0.73458
722            53       0.75996
723            53       0.78289
724            53       0.79996
725            53       0.81834
726            53       0.84127
727            53       0.85259
728            53       0.87513
729            53       0.90317
730            53       0.92249
731            53       0.94032
732            53       0.96108
733            53       0.98058
734   53    1
734  120    0
735           120        0.0772
736           120       0.15679
737           120       0.22935
738           120       0.30251
739           120       0.38305
740           120        0.4796
741           120       0.53394
742           120       0.60665
743           120       0.68141
744           120       0.77515
745           120       0.84155
746           120       0.92065
747  120    1
41  54   0
748            54        0.0477
749            54       0.09199
750            54       0.13111
751            54       0.16517
752            54       0.20072
753            54       0.24124
754            54       0.27654
755            54       0.30715
756            54       0.34053
757            54       0.38044
758            54       0.40751
759            54       0.43504
760            54       0.45777
761            54       0.47985
762            54       0.49617
763            54       0.52471
764            54       0.55903
765            54        0.5962
766            54       0.64132
767            54       0.68548
768            54       0.72345
769            54        0.7587
770            54       0.80616
771            54       0.84732
772            54       0.88646
773            54       0.91713
774            54       0.94728
775            54       0.97134
776   54    1
28  121    0
777           121       0.07854
778           121       0.10075
779           121       0.13566
780           121       0.17138
781           121       0.20337
782           121       0.23814
783           121       0.26736
784           121       0.30132
785           121       0.32817
786           121       0.36666
787           121       0.39858
788           121       0.42283
789           121       0.44598
790           121       0.47115
791           121       0.49864
792           121       0.52972
793           121       0.55622
794           121       0.58932
795           121        0.6181
796           121       0.64634
797           121       0.68588
798           121       0.72007
799           121       0.76422
800           121       0.81702
801           121       0.86471
802           121       0.90204
803           121         0.947
804           121       0.97732
805  121    1
805  122    0
806           122       0.04723
807           122       0.08153
808           122       0.13042
809           122       0.19978
810           122       0.26281
811           122        0.3314
812           122       0.39376
813           122       0.44428
814           122       0.49572
815           122       0.52544
816           122       0.53999
817           122       0.56939
818           122       0.59783
819           122       0.63953
820           122       0.69185
821           122       0.72664
822           122       0.77968
823           122       0.83006
824           122       0.87286
825           122       0.91552
826           122        0.9638
827  122    1
827   45    0
828   45    1
828   46    0
829   46    1
829  123    0
830           123       0.53149
831  123    1
831  124    0
832           124       0.08914
833           124       0.16018
834           124       0.22148
835           124       0.27207
836           124       0.32956
837           124       0.36953
838           124       0.39943
839           124        0.4276
840           124       0.45663
841           124       0.49092
842           124       0.52464
843           124       0.55821
844           124       0.59748
845           124       0.63937
846           124       0.68991
847           124       0.74516
848           124       0.79697
849           124       0.85584
850           124       0.91241
851           124       0.96545
852  124    1
852  125    0
853           125       0.09363
854           125       0.17531
855           125       0.24376
856           125       0.31087
857           125       0.38252
858           125       0.45519
859           125       0.54231
860           125       0.62348
861           125       0.70071
862           125       0.79313
863           125        0.8936
864  125    1
864  126    0
865           126       0.15444
866           126       0.28582
867           126       0.42576
868           126       0.51494
869           126       0.62412
870           126       0.72406
871           126       0.83221
872  126    1
872   55    0
873            55        0.2024
874            55       0.33803
875            55       0.46616
876            55       0.60318
877            55       0.68029
878            55       0.84407
879   55    1
879  127    0
880           127       0.02026
881           127       0.03995
882           127       0.06417
883           127        0.0832
884           127       0.09685
885           127       0.11844
886           127       0.13536
887           127       0.15172
888           127       0.16953
889           127       0.19114
890           127       0.21358
891           127        0.2361
892           127       0.25353
893           127       0.27218
894           127       0.28863
895           127       0.30727
896           127       0.33003
897           127       0.35238
898           127        0.3722
899           127       0.39627
900           127        0.4239
901           127       0.44814
902           127       0.47405
903           127       0.49669
904           127       0.50998
905           127       0.52049
906           127       0.53697
907           127       0.55307
908           127       0.56841
909           127       0.58572
910           127       0.60951
911           127       0.63158
912           127       0.65462
913           127       0.68309
914           127       0.70142
915           127       0.71535
916           127       0.73045
917           127       0.74213
918           127       0.75299
919           127       0.76951
920           127       0.79317
921           127       0.81694
922           127       0.84482
923           127       0.87101
924           127       0.89275
925           127       0.90996
926           127       0.93042
927           127        0.9458
928           127        0.9593
929           127       0.97856
930  127    1
864   56    0
931            56       0.07805
932            56       0.09607
933            56       0.13079
934            56       0.16575
935            56       0.22472
936            56       0.27868
937            56       0.31283
938            56       0.35528
939            56       0.42762
940            56       0.49938
941            56       0.57859
942            56       0.66655
943            56        0.7579
944            56       0.84497
945            56       0.91906
946   56    1
852   57    0
947            57       0.06643
948            57       0.12496
949            57       0.18034
950            57       0.24461
951            57       0.28699
952            57       0.33685
953            57       0.38575
954            57        0.4293
955            57       0.47883
956            57       0.51552
957            57       0.56152
958            57       0.61003
959            57       0.64073
960            57       0.68262
961            57       0.72725
962            57       0.76543
963            57       0.82613
964            57       0.87186
965            57       0.91546
966            57        0.9581
967   57    1
831   58    0
968            58       0.01865
969            58       0.03471
970            58        0.0501
971            58       0.07844
972            58       0.10555
973            58        0.1251
974            58       0.14723
975            58       0.17338
976            58       0.19282
977            58       0.21837
978            58       0.24441
979            58       0.26823
980            58       0.28925
981            58        0.3113
982            58        0.3306
983            58       0.35116
984            58       0.37086
985            58         0.386
986            58       0.40444
987            58       0.42574
988            58       0.44954
989            58       0.47133
990            58       0.49391
991            58       0.51409
992            58       0.53059
993            58       0.55625
994            58       0.57987
995            58       0.59454
996            58       0.61628
997            58       0.62892
998            58       0.64609
999            58       0.66577
1000             58        0.68725
1001             58        0.71642
1002             58        0.74741
1003             58        0.77675
1004             58        0.80453
1005             58        0.82694
1006             58        0.84922
1007             58        0.86883
1008             58        0.89028
1009             58        0.91117
1010             58        0.93185
1011             58         0.9537
1012             58        0.97501
1013    58     1
1013   128     0
1014            128        0.20088
1015            128        0.40205
1016            128        0.58137
1017            128        0.73086
1018            128        0.86129
1019   128     1
828   59    0
1020             59        0.05097
1021             59        0.08864
1022             59        0.12431
1023             59        0.16317
1024             59        0.20496
1025             59        0.23872
1026             59        0.26584
1027             59        0.30121
1028             59        0.33456
1029             59        0.35874
1030             59        0.39348
1031             59        0.42824
1032             59        0.46375
1033             59        0.48356
1034             59        0.49793
1035             59        0.51341
1036             59        0.54024
1037             59        0.55763
1038             59        0.58213
1039             59        0.60723
1040             59        0.63393
1041             59        0.66682
1042             59         0.7023
1043             59        0.73258
1044             59        0.76535
1045             59        0.79759
1046             59        0.83474
1047             59        0.87798
1048             59        0.92038
1049             59        0.95612
1050    59     1
1050    60     0
1051             60        0.09268
1052             60        0.13217
1053             60        0.21483
1054             60        0.25874
1055             60        0.34872
1056             60        0.47211
1057             60        0.60288
1058             60        0.70551
1059             60        0.83397
1060             60        0.92973
1061    60     1
1061    61     0
1062             61        0.08898
1063             61        0.14549
1064             61         0.2597
1065             61         0.3328
1066             61        0.47702
1067             61        0.66318
1068             61        0.84041
1069    61     1
1069   129     0
1070            129        0.05967
1071            129        0.12703
1072            129        0.19283
1073            129        0.25723
1074            129        0.32065
1075            129         0.3883
1076            129        0.43383
1077            129        0.47785
1078            129         0.5137
1079            129        0.56025
1080            129        0.61553
1081            129         0.6796
1082            129        0.74044
1083            129        0.83468
1084            129           0.92
1085   129     1
1061    62     0
1086             62        0.12067
1087             62        0.22408
1088             62          0.315
1089             62        0.42468
1090             62        0.54104
1091             62          0.689
1092             62        0.84956
1093    62     1
1093   130     0
1094            130        0.08689
1095            130        0.16611
1096            130        0.24259
1097            130        0.33645
1098            130        0.40789
1099            130        0.47015
1100            130        0.52284
1101            130        0.56871
1102            130        0.61723
1103            130        0.69695
1104            130        0.76902
1105            130         0.8347
1106            130        0.91775
1107   130     1
1050    63     0
1108             63        0.07524
1109             63        0.15736
1110             63         0.2283
1111             63        0.29475
1112             63        0.32418
1113             63        0.35874
1114             63        0.40743
1115             63        0.44511
1116             63        0.48586
1117             63        0.54191
1118             63        0.58992
1119             63        0.64437
1120             63        0.68887
1121             63         0.7297
1122             63        0.77991
1123             63         0.8363
1124             63        0.88235
1125             63        0.93274
1126    63     1
1126   131     0
1127            131        0.13657
1128            131        0.27953
1129            131        0.40577
1130            131        0.50056
1131            131        0.56976
1132            131        0.62471
1133            131        0.70085
1134            131        0.74945
1135            131         0.8136
1136            131        0.89262
1137   131     1
805   64    0
1138             64        0.07571
1139             64        0.11251
1140             64        0.16378
1141             64        0.22119
1142             64         0.2595
1143             64        0.30596
1144             64        0.35015
1145             64        0.39413
1146             64        0.44828
1147             64        0.50171
1148             64        0.54791
1149             64        0.60048
1150             64        0.64999
1151             64        0.69799
1152             64        0.73248
1153             64        0.77041
1154             64        0.80318
1155             64        0.84807
1156             64        0.88744
1157             64        0.94241
1158    64     1
1158    65     0
1159             65         0.6263
1160    65     1
1160   132     0
1161   132     1
1161    66     0
1162             66        0.04998
1163             66        0.10482
1164             66        0.14516
1165             66        0.17873
1166             66        0.19783
1167             66        0.24277
1168             66        0.29608
1169             66        0.37001
1170             66        0.43191
1171             66        0.49976
1172             66        0.56187
1173             66        0.63276
1174             66         0.7066
1175             66        0.77048
1176             66        0.83063
1177             66        0.89524
1178             66        0.94386
1179    66     1
1158    67     0
1180             67        0.73104
1181    67     1
1181   133     0
1182   133     1
1182    68     0
1183             68        0.13243
1184             68        0.26635
1185             68        0.42845
1186             68        0.56834
1187             68        0.69577
1188             68        0.84254
1189    68     1
26  69   0
1190             69        0.10821
1191             69         0.2234
1192             69        0.33164
1193             69        0.46001
1194             69        0.59167
1195             69        0.73958
1196             69        0.83203
1197             69        0.94256
1198             69        0.99924
1199    69     1
1199    70     0
1200             70        0.35489
1201             70        0.64851
1202    70     1
1202    71     0
1203             71        0.04813
1204             71        0.09148
1205             71        0.13222
1206             71        0.15153
1207             71        0.18286
1208             71        0.22632
1209             71        0.26717
1210             71         0.3169
1211             71        0.36988
1212             71        0.42712
1213             71        0.48735
1214             71        0.53708
1215             71        0.57608
1216             71        0.61735
1217             71        0.66131
1218             71        0.70481
1219             71        0.73523
1220             71        0.76091
1221             71        0.79219
1222             71        0.82872
1223             71        0.87517
1224             71        0.93267
1225             71        0.97162
1226    71     1
1226    72     0
1227             72         0.0538
1228             72        0.09289
1229             72        0.19669
1230             72        0.31636
1231             72        0.44326
1232             72        0.57203
1233             72        0.71104
1234             72        0.86768
1235             72        0.99632
1236    72     1
1236    73     0
1237             73        0.18417
1238             73         0.3314
1239             73        0.48447
1240             73        0.63303
1241             73        0.77546
1242             73        0.90287
1243    73     1
1243   134     0
1244   134     1
1244    74     0
1245             74        0.02232
1246             74        0.04857
1247             74        0.08299
1248             74        0.11214
1249             74        0.13801
1250             74         0.1694
1251             74        0.20761
1252             74        0.24523
1253             74        0.27637
1254             74        0.30617
1255             74        0.33253
1256             74        0.36888
1257             74        0.40444
1258             74         0.4299
1259             74        0.44939
1260             74        0.46994
1261             74        0.50703
1262             74        0.54015
1263             74        0.56198
1264             74        0.58728
1265             74        0.61823
1266             74        0.65277
1267             74        0.67929
1268             74        0.69931
1269             74        0.72169
1270             74         0.7514
1271             74        0.78796
1272             74        0.82853
1273             74        0.86665
1274             74         0.9085
1275             74        0.95445
1276    74     1
1236    75     0
1277             75         0.2656
1278             75        0.42857
1279             75         0.5578
1280             75        0.64391
1281             75        0.73199
1282             75        0.83835
1283             75        0.91533
1284    75     1
1284   135     0
1285   135     1
1285    76     0
1286             76        0.16131
1287             76        0.36549
1288             76         0.5814
1289             76        0.77824
1290    76     1
1226    77     0
1291             77        0.08123
1292             77        0.11272
1293             77        0.14212
1294             77        0.21657
1295             77        0.30688
1296             77        0.38923
1297             77        0.46743
1298             77        0.54842
1299             77        0.61723
1300             77        0.65539
1301             77        0.70637
1302             77        0.77399
1303             77        0.82563
1304             77        0.86029
1305             77        0.90128
1306             77        0.96367
1307    77     1
1307   136     0
1308   136     1
1308    78     0
1309             78         0.0257
1310             78        0.04663
1311             78        0.07118
1312             78        0.08952
1313             78         0.1097
1314             78        0.13956
1315             78        0.18106
1316             78        0.22327
1317             78        0.25403
1318             78        0.27751
1319             78        0.30543
1320             78        0.33741
1321             78        0.36453
1322             78        0.38671
1323             78        0.40825
1324             78         0.4371
1325             78        0.46682
1326             78        0.49811
1327             78        0.52801
1328             78        0.55385
1329             78        0.58097
1330             78        0.60915
1331             78        0.64663
1332             78        0.68233
1333             78        0.71708
1334             78        0.76208
1335             78         0.8034
1336             78        0.82535
1337             78        0.85478
1338             78        0.87423
1339             78        0.88858
1340             78        0.90399
1341             78        0.91816
1342             78         0.9421
1343             78          0.968
1344    78     1
1202    79     0
1345             79        0.04012
1346             79        0.07153
1347             79        0.09638
1348             79        0.12043
1349             79        0.14964
1350             79        0.16555
1351             79        0.17355
1352             79        0.18163
1353             79        0.19576
1354             79        0.21456
1355             79        0.23117
1356             79        0.26094
1357             79        0.29047
1358             79        0.32787
1359             79        0.36513
1360             79        0.39445
1361             79        0.42151
1362             79        0.44569
1363             79        0.46628
1364             79        0.48686
1365             79        0.51607
1366             79        0.53193
1367             79        0.54355
1368             79        0.55843
1369             79         0.5857
1370             79        0.61102
1371             79        0.63223
1372             79        0.65932
1373             79        0.69243
1374             79        0.72847
1375             79        0.75303
1376             79        0.78864
1377             79        0.81851
1378             79        0.85208
1379             79         0.8779
1380             79         0.9058
1381             79         0.9294
1382             79        0.94588
1383             79        0.96409
1384             79        0.98343
1385    79     1
1385   137     0
1386   137     1
1386    80     0
1387             80        0.02745
1388             80        0.05833
1389             80         0.0969
1390             80        0.13424
1391             80        0.17496
1392             80        0.20838
1393             80        0.23963
1394             80        0.28052
1395             80        0.31569
1396             80        0.34986
1397             80        0.37279
1398             80        0.39961
1399             80        0.43275
1400             80         0.4663
1401             80        0.50008
1402             80        0.52217
1403             80        0.55187
1404             80        0.58589
1405             80        0.62045
1406             80        0.65195
1407             80        0.68235
1408             80        0.70614
1409             80        0.74058
1410             80         0.7776
1411             80        0.81525
1412             80        0.85287
1413             80        0.88901
1414             80        0.92676
1415             80        0.95778
1416             80        0.98332
1417    80     1
1199    81     0
1418             81        0.62837
1419    81     1
1419    82     0
1420             82         0.0172
1421             82        0.03719
1422             82        0.07198
1423             82        0.10218
1424             82        0.12291
1425             82        0.13544
1426             82        0.14935
1427             82        0.16539
1428             82        0.18583
1429             82        0.20674
1430             82        0.24004
1431             82        0.27356
1432             82        0.30055
1433             82        0.32741
1434             82        0.35797
1435             82        0.38933
1436             82        0.41214
1437             82        0.42818
1438             82         0.4413
1439             82        0.45375
1440             82          0.475
1441             82        0.49383
1442             82        0.51513
1443             82        0.53572
1444             82        0.56345
1445             82        0.59564
1446             82        0.63024
1447             82        0.66863
1448             82          0.701
1449             82        0.72762
1450             82        0.75332
1451             82        0.78228
1452             82        0.79464
1453             82        0.81503
1454             82        0.83054
1455             82         0.8479
1456             82        0.86765
1457             82        0.89172
1458             82        0.91462
1459             82        0.93979
1460             82        0.97237
1461    82     1
1461   138     0
1462   138     1
1462    83     0
1463             83        0.03412
1464             83        0.08089
1465             83        0.12816
1466             83        0.16547
1467             83        0.20903
1468             83         0.2567
1469             83        0.29792
1470             83        0.34595
1471             83        0.39927
1472             83        0.43228
1473             83        0.46071
1474             83        0.49219
1475             83        0.52335
1476             83        0.55114
1477             83        0.58118
1478             83        0.61876
1479             83        0.66159
1480             83         0.6872
1481             83        0.72975
1482             83        0.76805
1483             83        0.80351
1484             83        0.84102
1485             83        0.89141
1486             83        0.94739
1487    83     1
1487    84     0
1488             84        0.01279
1489             84        0.04837
1490             84        0.08915
1491             84        0.12702
1492             84         0.1732
1493             84        0.23112
1494             84        0.28422
1495             84        0.33243
1496             84        0.36382
1497             84        0.43322
1498             84        0.49302
1499             84        0.54773
1500             84        0.60827
1501             84        0.65285
1502             84        0.68938
1503             84        0.73911
1504             84        0.78854
1505             84        0.82908
1506             84        0.85295
1507             84        0.88127
1508             84        0.91538
1509             84        0.95356
1510    84     1
1487    85     0
1511             85        0.10262
1512             85        0.15393
1513             85        0.21275
1514             85           0.27
1515             85        0.30693
1516             85        0.34411
1517             85        0.39159
1518             85        0.43138
1519             85        0.44955
1520             85         0.4764
1521             85        0.49767
1522             85        0.52973
1523             85        0.55457
1524             85        0.59263
1525             85        0.65112
1526             85        0.71991
1527             85        0.77759
1528             85        0.83258
1529             85        0.88921
1530             85        0.92996
1531             85        0.96087
1532    85     1
1419    86     0
1533             86        0.01921
1534             86        0.04356
1535             86        0.06689
1536             86        0.08167
1537             86        0.10225
1538             86        0.12747
1539             86        0.16203
1540             86        0.19156
1541             86        0.22265
1542             86        0.25374
1543             86        0.28514
1544             86        0.31345
1545             86        0.33707
1546             86        0.35255
1547             86        0.36722
1548             86        0.37744
1549             86        0.39284
1550             86        0.41598
1551             86         0.4383
1552             86        0.46123
1553             86        0.47941
1554             86        0.50827
1555             86         0.5322
1556             86        0.55044
1557             86         0.5667
1558             86        0.58371
1559             86        0.61349
1560             86        0.63942
1561             86        0.66607
1562             86        0.69421
1563             86        0.72499
1564             86        0.75721
1565             86        0.78373
1566             86        0.81198
1567             86        0.83642
1568             86        0.85458
1569             86        0.87919
1570             86        0.90295
1571             86        0.92345
1572             86          0.946
1573             86        0.97553
1574    86     1
1574   139     0
1575   139     1
1575    87     0
1576             87        0.02621
1577             87        0.04855
1578             87        0.06598
1579             87        0.08787
1580             87        0.10096
1581             87        0.11867
1582             87        0.13912
1583             87        0.16832
1584             87        0.18894
1585             87        0.21323
1586             87        0.24295
1587             87        0.27843
1588             87        0.30773
1589             87        0.33086
1590             87        0.35921
1591             87        0.38938
1592             87          0.425
1593             87        0.45661
1594             87        0.48786
1595             87        0.51838
1596             87        0.55422
1597             87        0.59197
1598             87        0.62688
1599             87        0.66022
1600             87         0.6931
1601             87        0.72056
1602             87        0.75103
1603             87        0.77694
1604             87        0.80223
1605             87        0.82309
1606             87        0.84862
1607             87        0.87763
1608             87          0.904
1609             87        0.92437
1610             87        0.94078
1611             87        0.96028
1612             87        0.98694
1613    87     1
25  88   0
1614             88        0.03167
1615             88        0.05634
1616             88        0.07683
1617             88        0.09781
1618             88        0.11228
1619             88        0.12257
1620             88        0.13228
1621             88        0.14571
1622             88        0.16524
1623             88        0.18196
1624             88        0.20843
1625             88        0.23622
1626             88        0.25772
1627             88        0.28529
1628             88        0.31658
1629             88        0.34348
1630             88        0.36896
1631             88        0.39443
1632             88        0.41863
1633             88        0.44667
1634             88        0.47269
1635             88        0.48775
1636             88        0.50152
1637             88        0.51203
1638             88        0.51749
1639             88        0.52954
1640             88        0.54027
1641             88        0.54855
1642             88        0.55948
1643             88        0.58206
1644             88         0.6038
1645             88        0.62658
1646             88        0.65327
1647             88        0.67629
1648             88        0.70115
1649             88        0.72177
1650             88        0.74094
1651             88        0.75405
1652             88        0.76695
1653             88        0.77961
1654             88        0.79916
1655             88        0.81649
1656             88        0.83731
1657             88        0.86637
1658             88        0.89735
1659             88        0.91563
1660             88        0.93272
1661             88        0.94819
1662             88        0.96042
1663             88        0.97976
1664    88     1
22  89   0
1665             89        0.03521
1666             89        0.06709
1667             89        0.08615
1668             89          0.109
1669             89        0.13122
1670             89        0.15527
1671             89        0.17262
1672             89        0.19031
1673             89        0.20687
1674             89        0.22479
1675             89        0.23736
1676             89        0.24916
1677             89        0.26228
1678             89        0.28099
1679             89        0.30197
1680             89        0.32331
1681             89        0.34594
1682             89        0.36485
1683             89        0.38488
1684             89        0.40353
1685             89        0.42344
1686             89         0.4401
1687             89        0.45316
1688             89        0.46333
1689             89        0.47591
1690             89        0.48783
1691             89        0.49727
1692             89        0.51032
1693             89        0.52938
1694             89        0.54168
1695             89        0.55672
1696             89        0.57342
1697             89        0.59423
1698             89        0.61304
1699             89        0.63331
1700             89        0.65689
1701             89        0.67714
1702             89        0.70205
1703             89         0.7208
1704             89        0.73731
1705             89         0.7543
1706             89        0.77107
1707             89        0.78246
1708             89        0.79637
1709             89        0.80939
1710             89        0.82469
1711             89        0.84058
1712             89         0.8622
1713             89        0.88426
1714             89        0.90538
1715             89        0.92666
1716             89        0.94295
1717             89        0.95515
1718             89        0.96658
1719             89        0.97973
1720             89        0.98639
1721    89     1
1721   140     0
1722            140        0.36093
1723   140     1
1723    90     0
1724             90        0.35627
1725             90        0.62793
1726    90     1
19  91   0
1727             91        0.10966
1728             91        0.23409
1729             91         0.3664
1730             91        0.49071
1731             91        0.62539
1732             91        0.76152
1733             91        0.89892
1734    91     1
1734    92     0
1735             92         0.1641
1736             92         0.3426
1737             92        0.52716
1738             92        0.69352
1739             92        0.85312
1740    92     1
1740    93     0
1741             93        0.02409
1742             93        0.04998
1743             93        0.07611
1744             93        0.10331
1745             93        0.12869
1746             93        0.14955
1747             93         0.1729
1748             93        0.19644
1749             93        0.21626
1750             93        0.23674
1751             93        0.25455
1752             93        0.27571
1753             93        0.29597
1754             93        0.32154
1755             93        0.34799
1756             93        0.37332
1757             93        0.39941
1758             93        0.42655
1759             93        0.44717
1760             93        0.46347
1761             93        0.48509
1762             93        0.49662
1763             93         0.5003
1764             93        0.52829
1765             93        0.55367
1766             93        0.56928
1767             93        0.59143
1768             93        0.61198
1769             93        0.63122
1770             93        0.65169
1771             93        0.67613
1772             93        0.69843
1773             93        0.71584
1774             93         0.7319
1775             93        0.74734
1776             93         0.7611
1777             93        0.77564
1778             93        0.79313
1779             93        0.81756
1780             93        0.84544
1781             93        0.87551
1782             93        0.90698
1783             93        0.93261
1784             93        0.95715
1785             93        0.97923
1786    93     1
1786   141     0
1787   141     1
1787    94     0
1788             94        0.05229
1789             94        0.12012
1790             94        0.17474
1791             94        0.22513
1792             94        0.27028
1793             94        0.32562
1794             94        0.38251
1795             94        0.43853
1796             94        0.50222
1797             94        0.57712
1798             94        0.64454
1799             94        0.70472
1800             94        0.77438
1801             94        0.82886
1802             94        0.86395
1803             94        0.90451
1804             94        0.95599
1805    94     1
1740    95     0
1806             95         0.0462
1807             95        0.05955
1808             95        0.07336
1809             95        0.09213
1810             95        0.10888
1811             95         0.1248
1812             95        0.14396
1813             95        0.16539
1814             95        0.19004
1815             95        0.21318
1816             95        0.23493
1817             95         0.2575
1818             95        0.27895
1819             95        0.30356
1820             95        0.32665
1821             95        0.34323
1822             95        0.36493
1823             95        0.38523
1824             95         0.4053
1825             95         0.4228
1826             95        0.44766
1827             95        0.47081
1828             95        0.49623
1829             95        0.52209
1830             95        0.55626
1831             95        0.58464
1832             95        0.61559
1833             95        0.64128
1834             95        0.66326
1835             95        0.68669
1836             95        0.70119
1837             95        0.71347
1838             95        0.72384
1839             95        0.73849
1840             95        0.75642
1841             95        0.78028
1842             95        0.81009
1843             95        0.83677
1844             95        0.85539
1845             95        0.87472
1846             95        0.89984
1847             95        0.91954
1848             95        0.93856
1849             95        0.95454
1850             95        0.97946
1851    95     1
1734    96     0
1852             96         0.0494
1853             96        0.09086
1854             96        0.13932
1855             96        0.20121
1856             96         0.2665
1857             96        0.32186
1858             96        0.38743
1859             96        0.45714
1860             96        0.53704
1861             96        0.60548
1862             96        0.67382
1863             96        0.73005
1864             96        0.79247
1865             96        0.85171
1866             96        0.91422
1867             96        0.95942
1868    96     1
1  2  0
1869              2        0.05249
1870              2        0.09704
1871              2        0.13743
1872              2         0.1719
1873              2        0.20499
1874              2        0.24186
1875              2        0.26167
1876              2        0.27555
1877              2        0.29552
1878              2         0.3111
1879              2        0.34757
1880              2        0.38352
1881              2        0.42534
1882              2        0.47046
1883              2        0.51663
1884              2        0.56633
1885              2         0.6075
1886              2        0.64264
1887              2        0.67607
1888              2        0.71887
1889              2         0.7534
1890              2        0.79383
1891              2        0.83382
1892              2        0.87925
1893              2        0.91405
1894              2        0.95148
1895              2        0.98576
1896              2        0.99909
1897     2     1
1897     3     0
1898              3        0.07836
1899              3        0.16088
1900              3         0.2334
1901              3        0.33167
1902              3        0.42425
1903              3        0.57001
1904              3        0.72048
1905              3        0.86824
1906     3     1
1906     4     0
1907              4        0.14415
1908              4        0.25669
1909              4        0.40513
1910              4        0.55626
1911              4        0.70752
1912              4        0.85838
1913     4     1
1913     5     0
1914              5        0.19924
1915              5        0.41525
1916              5        0.55838
1917              5        0.75015
1918              5        0.89866
1919     5     1
1919     6     0
1920              6        0.35766
1921              6        0.73011
1922     6     1
1922     7     0
1923              7        0.21936
1924              7        0.46425
1925              7        0.75879
1926     7     1
1926     8     0
1927              8        0.14517
1928              8        0.31834
1929              8        0.48248
1930              8        0.63559
1931              8        0.74815
1932              8        0.83856
1933              8        0.89449
1934     8     1
1934     9     0
1935              9        0.43419
1936     9     1
1936    10     0
1937             10        0.04367
1938             10        0.11758
1939             10        0.20732
1940             10         0.3008
1941             10        0.40554
1942             10        0.49942
1943             10        0.59712
1944             10        0.67112
1945             10        0.74722
1946             10        0.81849
1947             10        0.88503
1948             10        0.93943
1949    10     1
1949    11     0
1950             11        0.14766
1951             11        0.32716
1952             11        0.43915
1953             11        0.56414
1954             11        0.70502
1955             11        0.86058
1956    11     1
1956    12     0
1957             12        0.06872
1958             12        0.14113
1959             12        0.21988
1960             12        0.28087
1961             12          0.387
1962             12        0.48467
1963             12        0.56059
1964             12        0.65086
1965             12         0.7406
1966             12        0.83922
1967             12        0.88075
1968             12        0.93798
1969    12     1
1969    13     0
1970             13        0.03871
1971             13        0.07879
1972             13        0.12429
1973             13        0.15348
1974             13        0.17248
1975             13        0.19846
1976             13        0.24255
1977             13        0.28786
1978             13        0.33086
1979             13         0.3834
1980             13        0.43547
1981             13        0.48062
1982             13        0.53267
1983             13        0.57056
1984             13        0.61727
1985             13        0.66142
1986             13        0.70258
1987             13         0.7572
1988             13        0.81672
1989             13        0.87326
1990             13        0.91978
1991             13        0.95502
1992    13     1
1969    14     0
1993             14        0.02766
1994             14        0.07102
1995             14        0.12171
1996             14         0.1752
1997             14        0.23059
1998             14        0.29749
1999             14        0.35364
2000             14        0.39736
2001             14        0.42598
2002             14        0.47029
2003             14         0.5049
2004             14        0.54253
2005             14         0.5913
2006             14        0.63534
2007             14        0.69183
2008             14        0.74381
2009             14        0.78953
2010             14        0.83078
2011             14        0.88196
2012             14        0.92543
2013             14        0.96133
2014    14     1
1956    15     0
2015             15        0.07994
2016             15        0.12827
2017             15        0.17634
2018             15        0.20656
2019             15        0.23228
2020             15        0.25369
2021             15        0.28264
2022             15        0.32572
2023             15        0.36867
2024             15        0.40649
2025             15        0.44329
2026             15        0.48359
2027             15        0.52358
2028             15        0.56383
2029             15         0.5946
2030             15        0.63156
2031             15        0.68379
2032             15        0.74477
2033             15        0.81079
2034             15        0.88247
2035             15        0.94228
2036    15     1
1949    16     0
2037             16        0.08828
2038             16        0.16646
2039             16        0.25331
2040             16        0.32555
2041             16        0.35659
2042             16        0.46133
2043             16          0.569
2044             16        0.64539
2045             16        0.73233
2046             16        0.84491
2047             16         0.9465
2048    16     1
2048    17     0
2049             17         0.0418
2050             17        0.07463
2051             17        0.10594
2052             17        0.13289
2053             17        0.16527
2054             17         0.1851
2055             17        0.20492
2056             17        0.22206
2057             17        0.24316
2058             17        0.26664
2059             17          0.292
2060             17        0.32247
2061             17        0.35157
2062             17        0.38319
2063             17        0.42005
2064             17        0.45566
2065             17        0.48568
2066             17        0.51675
2067             17        0.54254
2068             17        0.56792
2069             17        0.59808
2070             17         0.6151
2071             17        0.63091
2072             17         0.6565
2073             17        0.68254
2074             17         0.7074
2075             17        0.73891
2076             17        0.76184
2077             17        0.78984
2078             17        0.81879
2079             17        0.84879
2080             17        0.87183
2081             17        0.89586
2082             17        0.91349
2083             17        0.93929
2084             17        0.95994
2085             17        0.98053
2086    17     1
2048    18     0
2087             18        0.02817
2088             18        0.06564
2089             18        0.11357
2090             18        0.17516
2091             18        0.24039
2092             18        0.29926
2093             18        0.35987
2094             18        0.42228
2095             18        0.44867
2096             18        0.50048
2097             18        0.54965
2098             18        0.59775
2099             18        0.65016
2100             18        0.70058
2101             18        0.75072
2102             18        0.79446
2103             18        0.83336
2104             18        0.87002
2105             18        0.91309
2106             18        0.96302
2107    18     1
1936    19     0
2108             19        0.03762
2109             19        0.07916
2110             19        0.10903
2111             19        0.13133
2112             19        0.15219
2113             19         0.1778
2114             19        0.20622
2115             19        0.23412
2116             19        0.25694
2117             19        0.28411
2118             19        0.31507
2119             19        0.34263
2120             19        0.36745
2121             19        0.40047
2122             19        0.43407
2123             19        0.46669
2124             19        0.49555
2125             19        0.52961
2126             19        0.56753
2127             19        0.60151
2128             19        0.63671
2129             19        0.66577
2130             19        0.71118
2131             19        0.74352
2132             19        0.77259
2133             19        0.80862
2134             19        0.84051
2135             19        0.86576
2136             19        0.88452
2137             19        0.90845
2138             19         0.9408
2139             19        0.97194
2140    19     1
1934    20     0
2141             20         0.0133
2142             20        0.02667
2143             20        0.04372
2144             20        0.06775
2145             20        0.09053
2146             20        0.11958
2147             20        0.14622
2148             20        0.17448
2149             20        0.19701
2150             20        0.21338
2151             20        0.22941
2152             20        0.24208
2153             20        0.26073
2154             20        0.27798
2155             20        0.29841
2156             20        0.32041
2157             20        0.35588
2158             20        0.38713
2159             20        0.41454
2160             20          0.438
2161             20        0.46758
2162             20        0.49596
2163             20        0.51659
2164             20        0.54388
2165             20        0.57012
2166             20        0.59182
2167             20        0.61276
2168             20         0.6339
2169             20        0.65863
2170             20        0.68643
2171             20        0.71378
2172             20        0.73749
2173             20        0.76151
2174             20        0.79086
2175             20         0.8173
2176             20        0.84257
2177             20        0.86194
2178             20        0.88382
2179             20        0.90635
2180             20        0.93022
2181             20        0.95323
2182             20        0.97606
2183    20     1
1926    21     0
2184             21        0.07649
2185             21        0.11037
2186             21         0.1715
2187             21         0.2308
2188             21        0.29023
2189             21        0.35197
2190             21        0.41648
2191             21        0.47789
2192             21        0.53521
2193             21        0.58526
2194             21         0.6494
2195             21        0.71807
2196             21        0.77342
2197             21        0.83506
2198             21        0.88318
2199             21        0.94445
2200    21     1
1922    22     0
2201             22        0.04614
2202             22        0.06098
2203             22        0.08835
2204             22          0.126
2205             22        0.16413
2206             22        0.20282
2207             22        0.24238
2208             22        0.28675
2209             22        0.33081
2210             22        0.36246
2211             22        0.38481
2212             22         0.4056
2213             22        0.45056
2214             22        0.48787
2215             22         0.5276
2216             22        0.56773
2217             22        0.61761
2218             22        0.66145
2219             22        0.70401
2220             22        0.74683
2221             22        0.78758
2222             22        0.82883
2223             22        0.85348
2224             22        0.88498
2225             22         0.9076
2226             22        0.93335
2227             22        0.96717
2228    22     1
1919    23     0
2229             23        0.09188
2230             23        0.21097
2231             23        0.30924
2232             23         0.3859
2233             23        0.44119
2234             23        0.52009
2235             23        0.60368
2236             23        0.68524
2237             23        0.77264
2238             23        0.89095
2239    23     1
1913    24     0
2240             24        0.01146
2241             24        0.03094
2242             24        0.05418
2243             24        0.08617
2244             24        0.11748
2245             24        0.15573
2246             24        0.19476
2247             24        0.24248
2248             24           0.29
2249             24        0.34119
2250             24        0.37836
2251             24        0.41177
2252             24        0.44676
2253             24        0.48671
2254             24        0.52556
2255             24        0.55696
2256             24        0.58432
2257             24        0.60758
2258             24        0.63045
2259             24        0.65222
2260             24         0.6726
2261             24        0.68368
2262             24        0.71018
2263             24        0.75408
2264             24        0.78857
2265             24        0.81914
2266             24        0.85602
2267             24        0.89515
2268             24        0.93495
2269             24        0.97094
2270    24     1
2270    25     0
2271             25        0.02112
2272             25        0.04799
2273             25        0.06421
2274             25        0.08123
2275             25        0.10473
2276             25        0.13293
2277             25        0.16791
2278             25         0.2024
2279             25        0.23431
2280             25        0.27049
2281             25         0.3055
2282             25        0.33854
2283             25        0.37431
2284             25        0.40993
2285             25        0.44732
2286             25         0.4951
2287             25        0.52994
2288             25        0.55727
2289             25        0.57198
2290             25        0.59049
2291             25        0.61121
2292             25        0.63246
2293             25        0.65901
2294             25        0.69528
2295             25        0.74338
2296             25        0.79082
2297             25        0.82916
2298             25        0.85515
2299             25        0.86626
2300             25        0.88249
2301             25        0.88773
2302             25        0.89815
2303             25        0.90825
2304             25         0.9293
2305             25        0.96477
2306    25     1
2306    26     0
2307             26        0.02839
2308             26         0.0704
2309             26        0.12726
2310             26        0.19519
2311             26         0.2687
2312             26        0.34446
2313             26        0.41373
2314             26        0.49525
2315             26        0.58113
2316             26        0.64784
2317             26        0.69671
2318             26         0.7363
2319             26        0.77132
2320             26        0.81593
2321             26        0.84629
2322             26        0.86432
2323             26        0.89894
2324             26        0.94709
2325    26     1
2306    27     0
2326             27        0.13192
2327             27        0.20077
2328             27        0.27012
2329             27        0.35257
2330             27        0.40942
2331             27        0.49518
2332             27        0.58751
2333             27        0.66228
2334             27        0.77025
2335             27        0.88527
2336    27     1
2270    28     0
2337             28        0.05283
2338             28        0.08908
2339             28        0.12529
2340             28        0.17367
2341             28        0.21513
2342             28        0.26007
2343             28        0.31939
2344             28        0.38122
2345             28        0.43619
2346             28        0.49124
2347             28        0.53858
2348             28        0.59876
2349             28        0.66078
2350             28        0.71063
2351             28        0.76537
2352             28         0.8206
2353             28        0.87315
2354             28        0.92061
2355             28        0.96465
2356    28     1
1906    29     0
2357             29        0.02149
2358             29        0.04214
2359             29        0.06383
2360             29        0.07753
2361             29         0.0985
2362             29          0.115
2363             29        0.13882
2364             29        0.15908
2365             29        0.18128
2366             29        0.20209
2367             29        0.22556
2368             29        0.24345
2369             29        0.25638
2370             29        0.27728
2371             29        0.30131
2372             29        0.33341
2373             29        0.36063
2374             29         0.3899
2375             29        0.41816
2376             29        0.44789
2377             29        0.47657
2378             29        0.51163
2379             29        0.53559
2380             29         0.5518
2381             29        0.57843
2382             29         0.6069
2383             29        0.63813
2384             29        0.66675
2385             29        0.69262
2386             29        0.72101
2387             29        0.74551
2388             29        0.76664
2389             29        0.78785
2390             29        0.80317
2391             29        0.81788
2392             29        0.83688
2393             29         0.8472
2394             29        0.86441
2395             29        0.89325
2396             29        0.92227
2397             29        0.95133
2398             29         0.9755
2399    29     1
2399    30     0
2400             30        0.02467
2401             30        0.04196
2402             30        0.05847
2403             30        0.09751
2404             30        0.13394
2405             30        0.18571
2406             30        0.22582
2407             30        0.25979
2408             30        0.30845
2409             30        0.35697
2410             30        0.41217
2411             30        0.46128
2412             30        0.50387
2413             30        0.54374
2414             30        0.57204
2415             30        0.58574
2416             30        0.60549
2417             30        0.62382
2418             30        0.63713
2419             30        0.66104
2420             30        0.68773
2421             30        0.72955
2422             30        0.75873
2423             30        0.78791
2424             30        0.81683
2425             30        0.84301
2426             30        0.86977
2427             30         0.9028
2428             30        0.92841
2429             30        0.96984
2430    30     1
2399    31     0
2431             31        0.09867
2432             31        0.13187
2433             31         0.1951
2434             31        0.24848
2435             31        0.29202
2436             31        0.36832
2437             31        0.45018
2438             31        0.51834
2439             31        0.56883
2440             31        0.63502
2441             31        0.68276
2442             31        0.74505
2443             31        0.78269
2444             31        0.80725
2445             31        0.85116
2446             31        0.91946
2447    31     1
1897    32     0
2448             32         0.0526
2449             32        0.09879
2450             32        0.14606
2451             32        0.17914
2452             32        0.22468
2453             32        0.28069
2454             32         0.3301
2455             32        0.38294
2456             32        0.42759
2457             32        0.46592
2458             32        0.50312
2459             32        0.53428
2460             32        0.57154
2461             32        0.60821
2462             32        0.64467
2463             32        0.67696
2464             32         0.7138
2465             32        0.73448
2466             32        0.76326
2467             32        0.79648
2468             32        0.81564
2469             32        0.83939
2470             32        0.86315
2471             32        0.89633
2472             32        0.93277
2473             32        0.96953
2474    32     1
2474    33     0
2475             33        0.07892
2476             33        0.14118
2477             33        0.19573
2478             33        0.24156
2479             33        0.30217
2480             33        0.36121
2481             33         0.4182
2482             33        0.45822
2483             33        0.50261
2484             33        0.55921
2485             33        0.61145
2486             33        0.66211
2487             33         0.7035
2488             33        0.75663
2489             33        0.80562
2490             33        0.84215
2491             33        0.89748
2492             33        0.92881
2493             33        0.96677
2494    33     1
2494    34     0
2495             34        0.03753
2496             34         0.0691
2497             34        0.10644
2498             34        0.15264
2499             34        0.21183
2500             34        0.24866
2501             34        0.29622
2502             34        0.34025
2503             34        0.38951
2504             34        0.42133
2505             34        0.48139
2506             34        0.54822
2507             34        0.62094
2508             34        0.68998
2509             34        0.74674
2510             34        0.79801
2511             34        0.83574
2512             34         0.8736
2513             34        0.90148
2514             34         0.9407
2515    34     1
2515    35     0
2516             35         0.0423
2517             35        0.12313
2518             35        0.19072
2519             35         0.2561
2520             35        0.30461
2521             35        0.35667
2522             35        0.40053
2523             35        0.45466
2524             35        0.50938
2525             35        0.58701
2526             35        0.67256
2527             35         0.7413
2528             35        0.79746
2529             35        0.86042
2530             35        0.90332
2531             35        0.94857
2532    35     1
2515    36     0
2533             36        0.08468
2534             36        0.13454
2535             36        0.21541
2536             36        0.31187
2537             36         0.3831
2538             36        0.42399
2539             36        0.47243
2540             36         0.5035
2541             36        0.55988
2542             36        0.62461
2543             36        0.68039
2544             36        0.73196
2545             36        0.81543
2546             36        0.87288
2547             36        0.93932
2548    36     1
2494    37     0
2549             37        0.02964
2550             37        0.05049
2551             37        0.07153
2552             37        0.10221
2553             37        0.13792
2554             37        0.16236
2555             37        0.19078
2556             37        0.22129
2557             37        0.24852
2558             37        0.26856
2559             37        0.28275
2560             37        0.30791
2561             37        0.32343
2562             37        0.34917
2563             37        0.36671
2564             37        0.38556
2565             37        0.42005
2566             37        0.46265
2567             37        0.50243
2568             37        0.53927
2569             37        0.57856
2570             37        0.62191
2571             37        0.65224
2572             37        0.68621
2573             37        0.71769
2574             37        0.74629
2575             37        0.77125
2576             37        0.79554
2577             37        0.81995
2578             37        0.84408
2579             37        0.87416
2580             37        0.90111
2581             37        0.93207
2582             37        0.96739
2583    37     1
2474    38     0
2584             38        0.05728
2585             38        0.08276
2586             38        0.12068
2587             38        0.16366
2588             38        0.20349
2589             38        0.24298
2590             38        0.28051
2591             38        0.31321
2592             38        0.34307
2593             38        0.36838
2594             38        0.39633
2595             38        0.42787
2596             38        0.46302
2597             38         0.5156
2598             38        0.56978
2599             38        0.62113
2600             38        0.66796
2601             38        0.70919
2602             38        0.74922
2603             38        0.77454
2604             38        0.79455
2605             38        0.81083
2606             38        0.81737
2607             38        0.83382
2608             38        0.86272
2609             38        0.87558
2610             38        0.89547
2611             38        0.92607
2612             38        0.95976
2613    38     1
1  39   0
2614             39        0.03339
2615             39        0.06309
2616             39        0.10321
2617             39        0.13822
2618             39        0.16285
2619             39        0.20223
2620             39        0.23319
2621             39        0.27372
2622             39        0.31166
2623             39        0.34795
2624             39         0.3668
2625             39        0.39566
2626             39        0.43514
2627             39        0.47645
2628             39        0.51755
2629             39        0.56472
2630             39        0.62204
2631             39        0.66999
2632             39        0.72683
2633             39        0.78726
2634             39        0.82782
2635             39        0.86138
2636             39        0.90065
2637             39         0.9325
2638             39        0.93987
2639             39        0.95574
2640             39         0.9655
2641             39        0.98051
2642    39     1
2642    40     0
2643             40        0.01692
2644             40        0.03223
2645             40        0.04574
2646             40        0.06277
2647             40        0.07608
2648             40        0.09738
2649             40        0.11808
2650             40        0.13919
2651             40         0.1573
2652             40        0.17698
2653             40        0.19668
2654             40        0.21327
2655             40        0.22403
2656             40        0.23211
2657             40        0.25201
2658             40        0.26483
2659             40        0.27557
2660             40        0.28874
2661             40        0.29652
2662             40        0.31014
2663             40         0.3237
2664             40        0.33698
2665             40        0.35457
2666             40        0.37317
2667             40        0.39222
2668             40        0.40685
2669             40        0.42219
2670             40        0.43163
2671             40        0.44427
2672             40         0.4505
2673             40        0.45855
2674             40        0.47091
2675             40        0.48507
2676             40        0.49395
2677             40        0.50759
2678             40        0.52088
2679             40         0.5305
2680             40        0.54454
2681             40        0.56099
2682             40        0.58238
2683             40        0.59893
2684             40        0.61894
2685             40        0.64208
2686             40        0.66243
2687             40        0.68045
2688             40        0.69532
2689             40        0.70369
2690             40        0.71685
2691             40        0.72978
2692             40        0.74207
2693             40        0.75383
2694             40        0.76577
2695             40        0.78344
2696             40         0.8009
2697             40        0.81906
2698             40        0.83965
2699             40        0.85172
2700             40        0.86768
2701             40        0.88312
2702             40        0.89533
2703             40        0.90562
2704             40           0.92
2705             40         0.9379
2706             40         0.9521
2707             40        0.96949
2708             40        0.98898
2709    40     1
2642    41     0
2710             41        0.09295
2711             41        0.16541
2712             41        0.23286
2713             41        0.28421
2714             41        0.33854
2715             41        0.38465
2716             41        0.43038
2717             41        0.47051
2718             41        0.53036
2719             41        0.60817
2720             41        0.68663
2721             41        0.78014
2722             41        0.85608
2723             41        0.92329
2724    41     1
