0  0  0
1           0       2e-05
2           0     0.33334
3           0     0.66667
4  0  1
4  2  0
5  2  1
5  3  0
6           3     0.01961
7           3     0.03922
8           3     0.05882
9           3     0.07843
10            3      0.09804
11            3      0.11765
12            3      0.13725
13            3      0.15686
14            3      0.17647
15            3      0.19608
16            3      0.21569
17            3      0.23529
18            3       0.2549
19            3      0.27451
20            3      0.29412
21            3      0.31373
22            3      0.33333
23            3      0.35294
24            3      0.37255
25            3      0.39216
26            3      0.41176
27            3      0.43137
28            3      0.45098
29            3      0.47059
30            3       0.4902
31            3       0.5098
32            3      0.52941
33            3      0.54902
34            3      0.56863
35            3      0.58824
36            3      0.60784
37            3      0.62745
38            3      0.64706
39            3      0.66667
40            3      0.68627
41            3      0.70588
42            3      0.72549
43            3       0.7451
44            3      0.76471
45            3      0.78431
46            3      0.80392
47            3      0.82353
48            3      0.84314
49            3      0.86275
50            3      0.88235
51            3      0.90196
52            3      0.92157
53            3      0.94118
54            3      0.96078
55            3      0.98039
56   3   1
56   4   0
57            4      0.20773
58            4      0.47182
59            4      0.73591
60   4   1
60   5   0
61            5      0.08639
62            5      0.22137
63            5      0.35636
64            5      0.49134
65            5      0.62633
66            5      0.76131
67            5       0.8963
68   5   1
68   6   0
69            6      0.59254
70   6   1
70   7   0
71            7      0.39449
72            7      0.71209
73   7   1
73   8   0
74            8      0.52997
75   8   1
75   9   0
76            9      0.22569
77            9      0.51946
78            9      0.81323
79   9   1
79  10   0
80           10      0.23147
81           10       0.4236
82           10      0.61573
83           10      0.80787
84  10   1
84  62   0
85  62   1
85  63   0
86           63      0.11107
87           63      0.20994
88           63       0.3088
89           63      0.40767
90           63      0.50654
91           63       0.6054
92           63      0.70427
93           63      0.80314
94           63        0.902
95  63   1
95  100    0
96           100       0.49769
97  100    1
97  64   0
98           64      0.50521
99  64   1
99  65   0
100   65    1
100  101    0
101           101        0.2529
102           101       0.50571
103           101       0.75713
104  101    1
104  102    0
105           102       0.17308
106           102       0.38361
107           102       0.59387
108           102        0.8033
109  102    1
109  103    0
110           103       0.14952
111           103       0.31234
112           103       0.48343
113           103       0.65565
114           103       0.82779
115  103    1
115  104    0
116           104       0.06112
117           104       0.13394
118           104       0.21288
119           104       0.29159
120           104       0.37028
121           104       0.44901
122           104       0.52764
123           104       0.60603
124           104       0.68498
125           104       0.76386
126           104        0.8427
127           104       0.92118
128  104    1
128  105    0
129           105       0.06123
130           105       0.12144
131           105       0.18117
132           105       0.24199
133           105       0.30342
134           105       0.36483
135           105       0.41654
136           105       0.47749
137           105       0.53891
138           105       0.59402
139           105       0.65285
140           105       0.71306
141           105       0.77443
142           105       0.83561
143           105       0.89722
144           105       0.95861
145  105    1
145  106    0
146           106       0.08674
147           106       0.17575
148           106       0.26612
149           106       0.35829
150           106       0.45017
151           106       0.54175
152           106       0.63244
153           106       0.72401
154           106       0.81622
155           106        0.9081
156  106    1
156  107    0
157           107       0.50291
158  107    1
158  108    0
159           108       0.06554
160           108       0.12747
161           108        0.1896
162           108       0.25226
163           108       0.31411
164           108       0.37562
165           108       0.43662
166           108       0.49913
167           108       0.56169
168           108       0.62424
169           108       0.68715
170           108       0.74976
171           108       0.81261
172           108       0.87452
173           108       0.93709
174  108    1
174  109    0
175           109       0.07674
176           109       0.15439
177           109       0.23162
178           109       0.30729
179           109        0.3824
180           109       0.45987
181           109       0.53728
182           109       0.61453
183           109       0.69076
184           109       0.76771
185           109       0.84517
186           109       0.92262
187  109    1
187   66    0
188            66       0.25759
189            66       0.51566
190            66       0.77034
191   66    1
191   67    0
192            67       0.16349
193            67       0.33235
194            67       0.50463
195            67       0.67628
196            67       0.83112
197   67    1
197  110    0
198           110       0.14294
199           110       0.28191
200           110       0.42439
201           110        0.5691
202           110        0.7139
203           110       0.85773
204  110    1
204  111    0
205           111       0.09685
206           111       0.22608
207           111       0.35562
208           111       0.48575
209           111       0.61638
210           111       0.74719
211           111       0.87761
212  111    1
212  112    0
213           112       0.11239
214           112       0.22409
215           112       0.33487
216           112       0.44625
217           112       0.55761
218           112       0.66922
219           112       0.77938
220           112       0.88836
221  112    1
221  113    0
222           113       0.12394
223           113       0.28251
224           113       0.44321
225           113       0.59992
226           113       0.75936
227           113        0.9159
228  113    1
228  114    0
229           114       0.05732
230           114       0.10491
231           114       0.15248
232           114       0.19975
233           114       0.24716
234           114       0.29472
235           114       0.34227
236           114       0.38792
237           114        0.4347
238           114       0.48185
239           114       0.52937
240           114       0.57664
241           114       0.62399
242           114       0.66992
243           114        0.7175
244           114       0.76499
245           114       0.81241
246           114       0.85775
247           114       0.90516
248           114       0.95267
249  114    1
228  115    0
250           115       0.08018
251           115       0.14366
252           115       0.21197
253           115       0.27239
254           115        0.3401
255           115       0.40754
256           115       0.47427
257           115        0.5364
258           115       0.60402
259           115       0.66317
260           115       0.73172
261           115        0.7974
262           115       0.86567
263           115       0.93361
264  115    1
221  116    0
265           116       0.05062
266           116       0.09893
267           116       0.15165
268           116       0.20504
269           116       0.25848
270           116        0.3108
271           116       0.36536
272           116       0.41973
273           116       0.47341
274           116       0.52754
275           116       0.57981
276           116        0.6339
277           116       0.68465
278           116       0.73828
279           116       0.78942
280           116       0.84136
281           116       0.89495
282           116       0.94902
283  116    1
212  117    0
284           117       0.05161
285           117       0.10161
286           117       0.15199
287           117       0.20299
288           117       0.25026
289           117       0.29982
290           117       0.34416
291           117       0.39418
292           117        0.4452
293           117       0.49592
294           117       0.54628
295           117       0.59673
296           117       0.64783
297           117       0.69856
298           117       0.74945
299           117       0.80046
300           117       0.85126
301           117       0.90173
302           117       0.95261
303  117    1
204  118    0
304           118       0.03655
305           118       0.07775
306           118       0.11895
307           118       0.16015
308           118       0.20136
309           118       0.24199
310           118       0.28318
311           118       0.32191
312           118       0.35779
313           118       0.39783
314           118       0.43781
315           118       0.47792
316           118       0.51875
317           118       0.55858
318           118       0.59873
319           118       0.63939
320           118       0.68044
321           118       0.72077
322           118       0.75808
323           118       0.79519
324           118       0.83608
325           118       0.87704
326           118       0.91816
327           118       0.95919
328  118    1
191   68    0
329            68        0.1772
330            68       0.33808
331            68       0.50294
332            68       0.66902
333            68       0.83575
334   68    1
334  119    0
335           119       0.14729
336           119       0.29596
337           119       0.44415
338           119       0.58192
339           119       0.71382
340           119       0.86263
341  119    1
341  120    0
342           120        0.0506
343           120       0.09738
344           120        0.1405
345           120       0.18415
346           120       0.23051
347           120       0.27512
348           120       0.32159
349           120       0.36863
350           120       0.40945
351           120       0.45275
352           120       0.49875
353           120       0.54184
354           120       0.58869
355           120       0.63558
356           120       0.68163
357           120       0.72683
358           120       0.77206
359           120       0.81818
360           120       0.86498
361           120       0.90891
362           120       0.95391
363  120    1
341  121    0
364           121       0.04963
365           121       0.10719
366           121       0.16724
367           121       0.22307
368           121       0.28265
369           121       0.34188
370           121       0.40009
371           121       0.46001
372           121       0.52021
373           121       0.58069
374           121       0.64068
375           121       0.70095
376           121        0.7612
377           121       0.82107
378           121       0.87974
379           121       0.94016
380  121    1
174   69    0
381            69       0.07289
382            69       0.15213
383            69       0.22883
384            69       0.30565
385            69       0.38452
386            69       0.46372
387            69       0.54102
388            69       0.61837
389            69        0.6882
390            69       0.76729
391            69       0.84575
392            69       0.92301
393   69    1
393   70    0
394            70       0.51217
395   70    1
395   71    0
396            71       0.15022
397            71       0.31908
398            71       0.48653
399            71       0.65807
400            71       0.82707
401   71    1
401  122    0
402           122       0.05903
403           122         0.119
404           122       0.17923
405           122       0.23724
406           122       0.29648
407           122       0.35554
408           122        0.4143
409           122       0.47048
410           122       0.53025
411           122       0.58893
412           122        0.6485
413           122       0.70782
414           122       0.76621
415           122       0.82595
416           122       0.88466
417           122       0.94408
418  122    1
395   72    0
419            72       0.20321
420            72       0.40751
421            72       0.60173
422            72       0.79636
423   72    1
423  123    0
424           123       0.14484
425           123        0.2898
426           123       0.43144
427           123       0.57468
428           123       0.71586
429           123       0.85748
430  123    1
393   73    0
431            73        0.1489
432            73       0.29212
433            73       0.43283
434            73       0.57662
435            73       0.72041
436            73       0.86424
437   73    1
437  124    0
438           124       0.06701
439           124       0.13413
440           124       0.19794
441           124       0.26179
442           124       0.32845
443           124       0.39567
444           124        0.4624
445           124       0.52962
446           124       0.59693
447           124       0.66426
448           124       0.73093
449           124         0.798
450           124       0.86522
451           124       0.93249
452  124    1
158   74    0
453            74       0.04494
454            74       0.09221
455            74       0.13914
456            74       0.18322
457            74       0.22743
458            74       0.27407
459            74       0.31824
460            74       0.36441
461            74       0.41124
462            74       0.45776
463            74       0.50344
464            74       0.54923
465            74       0.58783
466            74       0.63432
467            74       0.67996
468            74       0.72648
469            74       0.77061
470            74       0.81544
471            74       0.86183
472            74       0.90782
473            74       0.95371
474   74    1
474   75    0
475            75       0.12383
476            75        0.2545
477            75       0.38044
478            75       0.50763
479            75       0.63485
480            75       0.76251
481            75       0.87141
482   75    1
482  125    0
483           125       0.05429
484           125        0.1103
485           125       0.16605
486           125       0.22154
487           125       0.27545
488           125       0.33137
489           125       0.38635
490           125       0.44159
491           125        0.4944
492           125       0.55131
493           125       0.60805
494           125       0.66322
495           125       0.71809
496           125       0.77471
497           125       0.83042
498           125       0.88693
499           125       0.94303
500  125    1
474   76    0
501            76       0.24641
502            76       0.50273
503            76        0.7541
504   76    1
504  126    0
505           126       0.06027
506           126       0.11982
507           126       0.17915
508           126       0.23773
509           126       0.29788
510           126       0.35561
511           126       0.41226
512           126       0.47238
513           126        0.5322
514           126       0.59028
515           126          0.65
516           126       0.70813
517           126       0.76818
518           126       0.82803
519           126        0.8882
520           126        0.9458
521  126    1
156   77    0
522            77        0.0328
523            77        0.0705
524            77       0.10907
525            77       0.14868
526            77        0.1849
527            77        0.2239
528            77       0.26314
529            77       0.30271
530            77        0.3423
531            77       0.38063
532            77       0.42013
533            77       0.45926
534            77       0.49869
535            77       0.53657
536            77        0.5728
537            77       0.61213
538            77       0.65168
539            77        0.6911
540            77       0.73043
541            77       0.76894
542            77       0.80753
543            77       0.84657
544            77        0.8853
545            77       0.92323
546            77       0.96113
547   77    1
547  127    0
548           127       0.10211
549           127       0.20268
550           127       0.30417
551           127       0.40467
552           127       0.50526
553           127       0.60648
554           127       0.70396
555           127        0.8056
556           127       0.90033
557  127    1
145   78    0
558            78       0.05282
559            78       0.10364
560            78       0.15428
561            78       0.20492
562            78        0.2534
563            78       0.30392
564            78        0.3543
565            78       0.40436
566            78       0.45434
567            78       0.50394
568            78       0.55315
569            78       0.60253
570            78       0.65299
571            78        0.7005
572            78       0.75045
573            78        0.7999
574            78       0.84982
575            78       0.90055
576            78       0.94984
577   78    1
577   79    0
578   79    1
578   80    0
579            80       0.07291
580            80       0.14783
581            80       0.21802
582            80       0.29059
583            80        0.3629
584            80       0.42281
585            80       0.49324
586            80       0.56819
587            80       0.63492
588            80       0.70845
589            80       0.78107
590            80       0.85199
591            80       0.92553
592   80    1
592  128    0
593           128        0.0821
594           128       0.16595
595           128        0.2475
596           128       0.33225
597           128       0.41534
598           128       0.49983
599           128       0.58464
600           128       0.66817
601           128       0.75245
602           128       0.83605
603           128       0.91618
604  128    1
578   81    0
605            81       0.25365
606            81       0.50489
607            81       0.75437
608   81    1
577   82    0
609            82       0.10344
610            82       0.20091
611            82       0.29906
612            82        0.4012
613            82       0.50291
614            82       0.60739
615            82       0.70926
616            82       0.80189
617            82        0.9003
618   82    1
128   83    0
619            83       0.09392
620            83       0.20694
621            83       0.32032
622            83       0.43023
623            83       0.54398
624            83       0.65794
625            83         0.772
626            83       0.88598
627   83    1
627   84    0
628            84       0.14365
629            84       0.28699
630            84       0.42882
631            84       0.57033
632            84       0.71338
633            84       0.85679
634   84    1
634   85    0
635            85       0.02379
636            85       0.04683
637            85       0.07091
638            85       0.09563
639            85       0.11683
640            85       0.14089
641            85        0.1655
642            85       0.18959
643            85       0.21437
644            85       0.23915
645            85       0.26369
646            85       0.28767
647            85       0.31155
648            85       0.33513
649            85       0.35834
650            85       0.38201
651            85       0.40666
652            85       0.43081
653            85       0.45502
654            85       0.47916
655            85       0.50298
656            85       0.52635
657            85       0.54895
658            85       0.57364
659            85       0.59817
660            85        0.6223
661            85       0.64654
662            85       0.67038
663            85       0.69279
664            85       0.71584
665            85       0.73859
666            85        0.7625
667            85       0.78648
668            85       0.81043
669            85       0.83417
670            85        0.8574
671            85       0.87928
672            85       0.90347
673            85       0.92722
674            85       0.95191
675            85       0.97652
676   85    1
676  129    0
677           129       0.05722
678           129       0.11145
679           129       0.16846
680           129       0.22406
681           129       0.28221
682           129       0.33897
683           129       0.39534
684           129       0.44942
685           129       0.50501
686           129       0.55848
687           129       0.61461
688           129       0.67271
689           129       0.72951
690           129       0.78119
691           129       0.83653
692           129       0.89345
693           129       0.95019
694  129    1
634   86    0
695            86       0.02105
696            86       0.04719
697            86       0.07345
698            86       0.09964
699            86       0.12551
700            86       0.15153
701            86       0.17773
702            86       0.20378
703            86       0.22964
704            86       0.25525
705            86       0.28141
706            86       0.30711
707            86       0.33321
708            86       0.35915
709            86       0.38526
710            86       0.41091
711            86       0.43695
712            86       0.46308
713            86       0.48893
714            86       0.51493
715            86       0.54079
716            86       0.56698
717            86       0.58844
718            86       0.61381
719            86       0.63768
720            86       0.66369
721            86       0.68996
722            86       0.71618
723            86       0.74241
724            86       0.76789
725            86       0.79394
726            86       0.82016
727            86       0.84522
728            86       0.87104
729            86       0.89715
730            86        0.9234
731            86       0.94954
732            86       0.97514
733   86    1
733  130    0
734           130       0.34735
735           130       0.68306
736  130    1
627   87    0
737            87        0.0262
738            87       0.05348
739            87       0.08098
740            87       0.10847
741            87       0.13612
742            87       0.16374
743            87       0.19139
744            87       0.21893
745            87       0.24621
746            87       0.27336
747            87       0.30024
748            87       0.32717
749            87       0.35376
750            87       0.38138
751            87       0.40881
752            87       0.43575
753            87       0.46217
754            87       0.48941
755            87       0.51588
756            87       0.54342
757            87       0.57103
758            87       0.59808
759            87       0.62415
760            87       0.65092
761            87       0.67849
762            87       0.70593
763            87       0.73317
764            87       0.75971
765            87       0.78435
766            87        0.8116
767            87       0.83871
768            87       0.86357
769            87       0.89113
770            87       0.91849
771            87       0.94563
772            87       0.97312
773   87    1
773  131    0
774           131       0.16793
775           131       0.33578
776           131       0.49793
777           131        0.6656
778           131       0.83412
779  131    1
115   88    0
780            88       0.03025
781            88       0.06523
782            88       0.10183
783            88       0.13666
784            88       0.17085
785            88       0.20696
786            88       0.24326
787            88       0.27977
788            88       0.31626
789            88       0.35083
790            88       0.38738
791            88       0.42394
792            88       0.46027
793            88       0.49682
794            88       0.53306
795            88       0.56908
796            88       0.60549
797            88       0.64135
798            88       0.67578
799            88       0.71202
800            88       0.74856
801            88       0.78502
802            88       0.82101
803            88       0.85681
804            88       0.89156
805            88       0.92785
806            88       0.96398
807   88    1
807   89    0
808            89       0.03654
809            89       0.07316
810            89       0.10986
811            89       0.14629
812            89       0.18234
813            89       0.21558
814            89         0.252
815            89       0.28817
816            89       0.32468
817            89       0.35976
818            89       0.39594
819            89       0.43252
820            89       0.46801
821            89       0.50394
822            89       0.53969
823            89       0.56665
824            89       0.60198
825            89       0.63849
826            89       0.67392
827            89       0.70976
828            89       0.74572
829            89       0.78221
830            89       0.81854
831            89        0.8549
832            89       0.89151
833            89       0.92791
834            89       0.96415
835   89    1
835  132    0
836           132       0.03226
837           132       0.06594
838           132        0.0998
839           132       0.13304
840           132       0.16684
841           132       0.20036
842           132       0.23365
843           132       0.26747
844           132       0.30062
845           132       0.33081
846           132       0.36303
847           132        0.3957
848           132       0.42855
849           132       0.46276
850           132       0.49696
851           132       0.53117
852           132       0.56518
853           132       0.59867
854           132       0.63282
855           132       0.66664
856           132        0.6999
857           132       0.73353
858           132       0.76748
859           132       0.80158
860           132       0.83549
861           132        0.8694
862           132       0.90268
863           132       0.93608
864           132       0.96861
865  132    1
807   90    0
866            90       0.03168
867            90       0.06194
868            90       0.09302
869            90       0.12319
870            90       0.15348
871            90        0.1843
872            90       0.21501
873            90       0.24598
874            90       0.27702
875            90        0.3063
876            90       0.33333
877            90       0.36317
878            90       0.38971
879            90       0.42022
880            90        0.4512
881            90       0.48161
882            90       0.51236
883            90       0.54263
884            90       0.57364
885            90       0.60357
886            90       0.63366
887            90       0.66465
888            90       0.69559
889            90       0.72626
890            90       0.75729
891            90       0.78786
892            90       0.81892
893            90       0.84921
894            90        0.8799
895            90        0.9096
896            90       0.94026
897            90       0.96893
898   90    1
898  133    0
899           133       0.04054
900           133       0.08301
901           133       0.12707
902           133       0.16881
903           133       0.21332
904           133        0.2548
905           133       0.29889
906           133       0.34403
907           133        0.3882
908           133       0.43205
909           133       0.45384
910           133       0.49525
911           133       0.53677
912           133       0.57594
913           133       0.61375
914           133       0.65756
915           133       0.70266
916           133       0.74668
917           133       0.78425
918           133       0.82634
919           133       0.86904
920           133       0.91351
921           133       0.95773
922  133    1
109   91    0
923            91        0.0817
924            91       0.16667
925            91       0.25006
926            91       0.33494
927            91        0.4192
928            91       0.50398
929            91       0.58884
930            91       0.67211
931            91       0.75165
932            91       0.83522
933            91       0.91726
934   91    1
934   92    0
935            92       0.03072
936            92       0.06154
937            92       0.09213
938            92       0.12271
939            92       0.15318
940            92       0.18214
941            92       0.21286
942            92       0.24356
943            92       0.27209
944            92       0.30078
945            92       0.33142
946            92       0.36208
947            92       0.39255
948            92       0.42332
949            92       0.45362
950            92       0.48418
951            92        0.5135
952            92       0.54405
953            92       0.57472
954            92       0.60553
955            92       0.63623
956            92       0.66682
957            92       0.69752
958            92       0.72787
959            92       0.75779
960            92       0.78721
961            92       0.81784
962            92       0.84822
963            92         0.879
964            92       0.90951
965            92          0.94
966            92       0.97012
967   92    1
934   93    0
968            93       0.05925
969            93       0.11089
970            93        0.1723
971            93       0.23444
972            93       0.29633
973            93       0.35645
974            93       0.41833
975            93       0.47963
976            93       0.53996
977            93       0.60155
978            93       0.66315
979            93       0.72494
980            93        0.7854
981            93       0.84474
982            93         0.903
983            93       0.96382
984   93    1
104   94    0
985            94       0.08705
986            94       0.19311
987            94       0.30827
988            94       0.42261
989            94       0.53868
990            94       0.65434
991            94       0.76994
992            94       0.88608
993   94    1
993   95    0
994            95        0.0671
995            95         0.147
996            95       0.22451
997            95        0.3027
998            95       0.38213
999            95       0.46067
1000             95        0.53393
1001             95        0.61151
1002             95        0.69017
1003             95        0.76791
1004             95        0.84505
1005             95        0.92251
1006    95     1
993   96    0
1007             96        0.10456
1008             96        0.21687
1009             96        0.32708
1010             96        0.43906
1011             96        0.55131
1012             96        0.66359
1013             96        0.77539
1014             96        0.88778
1015    96     1
99  97   0
1016             97        0.08073
1017             97        0.17659
1018             97        0.27246
1019             97        0.36752
1020             97        0.46338
1021             97        0.55688
1022             97        0.65243
1023             97        0.74632
1024             97        0.84135
1025             97        0.92736
1026    97     1
1026    98     0
1027             98         0.0197
1028             98         0.0383
1029             98        0.05609
1030             98         0.0735
1031             98        0.09176
1032             98         0.1092
1033             98        0.12742
1034             98        0.14553
1035             98        0.16361
1036             98         0.1815
1037             98        0.19967
1038             98        0.21798
1039             98         0.2365
1040             98        0.25497
1041             98        0.27302
1042             98        0.29102
1043             98        0.30959
1044             98        0.32804
1045             98        0.34397
1046             98         0.3621
1047             98        0.38036
1048             98        0.39864
1049             98        0.41694
1050             98         0.4353
1051             98        0.45381
1052             98        0.47206
1053             98        0.49058
1054             98        0.50894
1055             98        0.52745
1056             98        0.54591
1057             98        0.56412
1058             98        0.58213
1059             98        0.60022
1060             98        0.61844
1061             98        0.63694
1062             98        0.65446
1063             98        0.67258
1064             98        0.69104
1065             98        0.70893
1066             98        0.72684
1067             98         0.7452
1068             98        0.76322
1069             98        0.78176
1070             98        0.79985
1071             98        0.81798
1072             98        0.83542
1073             98        0.85302
1074             98        0.87144
1075             98        0.88987
1076             98        0.90829
1077             98        0.92658
1078             98        0.94501
1079             98        0.96341
1080             98        0.98143
1081    98     1
1081   134     0
1082            134        0.04601
1083            134        0.09176
1084            134        0.13682
1085            134        0.18243
1086            134        0.22633
1087            134        0.27254
1088            134        0.31686
1089            134        0.36229
1090            134        0.40781
1091            134        0.45319
1092            134        0.49654
1093            134        0.54255
1094            134         0.5886
1095            134        0.63269
1096            134        0.67856
1097            134        0.72466
1098            134        0.77067
1099            134        0.81589
1100            134        0.86185
1101            134        0.90795
1102            134         0.9537
1103   134     1
1026    99     0
1104             99        0.01725
1105             99        0.03437
1106             99        0.05088
1107             99         0.0675
1108             99         0.0844
1109             99        0.10111
1110             99        0.11827
1111             99        0.13525
1112             99        0.15178
1113             99        0.16888
1114             99        0.18538
1115             99        0.20254
1116             99        0.21916
1117             99        0.23546
1118             99         0.2523
1119             99        0.26926
1120             99        0.28596
1121             99        0.30174
1122             99        0.31824
1123             99          0.335
1124             99        0.35199
1125             99        0.36906
1126             99        0.38588
1127             99        0.40298
1128             99        0.41992
1129             99        0.43655
1130             99        0.45272
1131             99        0.46855
1132             99        0.48401
1133             99        0.50117
1134             99        0.51835
1135             99        0.53552
1136             99        0.55195
1137             99        0.56904
1138             99        0.58609
1139             99        0.60328
1140             99        0.62023
1141             99        0.63723
1142             99        0.65428
1143             99        0.66978
1144             99        0.68239
1145             99         0.6996
1146             99        0.71615
1147             99        0.73311
1148             99        0.74933
1149             99         0.7657
1150             99         0.7823
1151             99        0.79827
1152             99        0.81408
1153             99        0.83112
1154             99        0.84828
1155             99        0.86524
1156             99        0.88147
1157             99        0.89858
1158             99        0.91547
1159             99        0.93238
1160             99        0.94899
1161             99        0.96572
1162             99        0.98292
1163    99     1
1163   135     0
1164            135         0.0625
1165            135        0.12271
1166            135        0.18572
1167            135        0.24984
1168            135        0.31508
1169            135        0.37858
1170            135        0.44169
1171            135        0.50334
1172            135        0.56627
1173            135        0.63128
1174            135        0.69455
1175            135        0.75774
1176            135         0.8184
1177            135        0.88278
1178            135        0.94563
1179   135     1
85  11   0
1180             11        0.22101
1181             11        0.41891
1182             11        0.61667
1183             11         0.8144
1184    11     1
79  12   0
1185             12        0.56866
1186    12     1
1186    13     0
1187             13        0.07619
1188             13        0.16061
1189             13         0.2446
1190             13         0.3291
1191             13        0.41315
1192             13        0.49748
1193             13        0.58104
1194             13        0.66544
1195             13         0.7484
1196             13          0.833
1197             13        0.91652
1198    13     1
1198    14     0
1199             14        0.03532
1200             14        0.07378
1201             14        0.11203
1202             14        0.15046
1203             14        0.18859
1204             14        0.22627
1205             14        0.26344
1206             14        0.29754
1207             14        0.33465
1208             14        0.37266
1209             14        0.40931
1210             14        0.44629
1211             14        0.48159
1212             14        0.51716
1213             14         0.5546
1214             14        0.59292
1215             14        0.63116
1216             14        0.66929
1217             14        0.70491
1218             14        0.74165
1219             14        0.77896
1220             14        0.81714
1221             14        0.85499
1222             14        0.89331
1223             14        0.93116
1224             14        0.96822
1225    14     1
1225    15     0
1226             15        0.01912
1227             15        0.03909
1228             15        0.05597
1229             15        0.07427
1230             15          0.094
1231             15        0.11408
1232             15        0.13412
1233             15        0.15393
1234             15        0.17379
1235             15        0.19369
1236             15        0.21372
1237             15        0.23286
1238             15        0.25095
1239             15        0.26976
1240             15        0.28879
1241             15        0.30801
1242             15        0.32745
1243             15        0.34682
1244             15        0.36525
1245             15         0.3854
1246             15        0.40486
1247             15         0.4251
1248             15        0.44517
1249             15        0.46431
1250             15        0.48439
1251             15        0.50392
1252             15        0.52325
1253             15        0.53975
1254             15         0.5589
1255             15          0.579
1256             15         0.5981
1257             15        0.61796
1258             15        0.63747
1259             15        0.65689
1260             15        0.67513
1261             15         0.6949
1262             15        0.71453
1263             15        0.73463
1264             15        0.75441
1265             15        0.77342
1266             15        0.79321
1267             15        0.81308
1268             15        0.83223
1269             15        0.85112
1270             15        0.86864
1271             15        0.88859
1272             15        0.90871
1273             15        0.92758
1274             15        0.94683
1275             15        0.96293
1276             15        0.98049
1277    15     1
1225    16     0
1278             16         0.0161
1279             16        0.03711
1280             16        0.05782
1281             16        0.07817
1282             16        0.09824
1283             16         0.1182
1284             16        0.13718
1285             16        0.15637
1286             16        0.17679
1287             16        0.19716
1288             16        0.21749
1289             16        0.23675
1290             16        0.25671
1291             16        0.27611
1292             16        0.29675
1293             16        0.31669
1294             16        0.33705
1295             16        0.35728
1296             16        0.37792
1297             16        0.39733
1298             16        0.41779
1299             16        0.43716
1300             16          0.458
1301             16        0.47876
1302             16        0.49832
1303             16         0.5178
1304             16        0.53718
1305             16        0.55692
1306             16        0.57728
1307             16        0.59698
1308             16         0.6179
1309             16        0.63733
1310             16        0.65805
1311             16         0.6786
1312             16         0.6993
1313             16        0.71903
1314             16        0.73937
1315             16        0.75966
1316             16        0.77988
1317             16        0.80021
1318             16         0.8197
1319             16        0.84067
1320             16        0.86157
1321             16        0.88202
1322             16        0.90222
1323             16        0.92283
1324             16        0.94357
1325             16        0.96458
1326             16        0.98445
1327    16     1
1198    17     0
1328             17         0.0808
1329             17        0.17369
1330             17         0.2672
1331             17         0.3577
1332             17        0.45053
1333             17        0.54291
1334             17        0.63621
1335             17         0.7293
1336             17         0.8209
1337             17        0.91393
1338    17     1
1338    18     0
1339             18         0.0117
1340             18        0.02283
1341             18        0.03406
1342             18        0.04495
1343             18        0.05661
1344             18        0.06813
1345             18        0.07962
1346             18        0.09115
1347             18        0.10271
1348             18        0.11407
1349             18         0.1257
1350             18        0.13734
1351             18        0.14898
1352             18        0.16055
1353             18        0.17219
1354             18        0.18365
1355             18         0.1946
1356             18        0.20607
1357             18        0.21763
1358             18        0.22913
1359             18        0.24038
1360             18        0.25174
1361             18        0.26234
1362             18        0.27364
1363             18        0.28464
1364             18        0.29628
1365             18        0.30789
1366             18        0.31948
1367             18        0.33109
1368             18        0.34244
1369             18        0.35374
1370             18        0.36493
1371             18        0.37525
1372             18         0.3862
1373             18        0.39779
1374             18        0.40929
1375             18        0.42075
1376             18        0.43236
1377             18        0.44349
1378             18        0.45396
1379             18        0.46373
1380             18        0.47525
1381             18        0.48639
1382             18        0.49787
1383             18        0.50937
1384             18        0.52091
1385             18        0.53245
1386             18        0.54212
1387             18        0.55356
1388             18        0.56519
1389             18        0.57681
1390             18        0.58822
1391             18        0.59937
1392             18        0.61088
1393             18        0.62249
1394             18        0.63409
1395             18        0.64572
1396             18        0.65715
1397             18        0.66875
1398             18        0.68024
1399             18        0.69172
1400             18        0.70322
1401             18        0.71477
1402             18        0.72635
1403             18        0.73781
1404             18        0.74935
1405             18        0.76085
1406             18        0.77246
1407             18        0.78409
1408             18        0.79556
1409             18         0.8071
1410             18        0.81797
1411             18        0.82941
1412             18        0.84103
1413             18        0.85222
1414             18        0.86376
1415             18        0.87526
1416             18        0.88665
1417             18        0.89818
1418             18        0.90956
1419             18        0.92097
1420             18        0.93234
1421             18        0.94391
1422             18        0.95502
1423             18        0.96648
1424             18        0.97722
1425             18        0.98838
1426    18     1
1338    19     0
1427             19        0.03368
1428             19        0.06507
1429             19        0.10029
1430             19        0.13413
1431             19        0.16931
1432             19        0.20413
1433             19        0.23779
1434             19        0.27235
1435             19        0.30675
1436             19        0.34189
1437             19        0.37692
1438             19        0.41201
1439             19        0.44671
1440             19         0.4816
1441             19        0.51668
1442             19        0.55117
1443             19        0.58446
1444             19        0.61777
1445             19        0.65271
1446             19        0.68727
1447             19        0.72191
1448             19        0.75612
1449             19        0.79077
1450             19        0.82489
1451             19        0.85976
1452             19        0.89462
1453             19        0.92975
1454             19        0.96477
1455    19     1
1186    20     0
1456             20        0.05402
1457             20        0.10947
1458             20        0.16522
1459             20        0.22058
1460             20        0.27687
1461             20        0.32798
1462             20        0.38445
1463             20        0.44064
1464             20        0.49645
1465             20        0.55269
1466             20        0.60879
1467             20        0.66471
1468             20        0.71877
1469             20        0.77492
1470             20        0.83148
1471             20        0.88733
1472             20         0.9436
1473    20     1
1473    21     0
1474             21        0.12792
1475             21        0.25578
1476             21        0.37583
1477             21        0.50335
1478             21        0.63126
1479             21        0.75868
1480             21        0.88551
1481    21     1
1481    22     0
1482             22        0.01343
1483             22        0.02678
1484             22        0.04017
1485             22        0.05344
1486             22        0.06686
1487             22           0.08
1488             22        0.09347
1489             22        0.10638
1490             22        0.11893
1491             22        0.13239
1492             22        0.14584
1493             22        0.15929
1494             22        0.17284
1495             22        0.18634
1496             22        0.19958
1497             22        0.21234
1498             22        0.22568
1499             22        0.23925
1500             22        0.25277
1501             22        0.26634
1502             22        0.27991
1503             22        0.29335
1504             22        0.30688
1505             22        0.31944
1506             22        0.33266
1507             22        0.34606
1508             22        0.35904
1509             22        0.37244
1510             22        0.38559
1511             22        0.39778
1512             22         0.4111
1513             22        0.42462
1514             22        0.43802
1515             22        0.45064
1516             22        0.46335
1517             22        0.47674
1518             22        0.49024
1519             22         0.5033
1520             22        0.51686
1521             22        0.53038
1522             22        0.54394
1523             22        0.55748
1524             22        0.57086
1525             22        0.58365
1526             22        0.59686
1527             22        0.61013
1528             22         0.6233
1529             22        0.63238
1530             22        0.64459
1531             22        0.65747
1532             22        0.66965
1533             22          0.683
1534             22        0.69632
1535             22        0.70964
1536             22        0.72312
1537             22        0.73668
1538             22        0.75021
1539             22        0.76376
1540             22        0.77732
1541             22        0.79071
1542             22         0.8042
1543             22        0.81767
1544             22        0.83125
1545             22        0.84359
1546             22        0.85717
1547             22        0.87058
1548             22        0.88397
1549             22        0.89656
1550             22        0.90985
1551             22        0.92243
1552             22        0.93428
1553             22        0.94726
1554             22        0.96067
1555             22        0.97351
1556             22        0.98645
1557    22     1
1481    23     0
1558             23        0.01339
1559             23        0.02962
1560             23        0.04626
1561             23        0.06241
1562             23        0.07902
1563             23        0.09531
1564             23        0.11155
1565             23        0.12673
1566             23         0.1431
1567             23        0.15927
1568             23         0.1755
1569             23         0.1921
1570             23        0.20853
1571             23        0.22499
1572             23        0.24128
1573             23        0.25742
1574             23        0.27379
1575             23        0.28906
1576             23        0.30501
1577             23        0.32124
1578             23        0.33784
1579             23        0.35326
1580             23        0.36877
1581             23        0.38508
1582             23        0.40127
1583             23        0.41652
1584             23        0.43288
1585             23        0.44896
1586             23        0.46559
1587             23        0.48193
1588             23        0.49774
1589             23        0.51291
1590             23        0.52828
1591             23        0.54306
1592             23        0.55859
1593             23        0.57487
1594             23        0.59102
1595             23        0.60687
1596             23        0.62292
1597             23        0.63905
1598             23        0.65478
1599             23        0.67071
1600             23        0.68674
1601             23        0.70214
1602             23        0.71719
1603             23        0.73312
1604             23        0.74883
1605             23        0.76466
1606             23        0.78081
1607             23        0.79745
1608             23         0.8141
1609             23        0.83027
1610             23        0.84654
1611             23        0.86006
1612             23        0.87453
1613             23        0.89094
1614             23        0.90712
1615             23        0.92186
1616             23        0.93833
1617             23        0.95114
1618             23        0.96755
1619             23        0.98365
1620    23     1
1473    24     0
1621             24        0.03373
1622             24        0.07146
1623             24        0.10896
1624             24        0.14604
1625             24        0.18319
1626             24        0.21954
1627             24        0.25602
1628             24        0.29466
1629             24        0.33213
1630             24        0.36915
1631             24        0.40769
1632             24        0.44622
1633             24        0.48072
1634             24        0.51655
1635             24        0.55124
1636             24        0.58579
1637             24        0.62377
1638             24        0.65789
1639             24        0.69574
1640             24         0.7333
1641             24        0.77203
1642             24        0.81012
1643             24        0.84822
1644             24        0.88505
1645             24        0.92347
1646             24        0.96184
1647    24     1
75  25   0
1648             25        0.07791
1649             25        0.16259
1650             25        0.24679
1651             25        0.33135
1652             25        0.41369
1653             25        0.49569
1654             25        0.58028
1655             25        0.66494
1656             25        0.74908
1657             25         0.8334
1658             25        0.91801
1659    25     1
1659    26     0
1660             26         0.0426
1661             26         0.0886
1662             26        0.13412
1663             26        0.17665
1664             26        0.22208
1665             26        0.26818
1666             26        0.31429
1667             26        0.36038
1668             26        0.40602
1669             26        0.45137
1670             26        0.49728
1671             26        0.54337
1672             26        0.58892
1673             26         0.6349
1674             26        0.68087
1675             26        0.72684
1676             26        0.77279
1677             26        0.81863
1678             26        0.86449
1679             26         0.9106
1680             26        0.95651
1681    26     1
1659    27     0
1682             27        0.14107
1683             27        0.28614
1684             27        0.43551
1685             27        0.58338
1686             27        0.73123
1687             27        0.88063
1688    27     1
73  28   0
1689             28        0.05415
1690             28         0.1018
1691             28        0.14985
1692             28        0.19773
1693             28        0.24561
1694             28        0.29336
1695             28        0.34138
1696             28        0.38915
1697             28        0.43561
1698             28        0.48279
1699             28         0.5308
1700             28         0.5789
1701             28         0.6266
1702             28        0.67452
1703             28        0.72222
1704             28         0.7702
1705             28        0.81758
1706             28        0.86553
1707             28         0.9135
1708             28         0.9616
1709    28     1
1709    29     0
1710             29         0.0498
1711             29        0.10034
1712             29        0.15137
1713             29        0.20214
1714             29         0.2525
1715             29        0.30343
1716             29        0.35436
1717             29        0.40514
1718             29        0.45592
1719             29        0.50648
1720             29        0.55668
1721             29        0.60758
1722             29        0.65833
1723             29        0.70923
1724             29        0.76027
1725             29         0.8104
1726             29        0.85297
1727             29        0.90281
1728             29        0.95093
1729    29     1
1729    30     0
1730             30        0.01336
1731             30        0.02621
1732             30        0.03938
1733             30        0.05263
1734             30        0.06591
1735             30        0.07906
1736             30        0.09234
1737             30        0.10562
1738             30        0.11839
1739             30        0.13079
1740             30        0.14406
1741             30        0.15724
1742             30        0.17045
1743             30        0.18341
1744             30        0.19608
1745             30        0.20888
1746             30        0.22194
1747             30        0.23512
1748             30        0.24806
1749             30        0.26125
1750             30         0.2743
1751             30        0.28754
1752             30        0.30075
1753             30        0.31398
1754             30        0.32713
1755             30        0.34028
1756             30        0.35302
1757             30        0.36618
1758             30        0.37863
1759             30        0.39172
1760             30        0.40474
1761             30        0.41704
1762             30        0.43022
1763             30        0.44313
1764             30        0.45513
1765             30        0.46826
1766             30         0.4815
1767             30        0.49467
1768             30        0.50707
1769             30        0.52024
1770             30        0.53302
1771             30        0.54614
1772             30        0.55938
1773             30        0.57266
1774             30        0.58591
1775             30        0.59882
1776             30        0.61151
1777             30        0.62463
1778             30        0.63781
1779             30        0.65037
1780             30        0.66291
1781             30         0.6758
1782             30        0.68901
1783             30          0.702
1784             30        0.71507
1785             30         0.7283
1786             30        0.74142
1787             30        0.75453
1788             30        0.76719
1789             30        0.77908
1790             30        0.79236
1791             30        0.80453
1792             30         0.8175
1793             30        0.83062
1794             30        0.84366
1795             30        0.85652
1796             30        0.86974
1797             30        0.88284
1798             30        0.89571
1799             30         0.9084
1800             30        0.92117
1801             30        0.93396
1802             30        0.94718
1803             30        0.96038
1804             30        0.97345
1805             30        0.98673
1806    30     1
1729    31     0
1807             31        0.02749
1808             31        0.05392
1809             31        0.08105
1810             31        0.10821
1811             31        0.13552
1812             31        0.16286
1813             31        0.19002
1814             31        0.21712
1815             31        0.24387
1816             31        0.27095
1817             31        0.29805
1818             31        0.32439
1819             31         0.3517
1820             31        0.37881
1821             31        0.40587
1822             31        0.43305
1823             31        0.46032
1824             31        0.48765
1825             31        0.51494
1826             31        0.54193
1827             31        0.56903
1828             31        0.59635
1829             31        0.62359
1830             31        0.65095
1831             31        0.67734
1832             31        0.70452
1833             31        0.73071
1834             31        0.75745
1835             31        0.78471
1836             31        0.81179
1837             31        0.83903
1838             31        0.86635
1839             31        0.89305
1840             31        0.92034
1841             31        0.94552
1842             31        0.97264
1843    31     1
1709    32     0
1844             32        0.01256
1845             32        0.02527
1846             32        0.03797
1847             32        0.05034
1848             32        0.06291
1849             32        0.07525
1850             32        0.08786
1851             32        0.09975
1852             32        0.11195
1853             32        0.12452
1854             32         0.1371
1855             32        0.14962
1856             32        0.16227
1857             32         0.1749
1858             32        0.18754
1859             32        0.19998
1860             32        0.21225
1861             32         0.2231
1862             32        0.23553
1863             32        0.24757
1864             32         0.2601
1865             32        0.27217
1866             32        0.28431
1867             32        0.29653
1868             32        0.30908
1869             32        0.32166
1870             32        0.33426
1871             32        0.34656
1872             32        0.35861
1873             32        0.36951
1874             32        0.38043
1875             32        0.39286
1876             32        0.40522
1877             32        0.41766
1878             32         0.4303
1879             32        0.44268
1880             32        0.45533
1881             32        0.46782
1882             32        0.48023
1883             32        0.49282
1884             32        0.50552
1885             32         0.5181
1886             32        0.53058
1887             32        0.54259
1888             32        0.55479
1889             32        0.56717
1890             32        0.57986
1891             32        0.59228
1892             32        0.60481
1893             32        0.61726
1894             32        0.62996
1895             32        0.64262
1896             32        0.65521
1897             32        0.66777
1898             32        0.68039
1899             32        0.69188
1900             32        0.70426
1901             32        0.71661
1902             32        0.72931
1903             32        0.74198
1904             32        0.75463
1905             32         0.7673
1906             32        0.77998
1907             32        0.79257
1908             32        0.80479
1909             32        0.81657
1910             32        0.82875
1911             32        0.84042
1912             32        0.85307
1913             32        0.86567
1914             32        0.87838
1915             32        0.89066
1916             32         0.9031
1917             32        0.91543
1918             32        0.92768
1919             32        0.93933
1920             32        0.95196
1921             32        0.96446
1922             32        0.97703
1923             32        0.98941
1924    32     1
70  33   0
1925             33        0.11416
1926             33        0.20491
1927             33        0.29571
1928             33        0.38071
1929             33        0.47091
1930             33        0.56212
1931             33        0.65351
1932             33        0.74505
1933             33        0.83633
1934             33        0.92706
1935    33     1
1935    34     0
1936             34        0.36489
1937             34        0.71422
1938    34     1
1938    35     0
1939             35        0.05439
1940             35        0.10365
1941             35        0.15379
1942             35        0.20399
1943             35         0.2534
1944             35        0.30154
1945             35        0.35122
1946             35        0.40135
1947             35        0.45151
1948             35        0.50146
1949             35        0.55156
1950             35        0.60143
1951             35        0.65122
1952             35        0.70144
1953             35        0.75161
1954             35        0.80172
1955             35        0.85149
1956             35        0.90044
1957             35        0.95048
1958    35     1
1958    36     0
1959             36        0.01074
1960             36        0.02153
1961             36        0.03225
1962             36        0.04292
1963             36        0.05367
1964             36        0.06442
1965             36        0.07515
1966             36         0.0858
1967             36        0.09656
1968             36         0.1073
1969             36        0.11807
1970             36        0.12867
1971             36        0.13944
1972             36        0.15011
1973             36        0.16089
1974             36        0.17156
1975             36        0.18199
1976             36        0.19277
1977             36        0.20355
1978             36        0.21432
1979             36        0.22497
1980             36        0.23575
1981             36        0.24643
1982             36         0.2572
1983             36        0.26793
1984             36        0.27828
1985             36        0.28897
1986             36        0.29971
1987             36        0.31028
1988             36        0.32104
1989             36        0.33174
1990             36        0.34253
1991             36        0.35322
1992             36         0.3639
1993             36        0.37435
1994             36        0.38449
1995             36        0.39495
1996             36        0.40542
1997             36        0.41617
1998             36         0.4269
1999             36        0.43742
2000             36        0.44802
2001             36        0.45874
2002             36        0.46913
2003             36        0.47984
2004             36        0.49059
2005             36        0.50106
2006             36        0.51152
2007             36        0.52188
2008             36        0.53262
2009             36         0.5434
2010             36        0.55412
2011             36         0.5647
2012             36        0.57402
2013             36         0.5842
2014             36        0.59431
2015             36         0.6051
2016             36         0.6158
2017             36        0.62643
2018             36        0.63715
2019             36        0.64793
2020             36        0.65871
2021             36        0.66948
2022             36        0.68026
2023             36        0.69082
2024             36        0.70157
2025             36        0.71232
2026             36        0.72308
2027             36        0.73385
2028             36        0.74463
2029             36        0.75541
2030             36        0.76617
2031             36        0.77688
2032             36        0.78747
2033             36        0.79775
2034             36        0.80833
2035             36        0.81905
2036             36        0.82975
2037             36        0.84013
2038             36        0.85092
2039             36        0.86152
2040             36        0.87182
2041             36        0.88249
2042             36        0.89326
2043             36        0.90401
2044             36        0.91476
2045             36        0.92551
2046             36        0.93626
2047             36        0.94696
2048             36        0.95742
2049             36        0.96809
2050             36        0.97878
2051             36        0.98948
2052    36     1
1958    37     0
2053             37        0.01443
2054             37        0.02875
2055             37        0.04296
2056             37        0.05662
2057             37        0.07063
2058             37        0.08449
2059             37        0.09882
2060             37        0.11323
2061             37        0.12745
2062             37        0.14179
2063             37        0.15613
2064             37        0.17057
2065             37        0.18376
2066             37        0.19767
2067             37        0.21193
2068             37        0.22622
2069             37        0.24065
2070             37        0.25449
2071             37        0.26859
2072             37        0.28194
2073             37        0.29612
2074             37        0.31041
2075             37        0.32475
2076             37         0.3391
2077             37        0.35321
2078             37        0.36748
2079             37        0.38148
2080             37         0.3959
2081             37        0.40958
2082             37         0.4235
2083             37        0.43773
2084             37        0.45165
2085             37        0.46555
2086             37        0.47977
2087             37        0.49313
2088             37         0.5075
2089             37        0.52191
2090             37        0.53628
2091             37        0.55058
2092             37        0.56464
2093             37        0.57882
2094             37        0.59317
2095             37        0.60743
2096             37        0.62119
2097             37        0.63367
2098             37        0.64639
2099             37        0.65884
2100             37        0.66886
2101             37        0.68272
2102             37        0.69556
2103             37        0.70984
2104             37        0.72421
2105             37         0.7385
2106             37        0.75207
2107             37        0.76633
2108             37         0.7801
2109             37        0.79435
2110             37        0.80744
2111             37        0.82058
2112             37        0.83411
2113             37        0.84851
2114             37        0.86274
2115             37        0.87669
2116             37        0.88997
2117             37        0.90343
2118             37         0.9173
2119             37        0.93072
2120             37        0.94422
2121             37        0.95811
2122             37        0.97186
2123             37        0.98583
2124    37     1
1938    38     0
2125             38        0.01483
2126             38        0.02745
2127             38        0.04111
2128             38        0.05445
2129             38        0.06809
2130             38        0.08154
2131             38        0.09522
2132             38        0.10869
2133             38        0.12152
2134             38        0.13516
2135             38        0.14817
2136             38        0.16153
2137             38        0.17523
2138             38        0.18883
2139             38         0.2025
2140             38        0.21602
2141             38        0.22957
2142             38        0.24242
2143             38        0.25558
2144             38        0.26918
2145             38        0.28227
2146             38        0.29573
2147             38        0.30866
2148             38        0.32128
2149             38        0.33427
2150             38        0.34795
2151             38        0.36103
2152             38        0.37431
2153             38        0.38791
2154             38        0.40086
2155             38        0.41434
2156             38        0.42778
2157             38        0.44141
2158             38        0.45488
2159             38        0.46814
2160             38        0.48054
2161             38        0.49388
2162             38        0.50633
2163             38        0.51938
2164             38        0.53182
2165             38        0.54541
2166             38        0.55847
2167             38         0.5714
2168             38        0.58474
2169             38        0.59831
2170             38        0.61194
2171             38        0.62541
2172             38        0.63908
2173             38        0.65274
2174             38        0.66633
2175             38        0.68001
2176             38        0.69369
2177             38        0.70664
2178             38        0.71983
2179             38        0.73298
2180             38        0.74647
2181             38        0.75962
2182             38        0.77317
2183             38        0.78606
2184             38        0.79891
2185             38        0.81223
2186             38        0.82519
2187             38         0.8385
2188             38          0.852
2189             38        0.86543
2190             38        0.87906
2191             38        0.89268
2192             38        0.90631
2193             38        0.92002
2194             38        0.93343
2195             38        0.94613
2196             38        0.95966
2197             38        0.97317
2198             38        0.98645
2199    38     1
2199    39     0
2200             39        0.03384
2201             39         0.0657
2202             39        0.09531
2203             39        0.12903
2204             39        0.16281
2205             39        0.19552
2206             39        0.22667
2207             39        0.26113
2208             39        0.29337
2209             39        0.32784
2210             39        0.36231
2211             39        0.39654
2212             39        0.43056
2213             39        0.46456
2214             39        0.49876
2215             39        0.53322
2216             39        0.56747
2217             39        0.60157
2218             39          0.634
2219             39        0.66576
2220             39        0.69916
2221             39        0.73244
2222             39        0.76634
2223             39         0.8001
2224             39        0.83416
2225             39         0.8674
2226             39        0.90161
2227             39        0.93585
2228             39        0.96944
2229    39     1
2199    40     0
2230             40        0.04229
2231             40        0.08423
2232             40         0.1259
2233             40        0.16673
2234             40        0.20777
2235             40        0.24977
2236             40        0.29019
2237             40         0.3302
2238             40        0.36885
2239             40        0.40994
2240             40        0.45112
2241             40        0.49239
2242             40        0.52992
2243             40        0.56827
2244             40        0.60631
2245             40        0.64386
2246             40        0.68596
2247             40        0.72807
2248             40         0.7641
2249             40         0.7925
2250             40        0.83463
2251             40        0.87524
2252             40        0.91672
2253             40        0.95793
2254    40     1
1935    41     0
2255             41        0.02021
2256             41        0.03725
2257             41         0.0554
2258             41        0.07371
2259             41        0.09179
2260             41        0.11011
2261             41        0.12707
2262             41        0.14535
2263             41        0.16378
2264             41        0.18202
2265             41         0.2001
2266             41        0.21735
2267             41         0.2336
2268             41          0.252
2269             41        0.26922
2270             41         0.2867
2271             41        0.30499
2272             41        0.32334
2273             41        0.34195
2274             41        0.35908
2275             41        0.37769
2276             41        0.39505
2277             41        0.41361
2278             41        0.43142
2279             41        0.44652
2280             41        0.46426
2281             41        0.48173
2282             41        0.49903
2283             41        0.51671
2284             41        0.53394
2285             41        0.55168
2286             41        0.56943
2287             41         0.5872
2288             41        0.60532
2289             41        0.62312
2290             41        0.64038
2291             41        0.65834
2292             41        0.67619
2293             41        0.69357
2294             41        0.71123
2295             41        0.72933
2296             41        0.74782
2297             41        0.76617
2298             41        0.78328
2299             41        0.80164
2300             41        0.81976
2301             41        0.83796
2302             41        0.85641
2303             41        0.87477
2304             41        0.89286
2305             41        0.91096
2306             41        0.92799
2307             41        0.94517
2308             41        0.96376
2309             41        0.98173
2310    41     1
68  42   0
2311             42        0.07915
2312             42        0.14725
2313             42        0.21516
2314             42        0.28294
2315             42        0.35023
2316             42         0.4142
2317             42        0.48218
2318             42        0.54019
2319             42        0.60449
2320             42        0.66725
2321             42         0.7341
2322             42        0.80218
2323             42        0.86965
2324             42        0.93761
2325    42     1
2325    43     0
2326             43        0.49631
2327    43     1
2327    44     0
2328             44        0.00781
2329             44        0.01947
2330             44        0.03121
2331             44        0.04238
2332             44        0.05451
2333             44        0.06648
2334             44        0.07828
2335             44        0.09002
2336             44        0.10065
2337             44        0.11266
2338             44        0.12481
2339             44        0.13704
2340             44        0.14911
2341             44        0.16121
2342             44        0.17342
2343             44        0.18565
2344             44         0.1979
2345             44        0.20978
2346             44        0.22147
2347             44        0.23202
2348             44        0.24405
2349             44        0.25559
2350             44        0.26733
2351             44        0.27919
2352             44        0.29019
2353             44        0.30201
2354             44        0.31426
2355             44        0.32643
2356             44        0.33829
2357             44        0.35012
2358             44        0.36228
2359             44          0.374
2360             44        0.38559
2361             44        0.39704
2362             44        0.40884
2363             44        0.42081
2364             44        0.43303
2365             44        0.44522
2366             44        0.45692
2367             44        0.46914
2368             44         0.4813
2369             44        0.49322
2370             44        0.50525
2371             44        0.51735
2372             44        0.52941
2373             44        0.54113
2374             44        0.55338
2375             44        0.56554
2376             44        0.57778
2377             44        0.58986
2378             44        0.60116
2379             44        0.61328
2380             44        0.62463
2381             44        0.63671
2382             44        0.64865
2383             44        0.66039
2384             44        0.67254
2385             44        0.68451
2386             44        0.69676
2387             44        0.70874
2388             44        0.72034
2389             44        0.73226
2390             44        0.74411
2391             44         0.7559
2392             44        0.76659
2393             44        0.77837
2394             44        0.79055
2395             44        0.80204
2396             44        0.81195
2397             44        0.82217
2398             44         0.8331
2399             44        0.84505
2400             44        0.85671
2401             44        0.86866
2402             44        0.87984
2403             44        0.89195
2404             44        0.90395
2405             44        0.91606
2406             44        0.92802
2407             44        0.94019
2408             44        0.95222
2409             44        0.96388
2410             44        0.97563
2411             44        0.98787
2412    44     1
2327    45     0
2413             45        0.19795
2414             45        0.39626
2415             45         0.5968
2416             45        0.80047
2417    45     1
2417    46     0
2418             46        0.06791
2419             46        0.13131
2420             46        0.19359
2421             46        0.26088
2422             46        0.32782
2423             46        0.39575
2424             46        0.46325
2425             46        0.53099
2426             46        0.59772
2427             46        0.66515
2428             46        0.73179
2429             46        0.79705
2430             46        0.86484
2431             46        0.93215
2432    46     1
2417    47     0
2433             47        0.09193
2434             47        0.18551
2435             47        0.27743
2436             47        0.36813
2437             47        0.46126
2438             47        0.55105
2439             47        0.64421
2440             47        0.73731
2441             47        0.83079
2442             47        0.92477
2443    47     1
2325    48     0
2444             48        0.01154
2445             48        0.02364
2446             48        0.03539
2447             48        0.04729
2448             48        0.05927
2449             48        0.07134
2450             48        0.08342
2451             48        0.09545
2452             48        0.10753
2453             48        0.11952
2454             48        0.13145
2455             48        0.14344
2456             48        0.15552
2457             48        0.16743
2458             48        0.17942
2459             48        0.19144
2460             48        0.20342
2461             48        0.21543
2462             48        0.22747
2463             48        0.23939
2464             48        0.25149
2465             48        0.26338
2466             48        0.27536
2467             48        0.28735
2468             48        0.29939
2469             48        0.31147
2470             48        0.32328
2471             48          0.335
2472             48        0.34619
2473             48        0.35719
2474             48        0.36841
2475             48        0.38047
2476             48        0.39252
2477             48        0.40449
2478             48        0.41657
2479             48        0.42863
2480             48        0.44072
2481             48         0.4528
2482             48         0.4647
2483             48        0.47666
2484             48        0.48857
2485             48        0.50048
2486             48        0.51247
2487             48        0.52449
2488             48        0.53637
2489             48        0.54844
2490             48         0.5601
2491             48        0.57178
2492             48        0.58382
2493             48        0.59577
2494             48        0.60745
2495             48        0.61923
2496             48        0.62973
2497             48         0.6417
2498             48        0.65303
2499             48        0.66484
2500             48        0.67688
2501             48        0.68875
2502             48        0.70075
2503             48        0.71193
2504             48        0.72321
2505             48        0.73378
2506             48        0.74446
2507             48        0.75655
2508             48        0.76851
2509             48        0.78042
2510             48        0.79175
2511             48        0.80309
2512             48        0.81512
2513             48        0.82696
2514             48        0.83895
2515             48        0.85103
2516             48        0.86281
2517             48        0.87479
2518             48        0.88673
2519             48        0.89864
2520             48        0.90995
2521             48        0.92179
2522             48        0.93386
2523             48        0.94566
2524             48        0.95714
2525             48        0.96917
2526             48        0.98107
2527             48        0.99309
2528    48     1
68  49   0
2529             49        0.06608
2530             49        0.13864
2531             49         0.2112
2532             49         0.2789
2533             49        0.35138
2534             49        0.42346
2535             49        0.49592
2536             49          0.568
2537             49        0.64024
2538             49        0.71274
2539             49        0.78491
2540             49        0.85536
2541             49        0.92761
2542    49     1
60  50   0
2543             50        0.10558
2544             50        0.22185
2545             50         0.3385
2546             50         0.4534
2547             50         0.5654
2548             50        0.67079
2549             50        0.78124
2550             50        0.89662
2551    50     1
2551    51     0
2552             51        0.04929
2553             51        0.09962
2554             51        0.14883
2555             51        0.19868
2556             51        0.24856
2557             51        0.29866
2558             51        0.34904
2559             51        0.39909
2560             51        0.44945
2561             51         0.4998
2562             51        0.55006
2563             51        0.59944
2564             51        0.64969
2565             51        0.69968
2566             51        0.75002
2567             51        0.80035
2568             51         0.8502
2569             51        0.90054
2570             51        0.95085
2571    51     1
2571    52     0
2572             52        0.01205
2573             52         0.0216
2574             52        0.03235
2575             52        0.04416
2576             52        0.05608
2577             52        0.06794
2578             52         0.0797
2579             52        0.09151
2580             52        0.10344
2581             52        0.11534
2582             52        0.12722
2583             52        0.13915
2584             52        0.15096
2585             52        0.16268
2586             52        0.17411
2587             52        0.18606
2588             52        0.19754
2589             52         0.2095
2590             52        0.22136
2591             52        0.23325
2592             52        0.24496
2593             52        0.25672
2594             52        0.26863
2595             52        0.28037
2596             52        0.29217
2597             52        0.30389
2598             52        0.31576
2599             52        0.32759
2600             52        0.33922
2601             52        0.35117
2602             52        0.36312
2603             52        0.37494
2604             52        0.38691
2605             52        0.39878
2606             52         0.4101
2607             52        0.42205
2608             52        0.43373
2609             52        0.44554
2610             52        0.45737
2611             52        0.46814
2612             52        0.47994
2613             52        0.49177
2614             52        0.50374
2615             52        0.51562
2616             52        0.52728
2617             52        0.53923
2618             52         0.5512
2619             52        0.56301
2620             52        0.57466
2621             52        0.58644
2622             52         0.5982
2623             52        0.60952
2624             52        0.62091
2625             52        0.63291
2626             52        0.64443
2627             52        0.65611
2628             52        0.66611
2629             52        0.67761
2630             52        0.68948
2631             52        0.70116
2632             52        0.71306
2633             52        0.72494
2634             52        0.73651
2635             52        0.74797
2636             52        0.75843
2637             52        0.76639
2638             52        0.77742
2639             52        0.78933
2640             52         0.8006
2641             52        0.81246
2642             52         0.8234
2643             52        0.83506
2644             52        0.84647
2645             52        0.85819
2646             52        0.87004
2647             52        0.88203
2648             52        0.89381
2649             52        0.90536
2650             52        0.91718
2651             52        0.92907
2652             52         0.9407
2653             52        0.95253
2654             52        0.96446
2655             52        0.97637
2656             52         0.9881
2657    52     1
2571    53     0
2658             53          0.039
2659             53         0.0773
2660             53        0.11412
2661             53        0.15241
2662             53        0.19128
2663             53        0.23044
2664             53        0.26858
2665             53        0.30754
2666             53        0.34641
2667             53        0.38308
2668             53        0.41904
2669             53        0.45792
2670             53         0.4968
2671             53        0.53186
2672             53        0.57072
2673             53        0.60844
2674             53        0.64771
2675             53        0.68707
2676             53        0.72642
2677             53        0.76574
2678             53        0.80464
2679             53        0.84366
2680             53        0.88225
2681             53        0.92147
2682             53        0.96081
2683    53     1
2551    54     0
2684             54        0.34619
2685             54        0.68786
2686    54     1
2686    55     0
2687             55         0.0424
2688             55        0.08969
2689             55        0.13799
2690             55        0.18622
2691             55        0.23446
2692             55         0.2826
2693             55        0.33082
2694             55        0.37836
2695             55         0.4267
2696             55        0.47495
2697             55        0.52329
2698             55        0.57122
2699             55        0.61939
2700             55        0.66745
2701             55        0.71488
2702             55        0.76293
2703             55        0.81105
2704             55        0.85898
2705             55        0.90579
2706             55        0.95286
2707    55     1
2707    56     0
2708             56        0.09699
2709             56        0.19813
2710             56        0.29927
2711             56        0.40039
2712             56        0.50054
2713             56        0.60027
2714             56        0.70024
2715             56        0.80117
2716             56        0.90181
2717    56     1
2707    57     0
2718             57        0.09979
2719             57        0.22871
2720             57        0.35478
2721             57        0.47088
2722             57        0.60505
2723             57        0.73882
2724             57        0.87282
2725    57     1
2686    58     0
2726             58        0.13062
2727             58        0.27906
2728             58        0.42743
2729             58        0.57217
2730             58        0.71746
2731             58        0.85192
2732    58     1
56  59   0
2733             59        0.35867
2734             59        0.72602
2735    59     1
2735    60     0
2736             60        0.55408
2737    60     1
2735    61     0
2738    61     1
5  1  0
2739              1           0.25
2740              1            0.5
2741              1           0.75
2742     1     1
